#Insight Transform File V1.0
#Transform 0
Transform: AffineTransform_float_3_3
Parameters: 1 -1.95776e-07 0.000304 -1.95776e-07 1 0.000644 -0.000304 -0.000644 0.999999 -0.0111417 -0.0191664 0.366689
FixedParameters: 0 0 0

#Transform 1
Transform: AffineTransform_float_3_3
Parameters: 1 0.000214671 -0.000210317 -0.00021433 0.999995 0.00318604 0.000210684 -0.00318595 0.999995 -0.023934 -0.0022156 0.0141426
FixedParameters: 0 0 0

#Transform 2
Transform: AffineTransform_float_3_3
Parameters: 1 -0.000141482 -0.000452163 0.000142518 1 0.00114694 0.000451837 -0.00114606 0.999999 -0.0266218 0.213164 -0.205315
FixedParameters: 0 0 0

#Transform 3
Transform: AffineTransform_float_3_3
Parameters: 1 -0.000481898 -4.80347e-05 0.000482102 0.999997 0.00214698 4.6965e-05 -0.00214702 0.999997 -0.00889793 -0.185287 -0.113875
FixedParameters: 0 0 0

#Transform 4
Transform: AffineTransform_float_3_3
Parameters: 1 -0.000356486 0.000309441 0.000355513 0.999998 0.00156811 -0.000310558 -0.00156889 0.999998 -0.0176698 0.0832123 -0.138797
FixedParameters: 0 0 0

#Transform 5
Transform: AffineTransform_float_3_3
Parameters: 1 -0.000169596 0.000309674 0.000169403 0.999998 0.00192405 -0.000310327 -0.00192395 0.999998 -0.0186082 0.0213239 -0.109878
FixedParameters: 0 0 0

#Transform 6
Transform: AffineTransform_float_3_3
Parameters: 0.999999 0.000197154 0.000749487 -0.000198847 0.999997 0.00246285 -0.000749512 -0.00246315 0.999996 -0.0249871 0.105784 -0.125616
FixedParameters: 0 0 0

#Transform 7
Transform: AffineTransform_float_3_3
Parameters: 0.999999 0.000402514 0.000749799 -0.000403485 0.999998 0.0019817 -0.000749201 -0.0019823 0.999998 -0.0139269 0.0162898 -0.126219
FixedParameters: 0 0 0

#Transform 8
Transform: AffineTransform_float_3_3
Parameters: 0.999999 -3.15864e-06 0.000987995 -1.58654e-07 0.999995 0.003197 -0.000988004 -0.003197 0.999995 -0.00953366 0.104848 -0.170683
FixedParameters: 0 0 0

#Transform 9
Transform: AffineTransform_float_3_3
Parameters: 0.999999 -1.97811e-06 0.000748997 2.1883e-08 0.999996 0.002641 -0.000749003 -0.002641 0.999996 0.00101611 -0.0679557 -0.141325
FixedParameters: 0 0 0

#Transform 10
Transform: AffineTransform_float_3_3
Parameters: 1 8.34115e-05 0.000643208 -8.45879e-05 0.999997 0.00246995 -0.000642793 -0.00247005 0.999996 0.00750605 -0.0330322 -0.108206
FixedParameters: 0 0 0

#Transform 11
Transform: AffineTransform_float_3_3
Parameters: 0.999999 -1.97436e-06 0.000748997 2.5628e-08 0.999996 0.002636 -0.000749003 -0.002636 0.999996 0.00585632 -0.0181842 -0.090314
FixedParameters: 0 0 0

#Transform 12
Transform: AffineTransform_float_3_3
Parameters: 0.999999 -2.19382e-06 0.000748997 -1.93831e-07 0.999995 0.002929 -0.000749003 -0.002929 0.999996 0.0127513 0.0508314 -0.119701
FixedParameters: 0 0 0

#Transform 13
Transform: AffineTransform_float_3_3
Parameters: 0.999999 -1.9856e-06 0.000748997 1.4393e-08 0.999997 0.002651 -0.000749003 -0.002651 0.999996 0.0100912 0.0241381 -0.11848
FixedParameters: 0 0 0

#Transform 14
Transform: AffineTransform_float_3_3
Parameters: 0.999999 0.000168396 0.000810546 -0.000170606 0.999995 0.00321386 -0.000810456 -0.00321414 0.999995 0.00282739 0.050142 -0.124277
FixedParameters: 0 0 0

#Transform 15
Transform: AffineTransform_float_3_3
Parameters: 1 0.000229819 0.000434627 -0.000231182 0.999997 0.0027199 -0.000434373 -0.0027201 0.999996 0.0141421 -0.0552949 -0.0756117
FixedParameters: 0 0 0

#Transform 16
Transform: AffineTransform_float_3_3
Parameters: 1 0.00039862 0.000512077 -0.00040038 0.999997 0.0026978 -0.000510922 -0.00269821 0.999996 0.000526761 0.0391915 -0.0550857
FixedParameters: 0 0 0

#Transform 17
Transform: AffineTransform_float_3_3
Parameters: 0.999999 0.000631406 0.000743211 -0.000634592 0.999993 0.00349453 -0.000740786 -0.00349447 0.999993 -0.00744309 -0.175917 0.0238409
FixedParameters: 0 0 0

#Transform 18
Transform: AffineTransform_float_3_3
Parameters: 1 9.13942e-05 -0.000951681 -8.86081e-05 0.999993 0.00356609 0.000951323 -0.00356591 0.999993 0.0601887 0.194737 -0.0222524
FixedParameters: 0 0 0

#Transform 19
Transform: AffineTransform_float_3_3
Parameters: 1 6.54453e-05 -0.000141795 -6.45541e-05 0.999995 0.00313801 0.000142203 -0.00313799 0.999995 0.0232929 -0.172766 -0.0236458
FixedParameters: 0 0 0

#Transform 20
Transform: AffineTransform_float_3_3
Parameters: 1 -7.88407e-06 0.000299978 7.11586e-06 0.999995 0.002947 -0.000300022 -0.002947 0.999995 0.00995518 0.0197794 -0.026018
FixedParameters: 0 0 0

#Transform 21
Transform: AffineTransform_float_3_3
Parameters: 1 -9.35991e-06 0.000654971 6.63997e-06 0.999993 0.003603 -0.000655028 -0.00360299 0.999994 -0.0083164 -0.153162 0.0156874
FixedParameters: 0 0 0

#Transform 22
Transform: AffineTransform_float_3_3
Parameters: 1 -0.000280125 0.000917051 0.000277875 0.999994 0.00340626 -0.000917952 -0.00340574 0.999994 0.00410474 -0.0691842 0.0128944
FixedParameters: 0 0 0

#Transform 23
Transform: AffineTransform_float_3_3
Parameters: 0.999998 0.000376493 0.00167425 -0.000381505 0.999994 0.00328937 -0.00167275 -0.00329063 0.999993 -0.0230302 0.081191 -0.0445532
FixedParameters: 0 0 0

#Transform 24
Transform: AffineTransform_float_3_3
Parameters: 0.999999 -0.000332998 0.00141006 0.000329001 0.999996 0.00283547 -0.00141094 -0.00283453 0.999995 0.00784541 -0.0637742 -0.0374042
FixedParameters: 0 0 0

#Transform 25
Transform: AffineTransform_float_3_3
Parameters: 0.999999 3.93908e-05 0.00146622 -4.76132e-05 0.999987 0.00518994 -0.00146677 -0.00519007 0.999986 0.00321009 0.169617 -0.00267579
FixedParameters: 0 0 0

#Transform 26
Transform: AffineTransform_float_3_3
Parameters: 0.999997 -0.000443883 0.00213197 0.000434117 0.999989 0.00463394 -0.00213403 -0.00463306 0.999987 -0.00552174 -0.277725 0.0571869
FixedParameters: 0 0 0

#Transform 27
Transform: AffineTransform_float_3_3
Parameters: 0.999997 -0.000480939 0.00207117 0.000473062 0.999993 0.00383199 -0.00207283 -0.00383101 0.99999 -0.0118531 -0.089925 0.111784
FixedParameters: 0 0 0

#Transform 28
Transform: AffineTransform_float_3_3
Parameters: 0.999998 -0.000358002 0.00198457 0.000350001 0.999992 0.0040307 -0.00198543 -0.0040303 0.99999 -0.0236544 -0.00372975 0.107968
FixedParameters: 0 0 0

#Transform 29
Transform: AffineTransform_float_3_3
Parameters: 0.999998 -0.000147312 0.00232749 0.000139685 0.999993 0.00357133 -0.00232851 -0.00357067 0.999991 -0.0469871 -0.205549 0.0559513
FixedParameters: 0 0 0

#Transform 30
Transform: AffineTransform_float_3_3
Parameters: 0.999999 -4.38345e-05 0.00126973 3.51705e-05 0.999976 0.00695705 -0.00126928 -0.00695695 0.999975 0.02013 0.0613558 0.21135
FixedParameters: 0 0 0

#Transform 31
Transform: AffineTransform_float_3_3
Parameters: 0.999998 -0.000249594 0.00190177 0.000232403 0.999957 0.00924646 -0.00190423 -0.00924554 0.999955 0.0187527 -0.40908 0.332625
FixedParameters: 0 0 0

#Transform 32
Transform: AffineTransform_float_3_3
Parameters: 0.999998 -0.000524818 0.00195961 0.000512185 0.999978 0.00653601 -0.00196239 -0.00653498 0.999976 0.00972656 -0.0668704 0.22311
FixedParameters: 0 0 0

#Transform 33
Transform: AffineTransform_float_3_3
Parameters: 0.999998 -0.00105021 0.00169116 0.00104479 0.999992 0.00367077 -0.00169485 -0.00366923 0.999992 0.000648193 -0.109526 0.00612277
FixedParameters: 0 0 0

#Transform 34
Transform: AffineTransform_float_3_3
Parameters: 0.999997 -0.0013776 0.00199879 0.0013704 0.999992 0.00379675 -0.00200422 -0.00379425 0.999991 0.007052 0.00504449 -0.0362733
FixedParameters: 0 0 0

#Transform 35
Transform: AffineTransform_float_3_3
Parameters: 0.999996 -0.00124543 0.00245124 0.00123757 0.999994 0.00303005 -0.00245476 -0.00302695 0.999993 -0.0111331 0.180835 -0.0996719
FixedParameters: 0 0 0

#Transform 36
Transform: AffineTransform_float_3_3
Parameters: 0.999997 -0.00127369 0.00206689 0.00126732 0.999994 0.00323363 -0.00207011 -0.00323137 0.999992 -0.0104663 -0.0248424 -0.154261
FixedParameters: 0 0 0

#Transform 37
Transform: AffineTransform_float_3_3
Parameters: 0.999996 -0.00102633 0.00236626 0.00101967 0.999996 0.00267642 -0.00236873 -0.00267358 0.999993 -0.0250618 0.157633 -0.155752
FixedParameters: 0 0 0

#Transform 38
Transform: AffineTransform_float_3_3
Parameters: 0.999998 -0.000887154 0.00170484 0.000882844 0.999996 0.00243651 -0.00170715 -0.00243449 0.999995 -0.0245564 0.0707418 -0.133325
FixedParameters: 0 0 0

#Transform 39
Transform: AffineTransform_float_3_3
Parameters: 0.999998 -0.00097704 0.00177478 0.000972959 0.999997 0.00227573 -0.00177722 -0.00227427 0.999996 -0.0208159 -0.0151406 -0.0987642
FixedParameters: 0 0 0

#Transform 40
Transform: AffineTransform_float_3_3
Parameters: 0.999999 -0.00103258 0.00146519 0.00102942 0.999998 0.00176151 -0.00146682 -0.00175949 0.999998 -0.012805 0.116493 -0.125927
FixedParameters: 0 0 0

#Transform 41
Transform: AffineTransform_float_3_3
Parameters: 0.999998 -0.00114407 0.00132435 0.00114192 0.999996 0.00232052 -0.00132665 -0.00231849 0.999997 -0.00468225 0.0321349 -0.108247
FixedParameters: 0 0 0

#Transform 42
Transform: AffineTransform_float_3_3
Parameters: 0.999998 -0.00121196 0.00107279 0.00121004 0.999997 0.0018223 -0.00107421 -0.0018207 0.999998 -0.00440087 0.176577 -0.12731
FixedParameters: 0 0 0

#Transform 43
Transform: AffineTransform_float_3_3
Parameters: 0.999999 -0.00122288 0.000954595 0.00122112 0.999998 0.00196817 -0.000956404 -0.00196683 0.999997 -0.00686448 0.0147369 -0.0997359
FixedParameters: 0 0 0

#Transform 44
Transform: AffineTransform_float_3_3
Parameters: 0.999999 -0.000795236 0.000955142 0.000793764 0.999997 0.00233976 -0.000956859 -0.00233824 0.999997 -0.0071046 0.15364 -0.0934678
FixedParameters: 0 0 0

#Transform 45
Transform: AffineTransform_float_3_3
Parameters: 0.999999 -0.00079478 0.000955522 0.000793221 0.999998 0.00186176 -0.000956478 -0.00186124 0.999998 -0.00707131 0.0234542 -0.0913263
FixedParameters: 0 0 0

#Transform 46
Transform: AffineTransform_float_3_3
Parameters: 0.999999 -0.00105084 0.000954975 0.00104916 0.999997 0.001929 -0.000957025 -0.00192799 0.999997 -0.006426 0.0658017 -0.0827386
FixedParameters: 0 0 0

#Transform 47
Transform: AffineTransform_float_3_3
Parameters: 0.999999 -0.000795057 0.000955293 0.000792945 0.999998 0.00215076 -0.000956708 -0.00215024 0.999997 -0.020848 0.201815 -0.071693
FixedParameters: 0 0 0

#Transform 48
Transform: AffineTransform_float_3_3
Parameters: 0.999999 -0.000794824 0.000955486 0.000793177 0.999998 0.00190776 -0.000956515 -0.00190724 0.999997 -0.0271137 -0.00285631 -0.0529129
FixedParameters: 0 0 0

#Transform 49
Transform: AffineTransform_float_3_3
Parameters: 0.999999 -0.00079447 0.00095578 0.000793529 0.999998 0.00153776 -0.000957222 -0.00153724 0.999999 -0.0131642 0.0608881 -0.0769543
FixedParameters: 0 0 0

#Transform 50
Transform: AffineTransform_float_3_3
Parameters: 0.999999 -0.000794764 0.000955536 0.000793237 0.999998 0.00184476 -0.000956465 -0.00184424 0.999998 -0.0181718 0.0821226 -0.0777398
FixedParameters: 0 0 0

#Transform 51
Transform: AffineTransform_float_3_3
Parameters: 1 -0.000794208 0.000818829 0.000793792 0.999998 0.00147565 -0.000819171 -0.00147435 0.999998 -0.0191389 0.0287551 -0.0675574
FixedParameters: 0 0 0

#Transform 52
Transform: AffineTransform_float_3_3
Parameters: 1 -0.000794532 0.000837549 0.000793469 0.999998 0.00182867 -0.000838452 -0.00182734 0.999998 -0.0100517 0.0841552 -0.0972466
FixedParameters: 0 0 0

#Transform 53
Transform: AffineTransform_float_3_3
Parameters: 0.999998 -0.00112002 0.00115705 0.00111798 0.999998 0.0017463 -0.00115895 -0.0017457 0.999998 -0.0118984 0.161534 -0.153924
FixedParameters: 0 0 0

#Transform 54
Transform: AffineTransform_float_3_3
Parameters: 0.999999 -0.00104207 0.000954743 0.00103993 0.999997 0.002169 -0.000957258 -0.00216801 0.999997 -0.0138071 0.0648322 -0.129652
FixedParameters: 0 0 0

#Transform 55
Transform: AffineTransform_float_3_3
Parameters: 0.999999 -0.000794838 0.000955474 0.000793163 0.999998 0.00192276 -0.000956526 -0.00192124 0.999997 -0.0208519 0.113995 -0.121373
FixedParameters: 0 0 0

#Transform 56
Transform: AffineTransform_float_3_3
Parameters: 0.999999 -0.000794743 0.00104968 0.000793257 0.999999 0.00165983 -0.00105132 -0.00165917 0.999998 -0.0295203 0.231056 -0.112811
FixedParameters: 0 0 0

#Transform 57
Transform: AffineTransform_float_3_3
Parameters: 0.999999 -0.000794883 0.00102154 0.000793118 0.999998 0.00184281 -0.00102246 -0.00184119 0.999998 -0.0287103 0.0661529 -0.0872541
FixedParameters: 0 0 0

#Transform 58
Transform: AffineTransform_float_3_3
Parameters: 1 -0.00046219 0.000956426 0.000460811 0.999999 0.00124344 -0.000956574 -0.00124356 0.999999 -0.0302171 0.139475 -0.0853199
FixedParameters: 0 0 0

#Transform 59
Transform: AffineTransform_float_3_3
Parameters: 0.999999 -0.000124981 0.000956872 0.000124019 1 0.00102512 -0.000957127 -0.00102488 0.999999 -0.0516963 -0.0723825 -0.0870992
FixedParameters: 0 0 0

#Transform 60
Transform: AffineTransform_float_3_3
Parameters: 0.999999 -0.000238516 0.000949871 0.000237484 1 0.000543226 -0.000950129 -0.000542774 1 -0.0497585 0.166217 -0.0675835
FixedParameters: 0 0 0

#Transform 61
Transform: AffineTransform_float_3_3
Parameters: 1 -0.000494013 0.00032498 0.000493987 1 4.01605e-05 -0.00032502 -3.98394e-05 1 -0.0189799 0.162004 -0.0293008
FixedParameters: 0 0 0

#Transform 62
Transform: AffineTransform_float_3_3
Parameters: 0.999999 -0.00058341 0.000530549 0.00058259 0.999999 0.000773309 -0.000530451 -0.000772691 1 -0.0228389 0.0295593 -0.103014
FixedParameters: 0 0 0

#Transform 63
Transform: AffineTransform_float_3_3
Parameters: 1 -0.000458369 0.000530681 0.000457631 0.999999 0.000695243 -0.000530318 -0.000695757 0.999999 -0.0240433 0.231739 -0.124095
FixedParameters: 0 0 0

#Transform 64
Transform: AffineTransform_float_3_3
Parameters: 0.999999 -0.000646452 0.000530449 0.000645549 1 0.000851343 -0.000530549 -0.000850657 0.999999 -0.0259564 -0.00155569 -0.0880389
FixedParameters: 0 0 0

#Transform 65
Transform: AffineTransform_float_3_3
Parameters: 0.999999 -0.000893339 0.000530429 0.000893661 1 0.000638474 -0.00053057 -0.000638526 0.999999 -0.0201732 0.0851272 -0.106142
FixedParameters: 0 0 0

#Transform 66
Transform: AffineTransform_float_3_3
Parameters: 0.999999 -0.000737523 0.000613372 0.000737476 1 0.000852453 -0.000614629 -0.000852548 1 -0.0204228 0.103111 -0.0982321
FixedParameters: 0 0 0

#Transform 67
Transform: AffineTransform_float_3_3
Parameters: 1 -0.000676193 0.000114869 0.000675807 0.999999 0.00167308 -0.000116131 -0.00167292 0.999998 0.00364084 0.231366 -0.0708208
FixedParameters: 0 0 0

#Transform 68
Transform: AffineTransform_float_3_3
Parameters: 1 -0.000671806 -0.000184707 0.000672193 0.999999 0.00105188 0.000183293 -0.00105212 1 0.0168619 0.158312 -0.0384032
FixedParameters: 0 0 0

#Transform 69
Transform: AffineTransform_float_3_3
Parameters: 1 -0.00116452 -0.000319766 0.00116448 0.999998 0.00151563 0.000318235 -0.00151637 0.999999 0.0158008 -0.117121 -0.069067
FixedParameters: 0 0 0

#Transform 70
Transform: AffineTransform_float_3_3
Parameters: 0.999999 -0.00100189 -7.15309e-05 0.00100211 0.999999 0.00152793 6.94688e-05 -0.00152807 0.999999 0.00782864 0.227502 -0.0703912
FixedParameters: 0 0 0

#Transform 71
Transform: AffineTransform_float_3_3
Parameters: 1 -0.00106498 -1.82663e-05 0.00106502 0.999998 0.00118898 1.67337e-05 -0.00118902 1 0.00038987 -0.0481084 -0.056322
FixedParameters: 0 0 0

#Transform 72
Transform: AffineTransform_float_3_3
Parameters: 0.999999 -0.000736938 -5.38497e-05 0.000737062 0.999999 0.00115296 5.31502e-05 -0.00115304 1 -0.00813977 0.0595458 -0.062052
FixedParameters: 0 0 0

#Transform 73
Transform: AffineTransform_float_3_3
Parameters: 0.999999 -0.00096088 -8.24077e-05 0.000961119 0.999999 0.00146492 8.0592e-05 -0.00146508 0.999999 0.0101624 0.174544 -0.0820674
FixedParameters: 0 0 0

#Transform 74
Transform: AffineTransform_float_3_3
Parameters: 0.999999 -0.00106227 0.000139986 0.00106173 0.999997 0.00189615 -0.000142013 -0.00189585 0.999998 0.00899062 0.0304732 -0.105673
FixedParameters: 0 0 0

#Transform 75
Transform: AffineTransform_float_3_3
Parameters: 1 -0.00117634 0.000329791 0.00117566 0.999999 0.00102839 -0.000331209 -0.00102761 1 0.00775347 0.119785 -0.105031
FixedParameters: 0 0 0

#Transform 76
Transform: AffineTransform_float_3_3
Parameters: 0.999999 -0.00073699 -5.45925e-06 0.000737008 0.999998 0.00198 3.54073e-06 -0.00198 0.999998 0.00445067 0.189791 -0.0909624
FixedParameters: 0 0 0

#Transform 77
Transform: AffineTransform_float_3_3
Parameters: 0.999999 -0.000890203 0.000169938 0.000889796 0.999999 0.00119315 -0.000171062 -0.00119385 1 -0.00886599 0.0742901 -0.0768274
FixedParameters: 0 0 0

#Transform 78
Transform: AffineTransform_float_3_3
Parameters: 0.999999 -0.00102813 0.000102713 0.00102787 0.999998 0.00125211 -0.000103287 -0.00125189 0.999999 -0.00899819 0.0884315 -0.0780143
FixedParameters: 0 0 0

#Transform 79
Transform: AffineTransform_float_3_3
Parameters: 0.999999 -0.000737117 0.000103166 0.000736883 0.999999 0.00113208 -0.000103834 -0.00113192 1 0.00193102 0.217122 -0.0532377
FixedParameters: 0 0 0

#Transform 80
Transform: AffineTransform_float_3_3
Parameters: 0.999999 -0.000737278 0.000152661 0.000737721 0.999998 0.00181611 -0.00015434 -0.00181589 0.999999 0.00799511 0.0931645 0.012167
FixedParameters: 0 0 0

#Transform 81
Transform: AffineTransform_float_3_3
Parameters: 0.999999 -0.000736744 -0.000300628 0.000737256 1 0.000852779 0.000299371 -0.000853221 0.999999 0.0180364 -0.121887 -0.00488557
FixedParameters: 0 0 0

#Transform 82
Transform: AffineTransform_float_3_3
Parameters: 0.999999 -0.00073713 0.000126241 0.000736869 0.999999 0.00103009 -0.000127759 -0.00102991 1 0.0176062 0.103215 -0.0118324
FixedParameters: 0 0 0

#Transform 83
Transform: AffineTransform_float_3_3
Parameters: 0.999999 -0.000737092 0.000129476 0.000736908 1 0.000711096 -0.000129524 -0.000710905 0.999999 0.00933408 0.0862376 0.0148309
FixedParameters: 0 0 0

#Transform 84
Transform: AffineTransform_float_3_3
Parameters: 0.999999 -0.000735844 -0.000383229 0.000737156 0.999995 0.00302672 0.000380771 -0.00302628 0.999996 0.0502184 0.141582 -0.0209182
FixedParameters: 0 0 0

#Transform 85
Transform: AffineTransform_float_3_3
Parameters: 1 -0.00115978 -0.000326778 0.00116022 0.999999 0.000670621 0.000326223 -0.000670379 0.999999 0.0293803 0.196866 -0.317396
FixedParameters: 0 0 0

#Transform 86
Transform: AffineTransform_float_3_3
Parameters: 1 -0.00059692 -0.000118402 0.00059708 0.999999 0.000673929 0.000118598 -0.00067407 1 -0.00543587 -0.0774293 0.0267244
FixedParameters: 0 0 0

#Transform 87
Transform: AffineTransform_float_3_3
Parameters: 1 -0.000202676 0.00114988 0.000202324 1 0.000588233 -0.00115012 -0.000587767 0.999999 -0.0478234 0.0472433 0.0584627
FixedParameters: 0 0 0

#Transform 88
Transform: AffineTransform_float_3_3
Parameters: 0.999999 -0.000387406 0.000736786 0.000386594 1 0.000550285 -0.000737213 -0.000550714 0.999999 -0.0409529 0.055664 0.0496114
FixedParameters: 0 0 0

#Transform 89
Transform: AffineTransform_float_3_3
Parameters: 0.999997 -0.0012862 0.00169908 0.0012808 0.999994 0.00305818 -0.00170292 -0.00305581 0.999994 -0.062481 0.283354 -0.153708
FixedParameters: 0 0 0

#Transform 90
Transform: AffineTransform_float_3_3
Parameters: 0.999999 -0.000851267 0.00122042 0.000849732 0.999998 0.00185704 -0.00122258 -0.00185596 0.999998 -0.0613719 0.122759 -0.209993
FixedParameters: 0 0 0

#Transform 91
Transform: AffineTransform_float_3_3
Parameters: 1 -0.000622455 0.00100272 0.000621545 0.999999 0.000454624 -0.00100228 -0.000453376 1 -0.0610656 0.256127 -0.261188
FixedParameters: 0 0 0

#Transform 92
Transform: AffineTransform_float_3_3
Parameters: 1 -8.00434e-05 0.000309989 7.99566e-05 1 0.000140025 -0.000310011 -0.000139975 1 -0.0656909 0.12958 -0.224961
FixedParameters: 0 0 0

#Transform 93
Transform: AffineTransform_float_3_3
Parameters: 1 -0.000315023 -0.000172959 0.000314977 1 -0.000131054 0.000173041 0.000130945 1 -0.0616775 0.327013 -0.220037
FixedParameters: 0 0 0

#Transform 94
Transform: AffineTransform_float_3_3
Parameters: 1 -0.000315159 -0.000513902 0.000314841 1 -0.000310162 0.000514097 0.000309838 1 -0.0322132 0.134202 -0.21458
FixedParameters: 0 0 0

#Transform 95
Transform: AffineTransform_float_3_3
Parameters: 1 -0.000430993 -0.000544005 0.000431006 1 1.17655e-05 0.000543995 -1.22345e-05 1 -0.0264007 0.332531 -0.279809
FixedParameters: 0 0 0

#Transform 96
Transform: AffineTransform_float_3_3
Parameters: 1 -0.000315147 -0.000401885 0.000314853 1 -0.000365126 0.000402115 0.000364873 1 -0.0296785 0.16339 -0.318267
FixedParameters: 0 0 0

#Transform 97
Transform: AffineTransform_float_3_3
Parameters: 0.999999 -0.000315189 -0.000635906 0.00031481 1 -0.0002982 0.000636093 0.000297799 1 -0.0288909 0.266866 -0.275553
FixedParameters: 0 0 0

#Transform 98
Transform: AffineTransform_float_3_3
Parameters: 0.999999 -0.00046225 -0.0005768 0.00046175 1 -0.000433266 0.0005772 0.000432733 0.999999 -0.0198259 0.207856 -0.220346
FixedParameters: 0 0 0

#Transform 99
Transform: AffineTransform_float_3_3
Parameters: 1 -0.00031521 -0.000516872 0.00031479 1 -0.000406163 0.000517128 0.000405837 1 -0.0329247 0.171239 -0.226989
FixedParameters: 0 0 0

#Transform 100
Transform: AffineTransform_float_3_3
Parameters: 1 -0.000520152 -0.000456827 0.000519848 1 -0.000333237 0.000457173 0.000332762 1 -0.0212231 0.336407 -0.218889
FixedParameters: 0 0 0

#Transform 101
Transform: AffineTransform_float_3_3
Parameters: 1 -0.000561045 -0.00019687 0.000560954 1 -0.00023111 0.00019713 0.000230889 1 -0.0281996 0.0982717 -0.227935
FixedParameters: 0 0 0

#Transform 102
Transform: AffineTransform_float_3_3
Parameters: 1 -0.000315131 -0.000378891 0.000314869 1 -0.000345119 0.000379109 0.00034488 1 -0.0281204 0.335941 -0.251135
FixedParameters: 0 0 0

#Transform 103
Transform: AffineTransform_float_3_3
Parameters: 1 -3.43856e-05 -0.000638033 3.46143e-05 0.999999 0.000962978 0.000637967 -0.000963022 1 -0.0128893 0.271355 -0.172562
FixedParameters: 0 0 0

#Transform 104
Transform: AffineTransform_float_3_3
Parameters: 1 -0.000629025 -0.000859982 0.000628976 1 -2.85409e-05 0.000860018 2.8459e-05 0.999999 -0.00251913 0.0545483 -0.140761
FixedParameters: 0 0 0

#Transform 105
Transform: AffineTransform_float_3_3
Parameters: 0.999999 -0.000364945 -0.000721028 0.000365055 1 7.67368e-05 0.000720972 -7.62631e-05 0.999999 -0.0148216 0.256832 -0.184609
FixedParameters: 0 0 0

#Transform 106
Transform: AffineTransform_float_3_3
Parameters: 0.999999 -0.000445005 -0.000831997 0.000444995 1 -6.37023e-06 0.000832002 6.62975e-06 0.999999 -0.0130149 0.126435 -0.107043
FixedParameters: 0 0 0

#Transform 107
Transform: AffineTransform_float_3_3
Parameters: 1 3.96169e-05 -0.000656963 -3.93831e-05 1 0.000939027 0.000657037 -0.000938975 1 -0.019812 0.369564 -0.175916
FixedParameters: 0 0 0

#Transform 108
Transform: AffineTransform_float_3_3
Parameters: 1 -0.000420914 -0.000133271 0.000421086 0.999999 0.000644944 0.000132729 -0.000644056 1 -0.0315144 -0.0439825 -0.0110739
FixedParameters: 0 0 0

#Transform 109
Transform: AffineTransform_float_3_3
Parameters: 1 -0.000698864 0.000921346 0.000698138 1 0.000936644 -0.000921655 -0.000936357 0.999999 -0.0594631 0.0515901 -0.0626281
FixedParameters: 0 0 0

#Transform 110
Transform: AffineTransform_float_3_3
Parameters: 0.999999 -0.000697156 0.00104123 0.000696844 0.999999 0.00110973 -0.00104277 -0.00110927 0.999999 -0.0618225 0.103156 -0.0323865
FixedParameters: 0 0 0

#Transform 111
Transform: AffineTransform_float_3_3
Parameters: 1 -0.000894201 0.000409389 0.000892799 0.999996 0.00292237 -0.000412611 -0.00292263 0.999995 -0.0407022 0.14408 0.0193446
FixedParameters: 0 0 0

#Transform 112
Transform: AffineTransform_float_3_3
Parameters: 0.999999 -0.00061842 0.000582496 0.000617581 0.999997 0.00243436 -0.000583505 -0.00243464 0.999997 -0.0379215 0.139639 -0.0224169
FixedParameters: 0 0 0

#Transform 113
Transform: AffineTransform_float_3_3
Parameters: 0.999999 -0.000703689 0.000306423 0.000703312 0.999997 0.00224222 -0.000307578 -0.00224179 0.999998 -0.0372734 0.0056881 -0.021834
FixedParameters: 0 0 0

#Transform 114
Transform: AffineTransform_float_3_3
Parameters: 1 -0.000422653 0.000306099 0.000422346 0.999997 0.00213213 -0.000306901 -0.00213187 0.999997 -0.0409533 0.0924216 -0.0275629
FixedParameters: 0 0 0

#Transform 115
Transform: AffineTransform_float_3_3
Parameters: 0.999999 0.00015791 0.00072146 -0.000160091 0.999996 0.00289688 -0.000721539 -0.00289711 0.999995 -0.0341689 0.259011 -0.0474548
FixedParameters: 0 0 0

#Transform 116
Transform: AffineTransform_float_3_3
Parameters: 1 3.35571e-05 0.000223067 -3.44428e-05 0.999998 0.00198599 -0.000222932 -0.00198601 0.999998 -0.0360311 -0.0815567 -0.0469614
FixedParameters: 0 0 0

#Transform 117
Transform: AffineTransform_float_3_3
Parameters: 1 -0.000285196 0.000409168 0.000283804 0.999995 0.00292111 -0.000409831 -0.00292088 0.999995 -0.041589 0.172765 -0.134945
FixedParameters: 0 0 0

#Transform 118
Transform: AffineTransform_float_3_3
Parameters: 0.999999 -0.000651269 0.000470246 0.000649731 0.999996 0.00269531 -0.000471753 -0.00269469 0.999997 -0.0661653 0.140972 -0.191312
FixedParameters: 0 0 0

#Transform 119
Transform: AffineTransform_float_3_3
Parameters: 0.999999 -0.000636311 0.000546476 0.000635687 0.999997 0.00239735 -0.000548525 -0.00239665 0.999997 -0.0527796 0.161194 -0.205678
FixedParameters: 0 0 0

#Transform 120
Transform: AffineTransform_float_3_3
Parameters: 1 -0.000479815 0.000302712 0.000479184 0.999997 0.00268715 -0.000304289 -0.00268686 0.999997 -0.0386497 0.288031 -0.208999
FixedParameters: 0 0 0

#Transform 121
Transform: AffineTransform_float_3_3
Parameters: 1 -0.000707989 0.000776191 0.000706012 0.999997 0.00255955 -0.00077781 -0.00255845 0.999997 -0.0551738 0.10724 -0.258378
FixedParameters: 0 0 0

#Transform 122
Transform: AffineTransform_float_3_3
Parameters: 1 -0.000744035 0.000776056 0.000741967 0.999997 0.00261758 -0.000777945 -0.00261742 0.999997 -0.0523672 0.226631 -0.2468
FixedParameters: 0 0 0

#Transform 123
Transform: AffineTransform_float_3_3
Parameters: 0.999999 -0.000569734 0.000629434 0.000568264 0.999996 0.00275236 -0.000631566 -0.00275164 0.999996 -0.0532079 0.307123 -0.210143
FixedParameters: 0 0 0

#Transform 124
Transform: AffineTransform_float_3_3
Parameters: 0.999999 -0.000481055 0.000776731 0.000478946 0.999997 0.00264437 -0.000777269 -0.00264363 0.999996 -0.057253 0.0571813 -0.199898
FixedParameters: 0 0 0

#Transform 125
Transform: AffineTransform_float_3_3
Parameters: 0.999999 -0.000579668 0.000776758 0.000578333 0.999998 0.00214645 -0.000777243 -0.00214555 0.999998 -0.0564406 0.297397 -0.229992
FixedParameters: 0 0 0

#Transform 126
Transform: AffineTransform_float_3_3
Parameters: 0.999999 -0.00048072 0.000602631 0.000479278 0.999996 0.00285229 -0.000604369 -0.00285171 0.999996 -0.0533664 0.159513 -0.214784
FixedParameters: 0 0 0

#Transform 127
Transform: AffineTransform_float_3_3
Parameters: 1 -0.000479685 0.000301914 0.000479314 0.999998 0.00226615 -0.000303087 -0.00226586 0.999998 -0.0464686 0.171507 -0.21536
FixedParameters: 0 0 0

#Transform 128
Transform: AffineTransform_float_3_3
Parameters: 1 -0.000480208 0.000513873 0.000479791 0.999997 0.00234925 -0.000515128 -0.00234875 0.999997 -0.0513374 0.19242 -0.209648
FixedParameters: 0 0 0

#Transform 129
Transform: AffineTransform_float_3_3
Parameters: 1 -0.000137814 0.00061838 0.000134183 0.999989 0.00454908 -0.000619617 -0.00454892 0.99999 -0.0475918 0.391309 -0.110968
FixedParameters: 0 0 0

#Transform 130
Transform: AffineTransform_float_3_3
Parameters: 0.999999 -0.000866286 0.000963951 0.000864714 0.999997 0.00236883 -0.000966051 -0.00236816 0.999996 -0.0577618 -0.159083 -0.0148973
FixedParameters: 0 0 0

#Transform 131
Transform: AffineTransform_float_3_3
Parameters: 0.999998 -0.00126768 0.00112699 0.00126432 0.999997 0.00237743 -0.00113001 -0.00237557 0.999996 -0.0577789 0.0659861 -0.0814405
FixedParameters: 0 0 0

#Transform 132
Transform: AffineTransform_float_3_3
Parameters: 0.999998 -0.00109799 0.00153444 0.001093 0.999994 0.00325168 -0.00153856 -0.00324932 0.999993 -0.0688972 0.301638 -0.0624683
FixedParameters: 0 0 0

#Transform 133
Transform: AffineTransform_float_3_3
Parameters: 1 -0.0010445 0.000542037 0.0010435 0.999999 0.000922567 -0.000542962 -0.000921434 1 -0.0319471 0.0318276 -0.00618274
FixedParameters: 0 0 0

#Transform 134
Transform: AffineTransform_float_3_3
Parameters: 0.999999 -0.000719454 0.00120373 0.000718546 0.999999 0.000377865 -0.00120327 -0.000377135 0.999999 -0.072161 0.13247 -0.0526534
FixedParameters: 0 0 0

#Transform 135
Transform: AffineTransform_float_3_3
Parameters: 0.999995 -4.28221e-05 0.00297401 4.31775e-05 1 -0.000395873 -0.00297398 0.000396129 0.999995 -0.135017 0.250845 -0.114465
FixedParameters: 0 0 0

#Transform 136
Transform: AffineTransform_float_3_3
Parameters: 0.999999 -0.000527419 0.00178558 0.000525581 0.999999 0.00079494 -0.00178642 -0.000794059 0.999998 -0.0891044 0.158949 -0.134447
FixedParameters: 0 0 0

#Transform 137
Transform: AffineTransform_float_3_3
Parameters: 0.999999 -0.000274928 0.00134981 0.000274072 0.999999 0.00068737 -0.00135019 -0.000687629 0.999999 -0.0816434 0.169162 -0.11874
FixedParameters: 0 0 0

#Transform 138
Transform: AffineTransform_float_3_3
Parameters: 0.999999 -0.000406504 0.00120016 0.000403495 0.999997 0.00208549 -0.00120184 -0.00208551 0.999997 -0.0779624 0.235901 -0.15176
FixedParameters: 0 0 0

#Transform 139
Transform: AffineTransform_float_3_3
Parameters: 0.999998 -0.00154288 0.0012453 0.00153512 0.999979 0.00630193 -0.0012547 -0.00630008 0.99998 -0.0638032 0.559803 -0.541437
FixedParameters: 0 0 0

#Transform 140
Transform: AffineTransform_float_3_3
Parameters: 0.999998 -0.00170093 0.000406009 0.00169907 0.999987 0.00470069 -0.000413991 -0.0047003 0.999989 -0.00935577 -0.109267 -0.25152
FixedParameters: 0 0 0

#Transform 141
Transform: AffineTransform_float_3_3
Parameters: 0.999997 -0.00220658 0.00154214 0.00218942 0.999933 0.0113114 -0.00156686 -0.0113076 0.999935 -0.0510201 0.113697 0.0147895
FixedParameters: 0 0 0

#Transform 142
Transform: AffineTransform_float_3_3
Parameters: 0.999999 -0.000135203 0.00175825 0.000125798 0.999983 0.00580223 -0.00175876 -0.00580177 0.999981 -0.115388 0.086431 0.169338
FixedParameters: 0 0 0

#Transform 143
Transform: AffineTransform_float_3_3
Parameters: 0.999997 -0.000634014 0.00229562 0.000628985 0.999998 0.00218445 -0.00229738 -0.00218255 0.999995 -0.145006 0.231804 -0.068159
FixedParameters: 0 0 0

#Transform 144
Transform: AffineTransform_float_3_3
Parameters: 0.999998 -0.0013661 0.000894799 0.0013639 0.999997 0.00234522 -0.0008982 -0.00234378 0.999997 -0.0895164 0.137389 -0.0921142
FixedParameters: 0 0 0

#Transform 145
Transform: AffineTransform_float_3_3
Parameters: 0.999998 -0.0016643 0.00114622 0.0016607 0.999995 0.00287391 -0.00115078 -0.00287209 0.999995 -0.0840233 0.263563 -0.0306061
FixedParameters: 0 0 0

#Transform 146
Transform: AffineTransform_float_3_3
Parameters: 0.999998 -0.00156423 0.00167614 0.00155878 0.999994 0.00311362 -0.00168086 -0.00311138 0.999993 -0.126823 0.0596496 -0.0204955
FixedParameters: 0 0 0

#Transform 147
Transform: AffineTransform_float_3_3
Parameters: 0.999997 -0.00137342 0.00230441 0.00136458 0.99999 0.00408316 -0.00230959 -0.00407984 0.999989 -0.139007 0.149894 0.0119757
FixedParameters: 0 0 0

#Transform 148
Transform: AffineTransform_float_3_3
Parameters: 0.999998 -0.00115039 0.00174616 0.00114261 0.999991 0.004225 -0.00175084 -0.00422299 0.999989 -0.126299 0.177038 -0.00729795
FixedParameters: 0 0 0

#Transform 149
Transform: AffineTransform_float_3_3
Parameters: 0.999997 -0.00119645 0.00175261 0.00118955 0.999992 0.00367709 -0.00175738 -0.0036749 0.999991 -0.126013 0.188382 -0.0149225
FixedParameters: 0 0 0

#Transform 150
Transform: AffineTransform_float_3_3
Parameters: 0.999999 -0.000740342 0.00128751 0.000736659 0.999994 0.00336995 -0.00128949 -0.00336905 0.999993 -0.129211 0.0110165 -0.0306688
FixedParameters: 0 0 0

#Transform 151
Transform: AffineTransform_float_3_3
Parameters: 0.999999 -0.00116526 0.00138527 0.00116174 0.999996 0.00234861 -0.00138773 -0.00234739 0.999997 -0.0983611 0.186629 -0.0698889
FixedParameters: 0 0 0

#Transform 152
Transform: AffineTransform_float_3_3
Parameters: 0.999999 -0.000953771 0.0011968 0.00095123 0.999997 0.00231414 -0.0011982 -0.00231286 0.999996 -0.115867 0.182429 -0.066358
FixedParameters: 0 0 0

#Transform 153
Transform: AffineTransform_float_3_3
Parameters: 0.999999 -0.00100548 0.00140151 0.00100252 0.999996 0.00248441 -0.00140349 -0.00248259 0.999996 -0.100446 0.411494 -0.0853701
FixedParameters: 0 0 0

#Transform 154
Transform: AffineTransform_float_3_3
Parameters: 0.999999 -0.00112267 0.00137501 0.00111933 0.999996 0.00266854 -0.00137799 -0.00266646 0.999996 -0.0983682 0.0121342 -0.0816116
FixedParameters: 0 0 0

#Transform 155
Transform: AffineTransform_float_3_3
Parameters: 0.999998 -0.00133579 0.00131116 0.00133321 0.999997 0.00212875 -0.00131384 -0.00212725 0.999997 -0.1059 0.194821 -0.0739474
FixedParameters: 0 0 0

#Transform 156
Transform: AffineTransform_float_3_3
Parameters: 0.999999 -0.00100521 0.00116624 0.00100279 0.999995 0.00275017 -0.00116976 -0.00274983 0.999995 -0.0950265 0.250071 -0.0244272
FixedParameters: 0 0 0

#Transform 157
Transform: AffineTransform_float_3_3
Parameters: 1 -0.00100316 0.000630152 0.00100184 0.999998 0.00184363 -0.000631848 -0.00184337 0.999998 -0.0825087 0.123027 -0.0158589
FixedParameters: 0 0 0

#Transform 158
Transform: AffineTransform_float_3_3
Parameters: 0.999999 -0.00128655 0.000456655 0.00128545 0.999994 0.00337959 -0.000460347 -0.00337941 0.999994 -0.0474831 0.298959 0.00848137
FixedParameters: 0 0 0

#Transform 159
Transform: AffineTransform_float_3_3
Parameters: 1 -0.000993761 0.000327702 0.000993239 0.999997 0.00231333 -0.000330298 -0.00231267 0.999998 -0.066765 0.0294678 -0.00506209
FixedParameters: 0 0 0

#Transform 160
Transform: AffineTransform_float_3_3
Parameters: 0.999999 -0.00117143 0.000439196 0.00117057 0.999994 0.00324952 -0.000442806 -0.00324948 0.999994 -0.0643222 0.183792 0.00324097
FixedParameters: 0 0 0

#Transform 161
Transform: AffineTransform_float_3_3
Parameters: 0.999999 -0.00181789 0.00041831 0.00181311 0.999934 0.0113968 -0.000439692 -0.0113962 0.999935 0.0157408 -0.0388356 0.362243
FixedParameters: 0 0 0

#Transform 162
Transform: AffineTransform_float_3_3
Parameters: 0.999999 -0.0012488 0.000488422 0.0012462 0.999993 0.00366861 -0.000492574 -0.00366739 0.999993 -0.064531 -0.0477826 0.0264148
FixedParameters: 0 0 0

#Transform 163
Transform: AffineTransform_float_3_3
Parameters: 0.999999 -0.000749248 0.000117429 0.000748751 0.999998 0.00209709 -0.000119571 -0.00209791 0.999998 -0.0793881 0.209955 -0.0555635
FixedParameters: 0 0 0

#Transform 164
Transform: AffineTransform_float_3_3
Parameters: 1 -0.00103333 0.000116106 0.00103267 0.999995 0.00280112 -0.000119893 -0.00280088 0.999996 -0.0725117 0.26913 -0.0586238
FixedParameters: 0 0 0

#Transform 165
Transform: AffineTransform_float_3_3
Parameters: 0.999999 -0.00145669 0.000223529 0.00145631 0.999994 0.00307033 -0.000228472 -0.00306967 0.999996 -0.0636968 0.15276 -0.108298
FixedParameters: 0 0 0

#Transform 166
Transform: AffineTransform_float_3_3
Parameters: 0.999999 -0.00171084 0.000586796 0.00170816 0.999987 0.00480001 -0.000595206 -0.00479899 0.999989 -0.059507 0.230422 -0.123058
FixedParameters: 0 0 0

#Transform 167
Transform: AffineTransform_float_3_3
Parameters: 0.999998 -0.00164227 0.000359796 0.00163973 0.99998 0.0062176 -0.000370202 -0.0062174 0.99998 -0.0485522 0.290026 -0.0826726
FixedParameters: 0 0 0

#Transform 168
Transform: AffineTransform_float_3_3
Parameters: 0.999997 -0.00234613 -0.000324833 0.00234887 0.99998 0.00589325 0.00031116 -0.00589474 0.999982 -0.0431824 0.153256 -0.262595
FixedParameters: 0 0 0

#Transform 169
Transform: AffineTransform_float_3_3
Parameters: 0.999999 -0.00170958 -0.000318728 0.00171143 0.999989 0.00451846 0.000311271 -0.00451854 0.999989 -0.0648937 0.126072 -0.183338
FixedParameters: 0 0 0

#Transform 170
Transform: AffineTransform_float_3_3
Parameters: 0.999999 -0.00128158 -0.000479518 0.00128442 0.999987 0.00508039 0.00047248 -0.00508161 0.999987 -0.0686803 0.418154 -0.151278
FixedParameters: 0 0 0

#Transform 171
Transform: AffineTransform_float_3_3
Parameters: 0.999998 -0.00154835 -0.000640438 0.00155065 0.99999 0.00415401 0.000633563 -0.00415499 0.999991 -0.0431313 0.0769843 -0.159004
FixedParameters: 0 0 0

#Transform 172
Transform: AffineTransform_float_3_3
Parameters: 0.999998 -0.00194434 -0.000544587 0.00194666 0.999986 0.00492695 0.000534414 -0.00492805 0.999987 -0.0417284 0.253644 -0.242078
FixedParameters: 0 0 0

#Transform 173
Transform: AffineTransform_float_3_3
Parameters: 0.999998 -0.00125617 0.00107266 0.00124883 0.999977 0.00665535 -0.00108134 -0.00665465 0.999978 -0.0447613 0.471165 -0.12686
FixedParameters: 0 0 0

#Transform 174
Transform: AffineTransform_float_3_3
Parameters: 0.999999 -0.00141567 0.000340118 0.00141333 0.999987 0.00486449 -0.000346878 -0.00486352 0.999988 -0.0337747 -0.0294209 -0.0829745
FixedParameters: 0 0 0

#Transform 175
Transform: AffineTransform_float_3_3
Parameters: 0.999999 -0.00170524 0.000656653 0.00170177 0.999986 0.00490012 -0.000664346 -0.00489887 0.999988 -0.0351077 0.176404 -0.149031
FixedParameters: 0 0 0

#Transform 176
Transform: AffineTransform_float_3_3
Parameters: 0.999999 -0.00134683 0.000625822 0.00134317 0.99998 0.00608085 -0.000634179 -0.00608015 0.999982 -0.0444635 0.377451 -0.190484
FixedParameters: 0 0 0

#Transform 177
Transform: AffineTransform_float_3_3
Parameters: 0.999999 -0.00124283 0.000166958 0.00124217 0.999988 0.00486321 -0.000173043 -0.00486279 0.999988 -0.043672 0.0631441 -0.16824
FixedParameters: 0 0 0

#Transform 178
Transform: AffineTransform_float_3_3
Parameters: 1 -0.00115749 -0.000108539 0.0011585 0.999988 0.00478388 0.000102459 -0.00478412 0.999989 -0.0417364 0.214346 -0.191694
FixedParameters: 0 0 0

#Transform 179
Transform: AffineTransform_float_3_3
Parameters: 0.999998 -0.00146933 0.00116983 0.00146567 0.999995 0.00284072 -0.00117417 -0.00283828 0.999996 -0.0608275 0.199905 -0.140229
FixedParameters: 0 0 0

#Transform 180
Transform: AffineTransform_float_3_3
Parameters: 0.999999 -0.00123393 -2.07458e-05 0.00123407 0.999992 0.00384598 1.62539e-05 -0.00384602 0.999992 -0.0194087 0.460744 -0.0857491
FixedParameters: 0 0 0

#Transform 181
Transform: AffineTransform_float_3_3
Parameters: 0.999998 -0.000997492 0.00161736 0.00098551 0.99997 0.00770661 -0.00162464 -0.00770439 0.999969 -0.0752005 0.180385 -0.168871
FixedParameters: 0 0 0

#Transform 182
Transform: AffineTransform_float_3_3
Parameters: 0.999998 -0.00163526 0.000415203 0.00163274 0.999984 0.00538369 -0.000423796 -0.00538332 0.999986 -0.024947 0.00200658 -0.145887
FixedParameters: 0 0 0

#Transform 183
Transform: AffineTransform_float_3_3
Parameters: 0.999999 -0.00173289 0.000497484 0.00173012 0.999992 0.00376287 -0.000503513 -0.00376213 0.999993 -0.0317549 0.118614 -0.0803372
FixedParameters: 0 0 0

#Transform 184
Transform: AffineTransform_float_3_3
Parameters: 0.999999 -0.00145494 0.000193053 0.00145406 0.999987 0.00477628 -0.000199947 -0.00477571 0.999988 -0.0322744 0.215465 -0.0338375
FixedParameters: 0 0 0

#Transform 185
Transform: AffineTransform_float_3_3
Parameters: 0.999998 -0.00151326 0.000621113 0.00150974 0.999985 0.00521795 -0.000628886 -0.00521706 0.999986 -0.0309215 0.270427 -0.0869985
FixedParameters: 0 0 0

#Transform 186
Transform: AffineTransform_float_3_3
Parameters: 0.999998 -0.00198054 0.00106173 0.00197447 0.999984 0.00519211 -0.00107126 -0.00518989 0.999986 -0.0364314 0.11294 -0.176767
FixedParameters: 0 0 0

#Transform 187
Transform: AffineTransform_float_3_3
Parameters: 0.999998 -0.00197935 0.000731343 0.00197465 0.99998 0.00589646 -0.000742656 -0.00589554 0.999983 -0.0293673 0.320157 -0.154489
FixedParameters: 0 0 0

#Transform 188
Transform: AffineTransform_float_3_3
