#Insight Transform File V1.0
#Transform 0
Transform: AffineTransform_float_3_3
Parameters: 1 -0.000181 8.7242e-08 0.000181 1 -0.000482 8.7242e-08 0.000482 1 -0.00134816 0.0166865 0.40209
FixedParameters: 0 0 0

#Transform 1
Transform: AffineTransform_float_3_3
Parameters: 0.999999 0.00035654 0.000650704 -0.00035646 0.999999 -0.000830232 -0.000650296 0.000829768 1 -0.0319976 0.0330014 -0.0383837
FixedParameters: 0 0 0

#Transform 2
Transform: AffineTransform_float_3_3
Parameters: 1 0.000547886 0.000686092 -0.000548115 1 0.000166624 -0.000685909 -0.000166376 1 -0.0301928 -0.0544418 -0.0921944
FixedParameters: 0 0 0

#Transform 3
Transform: AffineTransform_float_3_3
Parameters: 0.999999 0.00080371 0.000550423 -0.000804289 0.999999 0.000526557 -0.000549576 -0.000526442 0.999999 -0.0285864 -0.0435883 -0.131764
FixedParameters: 0 0 0

#Transform 4
Transform: AffineTransform_float_3_3
Parameters: 0.999999 0.00113467 0.000585648 -0.00113433 0.999999 0.000570336 -0.000585353 -0.000570665 0.999999 -0.0367919 -0.0341838 -0.155192
FixedParameters: 0 0 0

#Transform 5
Transform: AffineTransform_float_3_3
Parameters: 0.999999 0.00117767 0.000605645 -0.00117833 0.999999 0.000547287 -0.000605354 -0.000548713 0.999999 -0.0292891 -0.00864369 -0.174227
FixedParameters: 0 0 0

#Transform 6
Transform: AffineTransform_float_3_3
Parameters: 0.999999 0.00138913 0.00105016 -0.00138987 0.999998 0.000831542 -0.00104884 -0.000833458 0.999999 -0.0448991 -0.0231968 -0.196966
FixedParameters: 0 0 0

#Transform 7
Transform: AffineTransform_float_3_3
Parameters: 0.999998 0.00138942 0.00104976 -0.00138957 0.999999 0.000546542 -0.00104924 -0.000548459 1 -0.0728212 -0.00899124 -0.180159
FixedParameters: 0 0 0

#Transform 8
Transform: AffineTransform_float_3_3
Parameters: 0.999998 0.00158063 0.000602958 -0.00158036 0.999998 0.000606047 -0.000602041 -0.000606952 0.999999 -0.0574719 -0.0422245 -0.177844
FixedParameters: 0 0 0

#Transform 9
Transform: AffineTransform_float_3_3
Parameters: 0.999998 0.00130228 0.00104989 -0.00130272 0.999999 0.000681633 -0.00104911 -0.000683367 0.999999 -0.0569835 -0.0448757 -0.179503
FixedParameters: 0 0 0

#Transform 10
Transform: AffineTransform_float_3_3
Parameters: 0.999998 0.0014277 0.00105077 -0.0014293 0.999998 0.0012365 -0.00104923 -0.0012385 0.999998 -0.0628691 -0.114453 -0.187271
FixedParameters: 0 0 0

#Transform 11
Transform: AffineTransform_float_3_3
Parameters: 0.999998 0.00186503 0.00081423 -0.00186597 0.999997 0.00119448 -0.000811769 -0.00119652 0.999999 -0.0534421 -0.0621273 -0.215622
FixedParameters: 0 0 0

#Transform 12
Transform: AffineTransform_float_3_3
Parameters: 0.999998 0.00186547 0.000592677 -0.00186653 0.999998 0.000897896 -0.000591323 -0.000899105 1 -0.0581378 -0.0289915 -0.231509
FixedParameters: 0 0 0

#Transform 13
Transform: AffineTransform_float_3_3
Parameters: 0.999998 0.00186534 0.000648904 -0.00186566 0.999997 0.00101979 -0.000647096 -0.00102121 1 -0.0625732 -0.0339483 -0.245715
FixedParameters: 0 0 0

#Transform 14
Transform: AffineTransform_float_3_3
Parameters: 0.999998 0.00199917 0.000612704 -0.00199983 0.999997 0.00135178 -0.000609295 -0.00135322 0.999999 -0.0639607 -0.0480033 -0.25126
FixedParameters: 0 0 0

#Transform 15
Transform: AffineTransform_float_3_3
Parameters: 0.999996 0.00252355 0.000396894 -0.00252445 0.999996 0.001146 -0.000394106 -0.001147 1 -0.0645867 -0.0331461 -0.246069
FixedParameters: 0 0 0

#Transform 16
Transform: AffineTransform_float_3_3
Parameters: 0.999996 0.00252355 0.00045353 -0.00252445 0.999997 0.00100186 -0.000450469 -0.00100314 1 -0.0651584 -0.00385617 -0.284609
FixedParameters: 0 0 0

#Transform 17
Transform: AffineTransform_float_3_3
Parameters: 0.999997 0.00271256 0.00035736 -0.00271244 0.999995 0.00123803 -0.000353641 -0.00123896 0.999999 -0.0715966 -0.0373603 -0.286087
FixedParameters: 0 0 0

#Transform 18
Transform: AffineTransform_float_3_3
Parameters: 0.999996 0.003012 4.99693e-06 -0.003012 0.999995 0.000994989 -2.00303e-06 -0.00099501 0.999999 -0.0681442 -0.040316 -0.283439
FixedParameters: 0 0 0

#Transform 19
Transform: AffineTransform_float_3_3
Parameters: 0.999996 0.00301196 5.81925e-05 -0.00301204 0.999995 0.000727828 -5.5807e-05 -0.000728171 0.999999 -0.0803928 0.0191987 -0.318701
FixedParameters: 0 0 0

#Transform 20
Transform: AffineTransform_float_3_3
Parameters: 0.999995 0.00301183 0.00014155 -0.00301216 0.999995 0.00117858 -0.000138448 -0.00117942 1 -0.106111 -0.0388573 -0.320034
FixedParameters: 0 0 0

#Transform 21
Transform: AffineTransform_float_3_3
Parameters: 0.999995 0.00313196 4.78843e-05 -0.00313204 0.999994 0.000920854 -4.51152e-05 -0.000921145 0.999999 -0.0869844 0.0204431 -0.336171
FixedParameters: 0 0 0

#Transform 22
Transform: AffineTransform_float_3_3
Parameters: 0.999994 0.00348996 4.29348e-05 -0.00349003 0.999993 0.000840855 -4.00681e-05 -0.000840144 0.999999 -0.089161 0.000627345 -0.358579
FixedParameters: 0 0 0

#Transform 23
Transform: AffineTransform_float_3_3
Parameters: 0.999994 0.00331684 0.000181997 -0.00331716 0.999994 0.000903401 -0.000179 -0.000904598 0.999999 -0.102678 -0.00292044 -0.336853
FixedParameters: 0 0 0

#Transform 24
Transform: AffineTransform_float_3_3
Parameters: 0.999995 0.00297021 -0.000200895 -0.00296979 0.999995 0.0010456 0.000204103 -0.0010444 1 -0.100276 -0.0148831 -0.332538
FixedParameters: 0 0 0

#Transform 25
Transform: AffineTransform_float_3_3
Parameters: 0.999996 0.00300313 -0.000128924 -0.00300287 0.999995 0.00102439 0.000132075 -0.00102361 1 -0.0893567 0.0134186 -0.319416
FixedParameters: 0 0 0

#Transform 26
Transform: AffineTransform_float_3_3
Parameters: 0.999995 0.00319508 -6.43126e-05 -0.00319492 0.999994 0.00115421 6.86867e-05 -0.00115379 1 -0.0960913 -0.0324418 -0.340185
FixedParameters: 0 0 0

#Transform 27
Transform: AffineTransform_float_3_3
Parameters: 0.999995 0.00332113 -9.57054e-05 -0.00332087 0.999993 0.00129332 0.000100297 -0.00129367 0.999999 -0.101975 -0.0304022 -0.341148
FixedParameters: 0 0 0

#Transform 28
Transform: AffineTransform_float_3_3
Parameters: 0.999994 0.00343911 -0.000105388 -0.00343889 0.999993 0.00105037 0.000108614 -0.00105063 1 -0.100791 -0.0270506 -0.328538
FixedParameters: 0 0 0

#Transform 29
Transform: AffineTransform_float_3_3
Parameters: 0.999995 0.00309617 -0.000192302 -0.00309683 0.999995 0.000871599 0.000194696 -0.000870401 0.999999 -0.0768204 -0.0254641 -0.315045
FixedParameters: 0 0 0

#Transform 30
Transform: AffineTransform_float_3_3
Parameters: 0.999995 0.00309599 1.01022e-05 -0.00309601 0.999995 0.00132498 -5.89774e-06 -0.00132503 0.999999 -0.0945609 -0.0542425 -0.335138
FixedParameters: 0 0 0

#Transform 31
Transform: AffineTransform_float_3_3
Parameters: 0.999995 0.00319712 -0.000111697 -0.00319688 0.999995 0.00103336 0.000115305 -0.00103364 0.999999 -0.0969842 -0.031831 -0.313033
FixedParameters: 0 0 0

#Transform 32
Transform: AffineTransform_float_3_3
Parameters: 0.999995 0.00309598 2.42012e-05 -0.00309602 0.999994 0.00103393 -2.07986e-05 -0.00103407 1 -0.106172 -0.0138784 -0.309775
FixedParameters: 0 0 0

#Transform 33
Transform: AffineTransform_float_3_3
Parameters: 0.999995 0.00309632 -0.000389447 -0.00309668 0.999995 0.00082521 0.000392553 -0.000823788 0.999999 -0.085949 0.0433742 -0.234606
FixedParameters: 0 0 0

#Transform 34
Transform: AffineTransform_float_3_3
Parameters: 0.999995 0.0030964 -0.000589913 -0.0030966 0.999995 0.00067483 0.000592087 -0.00067317 0.999999 -0.0776735 0.067096 -0.260729
FixedParameters: 0 0 0

#Transform 35
Transform: AffineTransform_float_3_3
Parameters: 0.999996 0.0030444 -0.000428176 -0.0030436 0.999995 0.000928307 0.000430826 -0.000927692 0.999999 -0.0848399 0.0425369 -0.272087
FixedParameters: 0 0 0

#Transform 36
Transform: AffineTransform_float_3_3
Parameters: 0.999995 0.00309603 -3.61948e-05 -0.00309697 0.999995 0.000906116 3.88057e-05 -0.000905884 0.999999 -0.100563 0.0411256 -0.26397
FixedParameters: 0 0 0

#Transform 37
Transform: AffineTransform_float_3_3
Parameters: 0.999995 0.00309603 -3.6554e-05 -0.00309597 0.999995 0.000790117 3.84457e-05 -0.000789884 0.999999 -0.100648 0.0189176 -0.251678
FixedParameters: 0 0 0

#Transform 38
Transform: AffineTransform_float_3_3
Parameters: 0.999996 0.00300423 -0.000240109 -0.00300377 0.999995 0.000962726 0.000242892 -0.000962275 1 -0.0928243 0.0529422 -0.256091
FixedParameters: 0 0 0

#Transform 39
Transform: AffineTransform_float_3_3
Parameters: 0.999996 0.00276029 -0.000340677 -0.00275971 0.999996 0.000841943 0.000343322 -0.000841055 0.999999 -0.0904709 0.0488482 -0.244546
FixedParameters: 0 0 0

#Transform 40
Transform: AffineTransform_float_3_3
Parameters: 0.999996 0.0028741 -0.000140936 -0.0028739 0.999995 0.000718408 0.000143066 -0.000718591 0.999999 -0.0979211 0.0451853 -0.244251
FixedParameters: 0 0 0

#Transform 41
Transform: AffineTransform_float_3_3
Parameters: 0.999996 0.00286319 -0.000157526 -0.00286281 0.999995 0.00121346 0.000161472 -0.00121254 1 -0.0931455 0.0279008 -0.255807
FixedParameters: 0 0 0

#Transform 42
Transform: AffineTransform_float_3_3
Parameters: 0.999995 0.00293908 -6.65992e-05 -0.00293892 0.999995 0.0011572 7.04001e-05 -0.0011568 1 -0.107265 0.0197925 -0.250256
FixedParameters: 0 0 0

#Transform 43
Transform: AffineTransform_float_3_3
Parameters: 0.999997 0.00271823 -0.000294857 -0.00271777 0.999996 0.000788804 0.000297143 -0.000788195 0.999999 -0.0927287 0.0418003 -0.228619
FixedParameters: 0 0 0

#Transform 44
Transform: AffineTransform_float_3_3
Parameters: 0.999995 0.00309628 -0.000192497 -0.00309672 0.999994 0.0014546 0.000196505 -0.0014544 0.999999 -0.10122 0.0160319 -0.270855
FixedParameters: 0 0 0

#Transform 45
Transform: AffineTransform_float_3_3
Parameters: 0.999995 0.00296219 -0.000182913 -0.00296281 0.999995 0.00104255 0.000186087 -0.00104145 1 -0.103808 0.00436856 -0.266481
FixedParameters: 0 0 0

#Transform 46
Transform: AffineTransform_float_3_3
Parameters: 0.999996 0.0029655 -0.00045274 -0.0029655 0.999995 0.00110035 0.000455261 -0.00109866 1 -0.103164 0.0162952 -0.262841
FixedParameters: 0 0 0

#Transform 47
Transform: AffineTransform_float_3_3
Parameters: 0.999995 0.00309647 -0.000426595 -0.00309653 0.999994 0.00110033 0.000430405 -0.00109867 1 -0.109601 0.0210744 -0.241602
FixedParameters: 0 0 0

#Transform 48
Transform: AffineTransform_float_3_3
Parameters: 0.999995 0.00309627 -0.000265859 -0.00309673 0.999994 0.00101483 0.000269142 -0.00101417 1 -0.119214 0.0299992 -0.24399
FixedParameters: 0 0 0

#Transform 49
Transform: AffineTransform_float_3_3
Parameters: 0.999995 0.00292634 -0.000308783 -0.00292666 0.999995 0.00109991 0.000311218 -0.00109909 1 -0.115949 0.0301544 -0.252842
FixedParameters: 0 0 0

#Transform 50
Transform: AffineTransform_float_3_3
Parameters: 0.999995 0.00309628 -0.000280872 -0.00309671 0.999994 0.00101087 0.00028413 -0.00101013 1 -0.111494 0.0357056 -0.262568
FixedParameters: 0 0 0

#Transform 51
Transform: AffineTransform_float_3_3
Parameters: 0.999994 0.00323129 -0.000429794 -0.0032307 0.999994 0.000683392 0.000432204 -0.000681607 0.999999 -0.115336 0.0284449 -0.259805
FixedParameters: 0 0 0

#Transform 52
Transform: AffineTransform_float_3_3
Parameters: 0.999994 0.0032055 -0.000630461 -0.0032045 0.999994 0.000793024 0.000632538 -0.000790976 0.999999 -0.113036 0.0377045 -0.241317
FixedParameters: 0 0 0

#Transform 53
Transform: AffineTransform_float_3_3
Parameters: 0.999994 0.00328442 -0.000482117 -0.00328357 0.999994 0.000878588 0.000484883 -0.000877412 0.999999 -0.118648 0.0275215 -0.249748
FixedParameters: 0 0 0

#Transform 54
Transform: AffineTransform_float_3_3
Parameters: 0.999994 0.00333965 -0.000599404 -0.00333835 0.999994 0.00107801 0.000603596 -0.00107599 0.999999 -0.113309 0.0119212 -0.253328
FixedParameters: 0 0 0

#Transform 55
Transform: AffineTransform_float_3_3
Parameters: 0.999994 0.00344265 -0.000601303 -0.00344235 0.999993 0.00107508 0.000604701 -0.00107392 0.999999 -0.11674 0.0172142 -0.247648
FixedParameters: 0 0 0

#Transform 56
Transform: AffineTransform_float_3_3
Parameters: 0.999994 0.00345171 -0.000683389 -0.00345128 0.999993 0.00104736 0.000686613 -0.00104564 0.999999 -0.117623 0.0379112 -0.247284
FixedParameters: 0 0 0

#Transform 57
Transform: AffineTransform_float_3_3
Parameters: 0.999993 0.00357961 -0.000525837 -0.00357938 0.999993 0.00116389 0.000530163 -0.00116211 0.999999 -0.12957 0.0263689 -0.239039
FixedParameters: 0 0 0

#Transform 58
Transform: AffineTransform_float_3_3
Parameters: 0.999993 0.00352975 -0.000611701 -0.00352925 0.999993 0.00121917 0.000616299 -0.00121683 0.999999 -0.144729 0.0219324 -0.239299
FixedParameters: 0 0 0

#Transform 59
Transform: AffineTransform_float_3_3
Parameters: 0.999994 0.00357967 -0.000554684 -0.00357933 0.999993 0.00120699 0.000559317 -0.00120501 0.999999 -0.133713 0.0148461 -0.220611
FixedParameters: 0 0 0

#Transform 60
Transform: AffineTransform_float_3_3
Parameters: 0.999994 0.00341961 -0.000561311 -0.00341939 0.999993 0.00107993 0.00056469 -0.00107808 1 -0.128237 0.0297742 -0.222253
FixedParameters: 0 0 0

#Transform 61
Transform: AffineTransform_float_3_3
Parameters: 0.999995 0.00289643 -0.000566813 -0.00289557 0.999995 0.000755644 0.000569186 -0.000754354 0.999999 -0.0976402 0.117171 -0.183248
FixedParameters: 0 0 0

#Transform 62
Transform: AffineTransform_float_3_3
Parameters: 0.999996 0.00289703 -0.00103312 -0.00289597 0.999996 0.000996997 0.00103588 -0.000994004 0.999999 -0.07699 0.0704071 -0.225129
FixedParameters: 0 0 0

#Transform 63
Transform: AffineTransform_float_3_3
Parameters: 0.999993 0.00348539 -0.00117387 -0.00348461 0.999993 0.0011861 0.00117813 -0.0011819 0.999998 -0.0919832 0.0556811 -0.245285
FixedParameters: 0 0 0

#Transform 64
Transform: AffineTransform_float_3_3
Parameters: 0.999994 0.00348513 -0.00109641 -0.00348387 0.999994 0.00103283 0.00109959 -0.00102917 0.999999 -0.0950566 0.0916435 -0.25747
FixedParameters: 0 0 0

#Transform 65
Transform: AffineTransform_float_3_3
Parameters: 0.999993 0.00348479 -0.00076741 -0.00348421 0.999994 0.00103168 0.000770591 -0.00102932 0.999999 -0.108835 0.0571062 -0.247754
FixedParameters: 0 0 0

#Transform 66
Transform: AffineTransform_float_3_3
Parameters: 0.999993 0.00348501 -0.000736239 -0.00348399 0.999993 0.00136757 0.000741758 -0.00136442 0.999999 -0.112331 0.0475545 -0.265688
FixedParameters: 0 0 0

#Transform 67
Transform: AffineTransform_float_3_3
Parameters: 0.999994 0.00348525 -0.000899193 -0.00348376 0.999993 0.00138114 0.000903807 -0.00137786 0.999998 -0.109612 0.0672955 -0.271359
FixedParameters: 0 0 0

#Transform 68
Transform: AffineTransform_float_3_3
Parameters: 0.999993 0.003485 -0.000853935 -0.003484 0.999993 0.00116798 0.000858064 -0.00116502 0.999999 -0.10526 0.0503238 -0.269838
FixedParameters: 0 0 0

#Transform 69
Transform: AffineTransform_float_3_3
Parameters: 0.999993 0.00365207 -0.00107637 -0.00365093 0.999993 0.000994937 0.00107963 -0.000991064 0.999999 -0.0948043 0.0774921 -0.278854
FixedParameters: 0 0 0

#Transform 70
Transform: AffineTransform_float_3_3
Parameters: 0.999993 0.00365525 -0.000988373 -0.00365374 0.999992 0.00126762 0.000992627 -0.00126438 0.999998 -0.104872 0.0763675 -0.280474
FixedParameters: 0 0 0

#Transform 71
Transform: AffineTransform_float_3_3
Parameters: 0.999993 0.00375845 -0.000987489 -0.00375655 0.999992 0.00146872 0.000993513 -0.00146528 0.999999 -0.0976032 0.0526725 -0.271699
FixedParameters: 0 0 0

#Transform 72
Transform: AffineTransform_float_3_3
Parameters: 0.999994 0.00343753 -0.0012207 -0.00343647 0.999994 0.0012522 0.0012253 -0.0012478 0.999999 -0.0927031 0.111111 -0.255605
FixedParameters: 0 0 0

#Transform 73
Transform: AffineTransform_float_3_3
Parameters: 0.999993 0.00365097 -0.00134064 -0.00364903 0.999993 0.0014699 0.00134636 -0.0014651 0.999998 -0.0870064 0.120815 -0.264581
FixedParameters: 0 0 0

#Transform 74
Transform: AffineTransform_float_3_3
Parameters: 0.999991 0.00383575 -0.00143431 -0.00383424 0.999992 0.00122451 0.00143969 -0.00121949 0.999998 -0.0842874 0.126901 -0.260542
FixedParameters: 0 0 0

#Transform 75
Transform: AffineTransform_float_3_3
Parameters: 0.999994 0.00339206 -0.0013157 -0.00338994 0.999993 0.00156647 0.0013213 -0.00156153 0.999998 -0.0793366 0.0841353 -0.287646
FixedParameters: 0 0 0

#Transform 76
Transform: AffineTransform_float_3_3
Parameters: 0.999992 0.00377185 -0.00134984 -0.00377015 0.999992 0.0013701 0.00135516 -0.0013649 0.999998 -0.068781 0.129866 -0.306169
FixedParameters: 0 0 0

#Transform 77
Transform: AffineTransform_float_3_3
Parameters: 0.999993 0.00370484 -0.00127567 -0.00370316 0.999992 0.00144174 0.00128133 -0.00143726 0.999998 -0.0786232 0.0882855 -0.303704
FixedParameters: 0 0 0

#Transform 78
Transform: AffineTransform_float_3_3
Parameters: 0.999993 0.00362187 -0.00114309 -0.00361913 0.999992 0.00163415 0.00114891 -0.00162985 0.999998 -0.0848289 0.0912172 -0.300656
FixedParameters: 0 0 0

#Transform 79
Transform: AffineTransform_float_3_3
Parameters: 0.999992 0.00379477 -0.00129081 -0.00379223 0.999992 0.00136991 0.00129619 -0.00136509 0.999998 -0.0902953 0.0852413 -0.286256
FixedParameters: 0 0 0

#Transform 80
Transform: AffineTransform_float_3_3
Parameters: 0.999992 0.00381279 -0.00130579 -0.00381121 0.999992 0.00136999 0.00131121 -0.00136501 0.999998 -0.0745196 0.106586 -0.295244
FixedParameters: 0 0 0

#Transform 81
Transform: AffineTransform_float_3_3
Parameters: 0.999992 0.00380679 -0.0013078 -0.00380521 0.999992 0.00136999 0.00131321 -0.00136501 0.999998 -0.0706991 0.0918823 -0.302165
FixedParameters: 0 0 0

#Transform 82
Transform: AffineTransform_float_3_3
Parameters: 0.999993 0.00376855 -0.00100421 -0.00376745 0.999991 0.0015388 0.00101079 -0.0015352 0.999999 -0.0781675 0.106633 -0.29637
FixedParameters: 0 0 0

#Transform 83
Transform: AffineTransform_float_3_3
Parameters: 0.999993 0.00352438 -0.00138898 -0.00352262 0.999993 0.0017119 0.00139502 -0.0017071 0.999997 -0.0810795 0.0712952 -0.288534
FixedParameters: 0 0 0

#Transform 84
Transform: AffineTransform_float_3_3
Parameters: 0.999992 0.00365383 -0.00124464 -0.00365217 0.999993 0.00146956 0.00124936 -0.00146545 0.999998 -0.0812194 0.0809761 -0.289402
FixedParameters: 0 0 0

#Transform 85
Transform: AffineTransform_float_3_3
Parameters: 0.999993 0.00369581 -0.00127479 -0.0036932 0.999992 0.00141372 0.00128022 -0.00140928 0.999998 -0.0729956 0.103816 -0.287486
FixedParameters: 0 0 0

#Transform 86
Transform: AffineTransform_float_3_3
Parameters: 0.999991 0.00388356 -0.00138686 -0.00388044 0.999991 0.0018424 0.00139414 -0.0018376 0.999998 -0.0659304 0.0890666 -0.290611
FixedParameters: 0 0 0

#Transform 87
Transform: AffineTransform_float_3_3
Parameters: 0.999992 0.00392775 -0.00101121 -0.00392625 0.999991 0.00172998 0.00101779 -0.00172602 0.999998 -0.0753278 0.110214 -0.28656
FixedParameters: 0 0 0

#Transform 88
Transform: AffineTransform_float_3_3
Parameters: 0.999993 0.00364077 -0.000957307 -0.00363923 0.999991 0.0018405 0.000963695 -0.0018375 0.999998 -0.078024 0.0912947 -0.285758
FixedParameters: 0 0 0

#Transform 89
Transform: AffineTransform_float_3_3
Parameters: 0.999992 0.00387364 -0.000977533 -0.00387136 0.999991 0.0016718 0.000983467 -0.0016682 0.999998 -0.0737485 0.0973848 -0.295055
FixedParameters: 0 0 0

#Transform 90
Transform: AffineTransform_float_3_3
Parameters: 0.999992 0.00382161 -0.000987792 -0.00382039 0.999992 0.00162679 0.00099421 -0.00162321 0.999998 -0.0736569 0.100304 -0.298864
FixedParameters: 0 0 0

#Transform 91
Transform: AffineTransform_float_3_3
Parameters: 0.999992 0.00373763 -0.000973756 -0.00373537 0.999991 0.00167265 0.00097924 -0.00166835 0.999998 -0.0681293 0.0830529 -0.301118
FixedParameters: 0 0 0

#Transform 92
Transform: AffineTransform_float_3_3
Parameters: 0.999991 0.00393666 -0.00144076 -0.00393334 0.99999 0.00184268 0.00144724 -0.00183732 0.999998 -0.0658477 0.078502 -0.291471
FixedParameters: 0 0 0

#Transform 93
Transform: AffineTransform_float_3_3
Parameters: 0.999991 0.00397403 -0.00158744 -0.00397097 0.999991 0.00190532 0.00159555 -0.00189868 0.999997 -0.0605488 0.0654093 -0.291955
FixedParameters: 0 0 0

#Transform 94
Transform: AffineTransform_float_3_3
Parameters: 0.999991 0.0039979 -0.00157065 -0.0039951 0.999991 0.00184329 0.00157835 -0.00183671 0.999997 -0.0665572 0.109703 -0.291938
FixedParameters: 0 0 0

#Transform 95
Transform: AffineTransform_float_3_3
Parameters: 0.99999 0.00406253 -0.00191252 -0.00405847 0.99999 0.00184478 0.00192047 -0.00183722 0.999996 -0.0519799 0.117675 -0.295927
FixedParameters: 0 0 0

#Transform 96
Transform: AffineTransform_float_3_3
Parameters: 0.99999 0.00407549 -0.0018935 -0.00407251 0.99999 0.00184473 0.0019005 -0.00183727 0.999996 -0.0592987 0.123957 -0.298368
FixedParameters: 0 0 0

#Transform 97
Transform: AffineTransform_float_3_3
Parameters: 0.999989 0.00423146 -0.00164212 -0.00422754 0.999989 0.00210296 0.00165088 -0.00209604 0.999997 -0.0619077 0.0942547 -0.305794
FixedParameters: 0 0 0

#Transform 98
Transform: AffineTransform_float_3_3
Parameters: 0.999989 0.00429197 -0.00147035 -0.00428902 0.999989 0.00201833 0.00147964 -0.00201167 0.999997 -0.0685344 0.0964729 -0.300573
FixedParameters: 0 0 0

#Transform 99
Transform: AffineTransform_float_3_3
Parameters: 0.99999 0.00432724 -0.0016445 -0.00432376 0.999988 0.00196813 0.0016535 -0.00196086 0.999996 -0.0631019 0.123771 -0.295986
FixedParameters: 0 0 0

#Transform 100
Transform: AffineTransform_float_3_3
Parameters: 0.99999 0.0042926 -0.00139502 -0.0042904 0.999989 0.001863 0.00140298 -0.001857 0.999998 -0.0715986 0.11601 -0.2986
FixedParameters: 0 0 0

#Transform 101
Transform: AffineTransform_float_3_3
Parameters: 0.999989 0.00439087 -0.00158406 -0.00438713 0.999988 0.00181297 0.00159194 -0.00180603 0.999997 -0.0701541 0.108051 -0.284157
FixedParameters: 0 0 0

#Transform 102
Transform: AffineTransform_float_3_3
Parameters: 0.99999 0.00439088 -0.00144027 -0.00438713 0.999989 0.00199134 0.00144873 -0.00198566 0.999997 -0.063333 0.108284 -0.291071
FixedParameters: 0 0 0

#Transform 103
Transform: AffineTransform_float_3_3
Parameters: 0.999989 0.00439092 -0.00161106 -0.00438708 0.999988 0.00181309 0.00161895 -0.00180691 0.999997 -0.0562464 0.129397 -0.302046
FixedParameters: 0 0 0

#Transform 104
Transform: AffineTransform_float_3_3
Parameters: 0.999989 0.00439126 -0.0016383 -0.00438775 0.999989 0.00198521 0.0016477 -0.00197779 0.999996 -0.0685304 0.12595 -0.3144
FixedParameters: 0 0 0

#Transform 105
Transform: AffineTransform_float_3_3
Parameters: 0.99999 0.00439066 -0.00146606 -0.00438734 0.999988 0.00181245 0.00147394 -0.00180655 0.999998 -0.0754977 0.116179 -0.328234
FixedParameters: 0 0 0

#Transform 106
Transform: AffineTransform_float_3_3
Parameters: 0.999989 0.0043911 -0.001505 -0.00438791 0.999989 0.00205263 0.001514 -0.00204637 0.999997 -0.0683122 0.098049 -0.325655
FixedParameters: 0 0 0

#Transform 107
Transform: AffineTransform_float_3_3
Parameters: 0.999989 0.00439071 -0.00151718 -0.00438729 0.999989 0.00178568 0.00152482 -0.00177932 0.999998 -0.0601781 0.115335 -0.326723
FixedParameters: 0 0 0

#Transform 108
Transform: AffineTransform_float_3_3
Parameters: 0.99999 0.00439071 -0.00143372 -0.00438729 0.999988 0.00189031 0.00144128 -0.00188369 0.999997 -0.0636223 0.107873 -0.331575
FixedParameters: 0 0 0

#Transform 109
Transform: AffineTransform_float_3_3
Parameters: 0.99999 0.00439059 -0.00131036 -0.00438742 0.999989 0.00197177 0.00131864 -0.00196623 0.999997 -0.0752813 0.107336 -0.334782
FixedParameters: 0 0 0

#Transform 110
Transform: AffineTransform_float_3_3
Parameters: 0.999989 0.004566 -0.00159946 -0.004563 0.999988 0.00187432 0.00160854 -0.00186668 0.999997 -0.0664438 0.107837 -0.333362
FixedParameters: 0 0 0

#Transform 111
Transform: AffineTransform_float_3_3
Parameters: 0.99999 0.00439083 -0.00139814 -0.00438717 0.999989 0.00202116 0.00140686 -0.00201484 0.999997 -0.0736141 0.0923007 -0.331296
FixedParameters: 0 0 0

#Transform 112
Transform: AffineTransform_float_3_3
Parameters: 0.999989 0.00439076 -0.0015321 -0.00438723 0.999988 0.00180274 0.0015409 -0.00179625 0.999997 -0.0644652 0.118489 -0.341814
FixedParameters: 0 0 0

#Transform 113
Transform: AffineTransform_float_3_3
Parameters: 0.999989 0.00439093 -0.00155877 -0.00438707 0.999988 0.00187886 0.00156723 -0.00187114 0.999997 -0.0634195 0.110785 -0.339232
FixedParameters: 0 0 0

#Transform 114
Transform: AffineTransform_float_3_3
Parameters: 0.999989 0.00450622 -0.00164721 -0.00450278 0.999988 0.00195444 0.00165579 -0.00194756 0.999996 -0.0674735 0.107917 -0.343834
FixedParameters: 0 0 0

#Transform 115
Transform: AffineTransform_float_3_3
Parameters: 0.999989 0.00439158 -0.00169476 -0.00438743 0.999988 0.00210846 0.00170324 -0.00210054 0.999997 -0.0686859 0.0677586 -0.324726
FixedParameters: 0 0 0

#Transform 116
Transform: AffineTransform_float_3_3
Parameters: 0.999989 0.00439154 -0.00166671 -0.00438746 0.999988 0.00211934 0.00167629 -0.00211166 0.999997 -0.061078 0.0972876 -0.328232
FixedParameters: 0 0 0

#Transform 117
Transform: AffineTransform_float_3_3
Parameters: 0.999989 0.00432973 -0.00191859 -0.00432626 0.999988 0.00194632 0.00192641 -0.00193868 0.999997 -0.0511488 0.109575 -0.31563
FixedParameters: 0 0 0

#Transform 118
Transform: AffineTransform_float_3_3
Parameters: 0.999988 0.0043295 -0.00203544 -0.00432549 0.999988 0.00221283 0.00204456 -0.00220417 0.999995 -0.0531247 0.0873317 -0.327124
FixedParameters: 0 0 0

#Transform 119
Transform: AffineTransform_float_3_3
Parameters: 0.999989 0.00432739 -0.00181759 -0.00432361 0.999987 0.00241189 0.00182842 -0.00240411 0.999996 -0.0570222 0.0709 -0.327988
FixedParameters: 0 0 0

#Transform 120
Transform: AffineTransform_float_3_3
Parameters: 0.999988 0.00439223 -0.00189623 -0.00438777 0.999988 0.00223034 0.00190577 -0.00222165 0.999995 -0.0569422 0.0869444 -0.331344
FixedParameters: 0 0 0

#Transform 121
Transform: AffineTransform_float_3_3
Parameters: 0.999989 0.00439189 -0.00175931 -0.0043871 0.999988 0.00221074 0.00176969 -0.00220325 0.999996 -0.0597583 0.0850712 -0.333796
FixedParameters: 0 0 0

#Transform 122
Transform: AffineTransform_float_3_3
Parameters: 0.99999 0.00412002 -0.001651 -0.00411598 0.999988 0.00243282 0.001661 -0.00242618 0.999995 -0.0513303 0.0638915 -0.338157
FixedParameters: 0 0 0

#Transform 123
Transform: AffineTransform_float_3_3
Parameters: 0.999991 0.00384833 -0.00165197 -0.00384368 0.999989 0.00261237 0.00166204 -0.00260663 0.999995 -0.0533608 0.0446336 -0.320928
FixedParameters: 0 0 0

#Transform 124
Transform: AffineTransform_float_3_3
Parameters: 0.999992 0.0038481 -0.00163943 -0.00384391 0.99999 0.00249232 0.00164857 -0.00248568 0.999995 -0.0591858 0.0527925 -0.308986
FixedParameters: 0 0 0

#Transform 125
Transform: AffineTransform_float_3_3
Parameters: 0.999991 0.00375441 -0.00188524 -0.00375059 0.99999 0.00233809 0.00189376 -0.00233091 0.999995 -0.048525 0.0516654 -0.301415
FixedParameters: 0 0 0

#Transform 126
Transform: AffineTransform_float_3_3
Parameters: 0.999991 0.00384854 -0.00180033 -0.00384346 0.99999 0.00251794 0.00181067 -0.00251106 0.999995 -0.0471694 0.0604589 -0.320551
FixedParameters: 0 0 0

#Transform 127
Transform: AffineTransform_float_3_3
Parameters: 0.999991 0.00384912 -0.00186045 -0.00384388 0.999989 0.00274717 0.00187156 -0.00274082 0.999994 -0.051578 0.0235487 -0.321849
FixedParameters: 0 0 0

#Transform 128
Transform: AffineTransform_float_3_3
Parameters: 0.99999 0.00426743 -0.00136128 -0.00426357 0.999987 0.00251583 0.00137172 -0.00251017 0.999996 -0.0755461 0.0237705 -0.323244
FixedParameters: 0 0 0

#Transform 129
Transform: AffineTransform_float_3_3
Parameters: 0.999989 0.00421512 -0.00173603 -0.00421188 0.999989 0.00236934 0.00174597 -0.00236167 0.999995 -0.0538111 0.0459058 -0.300021
FixedParameters: 0 0 0

#Transform 130
Transform: AffineTransform_float_3_3
Parameters: 0.99999 0.00429218 -0.00166526 -0.00428782 0.999987 0.00250717 0.00167674 -0.00249983 0.999996 -0.0638619 0.018775 -0.315533
FixedParameters: 0 0 0

#Transform 131
Transform: AffineTransform_float_3_3
Parameters: 0.999989 0.00421546 -0.00177645 -0.00421154 0.999988 0.00250751 0.00178655 -0.0024995 0.999996 -0.0674974 0.0213755 -0.307756
FixedParameters: 0 0 0

#Transform 132
Transform: AffineTransform_float_3_3
Parameters: 0.99999 0.00399528 -0.00201051 -0.00399172 0.99999 0.00212905 0.00201849 -0.00212096 0.999995 -0.040651 0.0694328 -0.330659
FixedParameters: 0 0 0

#Transform 133
Transform: AffineTransform_float_3_3
Parameters: 0.999992 0.00376317 -0.00177018 -0.00375984 0.99999 0.00234968 0.00177883 -0.00234333 0.999995 -0.0426578 0.05431 -0.328651
FixedParameters: 0 0 0

#Transform 134
Transform: AffineTransform_float_3_3
Parameters: 0.999991 0.00390811 -0.00163622 -0.00390389 0.999989 0.00250641 0.00164578 -0.00249959 0.999995 -0.0471861 0.0556792 -0.338845
FixedParameters: 0 0 0

#Transform 135
Transform: AffineTransform_float_3_3
Parameters: 0.999991 0.00402758 -0.00142692 -0.00402441 0.999989 0.00250576 0.00143707 -0.00249923 0.999996 -0.0633702 0.0174699 -0.335699
FixedParameters: 0 0 0

#Transform 136
Transform: AffineTransform_float_3_3
Parameters: 0.999992 0.00375708 -0.0012256 -0.00375392 0.99999 0.00250462 0.0012344 -0.00249938 0.999996 -0.0738359 0.016364 -0.315064
FixedParameters: 0 0 0

#Transform 137
Transform: AffineTransform_float_3_3
Parameters: 0.999992 0.0038252 -0.00133989 -0.0038228 0.99999 0.00238414 0.00134911 -0.00237886 0.999997 -0.0600131 0.0463796 -0.313389
FixedParameters: 0 0 0

#Transform 138
Transform: AffineTransform_float_3_3
Parameters: 0.999993 0.00369837 -0.00133975 -0.00369464 0.99999 0.00250497 0.00134925 -0.00250003 0.999996 -0.0709551 0.0241439 -0.314626
FixedParameters: 0 0 0

#Transform 139
Transform: AffineTransform_float_3_3
Parameters: 0.999992 0.00392096 -0.00133636 -0.00391805 0.99999 0.00220625 0.00134464 -0.00220175 0.999996 -0.0741263 0.0404574 -0.313184
FixedParameters: 0 0 0

#Transform 140
Transform: AffineTransform_float_3_3
Parameters: 0.999992 0.0037998 -0.0013984 -0.0037972 0.999991 0.00200233 0.00140559 -0.00199667 0.999997 -0.082709 0.0439642 -0.299909
FixedParameters: 0 0 0

#Transform 141
Transform: AffineTransform_float_3_3
Parameters: 0.999991 0.00380885 -0.00179385 -0.00380515 0.99999 0.00214384 0.00180215 -0.00213715 0.999996 -0.075985 0.0364459 -0.27878
FixedParameters: 0 0 0

#Transform 142
Transform: AffineTransform_float_3_3
Parameters: 0.999992 0.00359184 -0.0018355 -0.00358816 0.999992 0.0020916 0.0018425 -0.0020844 0.999996 -0.0697231 0.056972 -0.278402
FixedParameters: 0 0 0

#Transform 143
Transform: AffineTransform_float_3_3
Parameters: 0.999992 0.00359249 -0.00178901 -0.00358851 0.999991 0.00250644 0.00179799 -0.00249956 0.999996 -0.0690339 0.0350635 -0.304216
FixedParameters: 0 0 0

#Transform 144
Transform: AffineTransform_float_3_3
Parameters: 0.999991 0.0038039 -0.00150619 -0.0037991 0.99999 0.00258274 0.00151581 -0.00257726 0.999995 -0.0890638 0.00688649 -0.304482
FixedParameters: 0 0 0

#Transform 145
Transform: AffineTransform_float_3_3
Parameters: 0.999991 0.00373814 -0.00199025 -0.00373386 0.999991 0.00207845 0.00199775 -0.00207155 0.999996 -0.0895132 0.0535779 -0.265105
FixedParameters: 0 0 0

#Transform 146
Transform: AffineTransform_float_3_3
Parameters: 0.999993 0.00359134 -0.00159852 -0.00358766 0.999992 0.00208675 0.00160648 -0.00208025 0.999996 -0.0876856 0.158548 -0.20224
FixedParameters: 0 0 0

#Transform 147
Transform: AffineTransform_float_3_3
Parameters: 0.99999 0.00382392 -0.00206274 -0.00382007 0.999991 0.0019039 0.00206926 -0.00189611 0.999996 -0.0777974 0.174116 -0.246266
FixedParameters: 0 0 0

#Transform 148
Transform: AffineTransform_float_3_3
Parameters: 0.99999 0.00405465 -0.00222455 -0.00405035 0.999989 0.00209003 0.00223345 -0.00208097 0.999996 -0.0865821 0.127613 -0.256888
FixedParameters: 0 0 0

#Transform 149
Transform: AffineTransform_float_3_3
Parameters: 0.99999 0.0035937 -0.00247975 -0.00358829 0.999991 0.00230292 0.00248825 -0.00229308 0.999995 -0.0643016 0.140905 -0.266518
FixedParameters: 0 0 0

#Transform 150
Transform: AffineTransform_float_3_3
Parameters: 0.999991 0.00359419 -0.0025483 -0.00358781 0.99999 0.00242816 0.00255771 -0.00241983 0.999994 -0.0550043 0.135411 -0.278493
FixedParameters: 0 0 0

#Transform 151
Transform: AffineTransform_float_3_3
Parameters: 0.999991 0.00347885 -0.00210299 -0.00347415 0.999992 0.00230633 0.002111 -0.00229868 0.999995 -0.0661652 0.169634 -0.20398
FixedParameters: 0 0 0

#Transform 152
Transform: AffineTransform_float_3_3
Parameters: 0.999992 0.00364331 -0.00200538 -0.00363769 0.99999 0.00264532 0.00201562 -0.00263768 0.999994 -0.0776466 0.163388 -0.168777
FixedParameters: 0 0 0

#Transform 153
Transform: AffineTransform_float_3_3
Parameters: 0.999989 0.00397235 -0.00242563 -0.00396565 0.999988 0.00261665 0.00243637 -0.00260735 0.999993 -0.062944 0.148473 -0.197223
FixedParameters: 0 0 0

#Transform 154
Transform: AffineTransform_float_3_3
Parameters: 0.999989 0.00417286 -0.0020229 -0.00416614 0.999985 0.00338546 0.0020371 -0.00337754 0.999992 -0.0771858 0.136756 -0.190175
FixedParameters: 0 0 0

#Transform 155
Transform: AffineTransform_float_3_3
Parameters: 0.99999 0.00405297 -0.00217191 -0.00404704 0.999988 0.00274382 0.0021831 -0.00273518 0.999994 -0.0767715 0.156243 -0.203672
FixedParameters: 0 0 0

#Transform 156
Transform: AffineTransform_float_3_3
Parameters: 0.99999 0.00389336 -0.00189306 -0.00388964 0.99999 0.00230038 0.00190194 -0.00229362 0.999995 -0.0866075 0.177002 -0.208224
FixedParameters: 0 0 0

#Transform 157
Transform: AffineTransform_float_3_3
Parameters: 0.99999 0.00409151 -0.00166999 -0.00408749 0.999988 0.00269485 0.00168101 -0.00268815 0.999995 -0.0923781 0.133993 -0.220855
FixedParameters: 0 0 0

#Transform 158
Transform: AffineTransform_float_3_3
Parameters: 0.999991 0.00402474 -0.00174511 -0.00402026 0.999988 0.00271204 0.0017559 -0.00270496 0.999995 -0.094665 0.0968202 -0.205899
FixedParameters: 0 0 0

#Transform 159
Transform: AffineTransform_float_3_3
Parameters: 0.999989 0.00423566 -0.00172012 -0.00422933 0.999985 0.00328231 0.00173387 -0.00327469 0.999993 -0.0951199 0.0776974 -0.216767
FixedParameters: 0 0 0

#Transform 160
Transform: AffineTransform_float_3_3
Parameters: 0.999991 0.00389378 -0.00165782 -0.00388923 0.999989 0.00287547 0.00166818 -0.00286853 0.999994 -0.0944169 0.0927238 -0.222217
FixedParameters: 0 0 0

#Transform 161
Transform: AffineTransform_float_3_3
Parameters: 0.99999 0.0038945 -0.0019048 -0.0038895 0.999989 0.00288144 0.0019162 -0.00287457 0.999994 -0.084228 0.0906792 -0.24242
FixedParameters: 0 0 0

#Transform 162
Transform: AffineTransform_float_3_3
Parameters: 0.999991 0.0040508 -0.00169559 -0.00404621 0.999988 0.00282189 0.00170641 -0.00281511 0.999994 -0.0916894 0.100902 -0.251169
FixedParameters: 0 0 0

#Transform 163
Transform: AffineTransform_float_3_3
Parameters: 0.999991 0.00393547 -0.0018816 -0.00392953 0.999988 0.00290142 0.0018934 -0.00289458 0.999994 -0.0819155 0.0767356 -0.251168
FixedParameters: 0 0 0

#Transform 164
Transform: AffineTransform_float_3_3
Parameters: 0.999991 0.00381367 -0.00188356 -0.00380833 0.999988 0.0030042 0.00189543 -0.0029968 0.999993 -0.0819655 0.0542999 -0.25191
FixedParameters: 0 0 0

#Transform 165
Transform: AffineTransform_float_3_3
Parameters: 0.99999 0.00386493 -0.00191005 -0.00385907 0.999988 0.0030984 0.00192195 -0.0030906 0.999994 -0.0864829 0.0598452 -0.224539
FixedParameters: 0 0 0

#Transform 166
Transform: AffineTransform_float_3_3
Parameters: 0.99999 0.00402339 -0.00198611 -0.00401761 0.999987 0.00320901 0.00199889 -0.00320099 0.999993 -0.0844712 0.0604391 -0.241151
FixedParameters: 0 0 0

#Transform 167
Transform: AffineTransform_float_3_3
Parameters: 0.999989 0.004162 -0.00217767 -0.004155 0.999986 0.00321009 0.00219133 -0.00320092 0.999993 -0.0812399 0.0623285 -0.240225
FixedParameters: 0 0 0

#Transform 168
Transform: AffineTransform_float_3_3
Parameters: 0.999989 0.00424779 -0.00191421 -0.00424222 0.999987 0.00301615 0.00192679 -0.00300785 0.999993 -0.0910589 0.0746136 -0.250452
FixedParameters: 0 0 0

#Transform 169
Transform: AffineTransform_float_3_3
Parameters: 0.99999 0.00405751 -0.0019717 -0.00405249 0.999988 0.00279202 0.00198331 -0.00278398 0.999994 -0.0832434 0.0853803 -0.254052
FixedParameters: 0 0 0

#Transform 170
Transform: AffineTransform_float_3_3
Parameters: 0.99999 0.00410014 -0.002091 -0.00409386 0.999988 0.00293259 0.002103 -0.00292441 0.999993 -0.0837287 0.0668496 -0.249173
FixedParameters: 0 0 0

#Transform 171
Transform: AffineTransform_float_3_3
Parameters: 0.999988 0.00414838 -0.00263944 -0.00414062 0.999988 0.00279496 0.00265156 -0.00278403 0.999992 -0.079603 0.0786882 -0.240559
FixedParameters: 0 0 0

#Transform 172
Transform: AffineTransform_float_3_3
Parameters: 0.999987 0.00419037 -0.00263532 -0.00418263 0.999988 0.00279506 0.00264768 -0.00278394 0.999992 -0.0825084 0.0997071 -0.252702
FixedParameters: 0 0 0

#Transform 173
Transform: AffineTransform_float_3_3
Parameters: 0.999989 0.00418959 -0.00235733 -0.00418241 0.999988 0.00279389 0.00236968 -0.00278411 0.999994 -0.0893215 0.0903142 -0.24937
FixedParameters: 0 0 0

#Transform 174
Transform: AffineTransform_float_3_3
Parameters: 0.999986 0.00444176 -0.00294684 -0.00443224 0.999986 0.0029731 0.00296016 -0.00295989 0.999991 -0.063938 0.0652264 -0.249202
FixedParameters: 0 0 0

#Transform 175
Transform: AffineTransform_float_3_3
Parameters: 0.999987 0.00444135 -0.00274754 -0.00443264 0.999985 0.00303922 0.00276146 -0.00302677 0.999991 -0.0849328 0.0733327 -0.267153
FixedParameters: 0 0 0

#Transform 176
Transform: AffineTransform_float_3_3
Parameters: 0.999985 0.00444139 -0.00304378 -0.0044326 0.999987 0.00275953 0.00305621 -0.00274547 0.999991 -0.0763361 0.113378 -0.240371
FixedParameters: 0 0 0

#Transform 177
Transform: AffineTransform_float_3_3
Parameters: 0.999986 0.00459896 -0.00284518 -0.00459105 0.999986 0.0027971 0.00285782 -0.0027839 0.999992 -0.0819077 0.081929 -0.251185
FixedParameters: 0 0 0

#Transform 178
Transform: AffineTransform_float_3_3
Parameters: 0.999988 0.0041901 -0.00277933 -0.0041829 0.999988 0.00255566 0.00278968 -0.00254434 0.999993 -0.0757219 0.0995142 -0.252497
FixedParameters: 0 0 0

#Transform 179
Transform: AffineTransform_float_3_3
Parameters: 0.999987 0.00444065 -0.0027286 -0.00443236 0.999986 0.00280213 0.00274141 -0.00278987 0.999993 -0.0878411 0.0799341 -0.2413
FixedParameters: 0 0 0

#Transform 180
Transform: AffineTransform_float_3_3
Parameters: 0.999987 0.00418565 -0.0027559 -0.00417734 0.999987 0.00313855 0.0027691 -0.00312745 0.999992 -0.0886541 0.0328967 -0.211786
FixedParameters: 0 0 0

#Transform 181
Transform: AffineTransform_float_3_3
Parameters: 0.999989 0.00414481 -0.00211967 -0.00413819 0.999987 0.0027398 0.00213033 -0.0027312 0.999994 -0.0887957 0.0722389 -0.215593
FixedParameters: 0 0 0

#Transform 182
Transform: AffineTransform_float_3_3
Parameters: 0.999989 0.00401294 -0.00211979 -0.00400706 0.999988 0.00279852 0.0021302 -0.00278948 0.999994 -0.0893785 0.0688742 -0.23832
FixedParameters: 0 0 0

#Transform 183
Transform: AffineTransform_float_3_3
Parameters: 0.999989 0.00414218 -0.00229105 -0.00413481 0.999986 0.00313251 0.00230394 -0.00312349 0.999992 -0.0830505 0.0506102 -0.240163
FixedParameters: 0 0 0

#Transform 184
Transform: AffineTransform_float_3_3
Parameters: 0.999989 0.0040146 -0.00236616 -0.0040074 0.999987 0.00320652 0.00237885 -0.00319748 0.999992 -0.0852927 0.0520587 -0.240499
FixedParameters: 0 0 0

#Transform 185
Transform: AffineTransform_float_3_3
Parameters: 0.999989 0.00401361 -0.00235979 -0.00400739 0.999988 0.00279949 0.00237121 -0.00278951 0.999994 -0.0779754 0.069542 -0.237645
FixedParameters: 0 0 0

#Transform 186
Transform: AffineTransform_float_3_3
Parameters: 0.999991 0.00375937 -0.0022755 -0.00375263 0.999989 0.00279856 0.00228649 -0.00278943 0.999993 -0.0697975 0.0747079 -0.245361
FixedParameters: 0 0 0

#Transform 187
Transform: AffineTransform_float_3_3
