# transform file /out/sourcedata/freesurfer/sub-v1s23x0050609_ses-1/mri/transforms/cc_up.lta
# created by oesteban on Mon Mar  9 22:03:48 2026

type      = 0 # LINEAR_VOX_TO_VOX
nxforms   = 1
mean      = 130.0000 120.0000 125.0000
sigma     = 10000.0000
1 4 4
9.995220303535461e-01 -1.318300794810057e-02 2.796376124024391e-02 -4.252139091491699e+00 
1.317785121500492e-02 9.999130964279175e-01 3.686785057652742e-04 2.424750328063965e+01 
-2.796619012951851e-02 0.000000000000000e+00 9.996089339256287e-01 9.690247535705566e+00 
0.000000000000000e+00 0.000000000000000e+00 0.000000000000000e+00 1.000000000000000e+00 
src volume info
valid = 1  # volume info valid
filename = /out/sourcedata/freesurfer/sub-v1s23x0050609_ses-1/mri/norm.mgz
volume = 256 256 256
voxelsize = 1.000000000000000e+00 1.000000000000000e+00 1.000000000000000e+00
xras   = -1.000000000000000e+00 0.000000000000000e+00 0.000000000000000e+00
yras   = 0.000000000000000e+00 0.000000000000000e+00 -1.000000000000000e+00
zras   = 0.000000000000000e+00 1.000000000000000e+00 0.000000000000000e+00
cras   = 8.471450805664062e+00 -4.631431579589844e+01 1.037333679199219e+01
dst volume info
valid = 1  # volume info valid
filename = /out/sourcedata/freesurfer/sub-v1s23x0050609_ses-1/mri/norm.mgz
volume = 256 256 256
voxelsize = 1.000000000000000e+00 1.000000000000000e+00 1.000000000000000e+00
xras   = -1.000000000000000e+00 0.000000000000000e+00 0.000000000000000e+00
yras   = 0.000000000000000e+00 0.000000000000000e+00 -1.000000000000000e+00
zras   = 0.000000000000000e+00 1.000000000000000e+00 0.000000000000000e+00
cras   = 8.471450805664062e+00 -4.631431579589844e+01 1.037333679199219e+01
