# transform file /out/sourcedata/freesurfer/sub-v1s23x0050612_ses-1/mri/transforms/cc_up.lta
# created by oesteban on Mon Mar  9 22:07:52 2026

type      = 0 # LINEAR_VOX_TO_VOX
nxforms   = 1
mean      = 132.0000 159.0000 86.0000
sigma     = 10000.0000
1 4 4
9.994826316833496e-01 3.042449057102203e-02 -1.043647434562445e-02 -8.699232101440430e+00 
-3.042283281683922e-02 9.995370507240295e-01 3.176714526489377e-04 -5.933418750762939e+00 
1.044130790978670e-02 0.000000000000000e+00 9.999455213546753e-01 5.062210845947266e+01 
0.000000000000000e+00 0.000000000000000e+00 0.000000000000000e+00 1.000000000000000e+00 
src volume info
valid = 1  # volume info valid
filename = /out/sourcedata/freesurfer/sub-v1s23x0050612_ses-1/mri/norm.mgz
volume = 256 256 256
voxelsize = 1.000000000000000e+00 1.000000000000000e+00 1.000000000000000e+00
xras   = -1.000000000000000e+00 0.000000000000000e+00 0.000000000000000e+00
yras   = 0.000000000000000e+00 0.000000000000000e+00 -1.000000000000000e+00
zras   = 0.000000000000000e+00 1.000000000000000e+00 0.000000000000000e+00
cras   = 4.401832580566406e+01 -4.522056579589844e+01 4.974833679199219e+01
dst volume info
valid = 1  # volume info valid
filename = /out/sourcedata/freesurfer/sub-v1s23x0050612_ses-1/mri/norm.mgz
volume = 256 256 256
voxelsize = 1.000000000000000e+00 1.000000000000000e+00 1.000000000000000e+00
xras   = -1.000000000000000e+00 0.000000000000000e+00 0.000000000000000e+00
yras   = 0.000000000000000e+00 0.000000000000000e+00 -1.000000000000000e+00
zras   = 0.000000000000000e+00 1.000000000000000e+00 0.000000000000000e+00
cras   = 4.401832580566406e+01 -4.522056579589844e+01 4.974833679199219e+01
