# transform file /out/sourcedata/freesurfer/sub-v1s23x0050628_ses-1/mri/transforms/cc_up.lta
# created by oesteban on Mon Mar  9 22:42:41 2026

type      = 0 # LINEAR_VOX_TO_VOX
nxforms   = 1
mean      = 129.0000 107.0000 106.0000
sigma     = 10000.0000
1 4 4
9.993023872375488e-01 9.111693128943443e-03 3.622022271156311e-02 -5.279405117034912e+00 
-9.105714038014412e-03 9.999585747718811e-01 -3.300411917734891e-04 4.321088027954102e+01 
-3.622172772884369e-02 -2.910383392618066e-11 9.993438720703125e-01 3.373757171630859e+01 
0.000000000000000e+00 0.000000000000000e+00 0.000000000000000e+00 1.000000000000000e+00 
src volume info
valid = 1  # volume info valid
filename = /out/sourcedata/freesurfer/sub-v1s23x0050628_ses-1/mri/norm.mgz
volume = 256 256 256
voxelsize = 1.000000000000000e+00 1.000000000000000e+00 1.000000000000000e+00
xras   = -1.000000000000000e+00 0.000000000000000e+00 0.000000000000000e+00
yras   = 0.000000000000000e+00 0.000000000000000e+00 -1.000000000000000e+00
zras   = 0.000000000000000e+00 1.000000000000000e+00 0.000000000000000e+00
cras   = 4.183082580566406e+01 -4.850181579589844e+01 3.060771179199219e+01
dst volume info
valid = 1  # volume info valid
filename = /out/sourcedata/freesurfer/sub-v1s23x0050628_ses-1/mri/norm.mgz
volume = 256 256 256
voxelsize = 1.000000000000000e+00 1.000000000000000e+00 1.000000000000000e+00
xras   = -1.000000000000000e+00 0.000000000000000e+00 0.000000000000000e+00
yras   = 0.000000000000000e+00 0.000000000000000e+00 -1.000000000000000e+00
zras   = 0.000000000000000e+00 1.000000000000000e+00 0.000000000000000e+00
cras   = 4.183082580566406e+01 -4.850181579589844e+01 3.060771179199219e+01
