#Insight Transform File V1.0
#Transform 0
Transform: AffineTransform_float_3_3
Parameters: 1 -5.06e-08 -0.0001 -5.06e-08 1 -0.000506 0.0001 0.000506 1 -0.00163369 -0.00251538 0.397731
FixedParameters: 0 0 0

#Transform 1
Transform: AffineTransform_float_3_3
Parameters: 1 -1.56032e-07 -0.000368 -1.56032e-07 1 -0.000424 0.000368 0.000424 1 0.017656 0.0442851 -0.0729266
FixedParameters: 0 0 0

#Transform 2
Transform: AffineTransform_float_3_3
Parameters: 1 -0.000423885 -0.000196248 0.000424115 0.999999 0.000585917 0.000196751 -0.000586083 1 0.0551656 0.138725 -0.085126
FixedParameters: 0 0 0

#Transform 3
Transform: AffineTransform_float_3_3
Parameters: 0.999999 -0.000715024 5.26661e-05 0.000714975 0.999999 0.000467038 -5.33339e-05 -0.000466962 1 0.0363852 -0.0837616 -0.0854748
FixedParameters: 0 0 0

#Transform 4
Transform: AffineTransform_float_3_3
Parameters: 0.999999 -0.000715447 0.000453295 0.000714552 1 0.000986325 -0.000454705 -0.000985676 1 0.0143409 0.102702 -0.15815
FixedParameters: 0 0 0

#Transform 5
Transform: AffineTransform_float_3_3
Parameters: 0.999999 -0.00118604 0.000453889 0.00118596 1 9.35384e-05 -0.000454111 -9.34615e-05 1 0.0487224 0.0471972 -0.0559961
FixedParameters: 0 0 0

#Transform 6
Transform: AffineTransform_float_3_3
Parameters: 1 -0.00103103 0.000375924 0.00103097 1 7.43876e-05 -0.000376077 -7.46123e-05 1 0.0479903 0.134759 -0.0917979
FixedParameters: 0 0 0

#Transform 7
Transform: AffineTransform_float_3_3
Parameters: 0.999999 -0.000919064 0.000123523 0.000918936 1 0.000519114 -0.000123477 -0.000518887 1 0.0510458 -0.0369227 -0.0630934
FixedParameters: 0 0 0

#Transform 8
Transform: AffineTransform_float_3_3
Parameters: 1 -0.000481016 -0.000140944 0.000480984 1 -0.000116068 0.000141056 0.000115932 1 0.0537923 0.201085 -0.112009
FixedParameters: 0 0 0

#Transform 9
Transform: AffineTransform_float_3_3
Parameters: 0.999999 -0.00130593 -0.000125731 0.00130607 0.999999 0.000559836 0.000125269 -0.000560164 1 0.0644056 -0.0611667 -0.0232978
FixedParameters: 0 0 0

#Transform 10
Transform: AffineTransform_float_3_3
Parameters: 0.999999 -0.000923906 -0.00018148 0.000924094 1 0.000519833 0.000181519 -0.000520168 1 0.0546306 0.0646719 -0.0379218
FixedParameters: 0 0 0

#Transform 11
Transform: AffineTransform_float_3_3
Parameters: 1 -0.000589073 0.000243823 0.000588926 1 0.000301144 -0.000244177 -0.000300856 1 0.0338768 0.0720469 -0.0937324
FixedParameters: 0 0 0

#Transform 12
Transform: AffineTransform_float_3_3
Parameters: 0.999999 -0.000716007 6.19148e-05 0.000715992 0.999999 0.000119044 -6.20852e-05 -0.000118956 1 0.0314384 0.0965137 -0.147125
FixedParameters: 0 0 0

#Transform 13
Transform: AffineTransform_float_3_3
Parameters: 0.999999 -0.000880026 -0.000127813 0.000879972 0.999999 -0.000212112 0.000128186 0.000211887 1 0.0466378 0.102006 -0.134585
FixedParameters: 0 0 0

#Transform 14
Transform: AffineTransform_float_3_3
Parameters: 0.999999 -0.000750923 0.000129442 0.000751076 0.999999 -0.000588903 -0.000129558 0.000589097 1 0.0406843 0.112541 -0.163629
FixedParameters: 0 0 0

#Transform 15
Transform: AffineTransform_float_3_3
Parameters: 0.999999 -0.000772997 7.27364e-06 0.000773002 0.999999 -0.000353994 -6.72635e-06 0.000354005 1 0.0495513 0.11379 -0.145565
FixedParameters: 0 0 0

#Transform 16
Transform: AffineTransform_float_3_3
Parameters: 0.999999 -0.000886047 -0.000145709 0.000885951 0.999999 -0.000328129 0.00014629 0.00032787 1 0.0632971 0.0853014 -0.136123
FixedParameters: 0 0 0

#Transform 17
Transform: AffineTransform_float_3_3
Parameters: 0.999999 -0.000671434 -0.000640544 0.000671564 0.999999 -0.00067943 0.000641455 0.000678569 0.999999 0.0678968 0.101804 -0.130454
FixedParameters: 0 0 0

#Transform 18
Transform: AffineTransform_float_3_3
Parameters: 0.999999 -0.000866211 -0.000352483 0.00086579 1 -0.000597306 0.000352517 0.000596695 1 0.06024 0.0951775 -0.110014
FixedParameters: 0 0 0

#Transform 19
Transform: AffineTransform_float_3_3
Parameters: 1 -0.000949099 -0.000430781 0.0009489 0.999999 -0.000231409 0.000431219 0.000230591 1 0.0599322 0.106954 -0.10483
FixedParameters: 0 0 0

#Transform 20
Transform: AffineTransform_float_3_3
Parameters: 0.999999 -0.000558189 -0.000640835 0.00055881 1 -0.000295358 0.000641165 0.000295642 1 0.052595 0.0910183 -0.116881
FixedParameters: 0 0 0

#Transform 21
Transform: AffineTransform_float_3_3
Parameters: 1 -0.000618068 -0.000232818 0.000617931 1 -0.000295144 0.000233182 0.000294856 1 0.0357467 0.10763 -0.104777
FixedParameters: 0 0 0

#Transform 22
Transform: AffineTransform_float_3_3
Parameters: 0.999999 -0.000767994 -0.000338012 0.000768005 0.999999 1.57404e-05 0.000337987 -1.62596e-05 1 0.0396191 0.0983845 -0.0980863
FixedParameters: 0 0 0

#Transform 23
Transform: AffineTransform_float_3_3
Parameters: 0.999999 -0.000788922 -0.000173354 0.000789077 0.999999 0.000448863 0.000172646 -0.000449136 1 0.0303093 0.0782292 -0.0847633
FixedParameters: 0 0 0

#Transform 24
Transform: AffineTransform_float_3_3
Parameters: 1 -0.000476777 -0.000382278 0.000477223 0.999999 0.000583817 0.000382721 -0.000584182 1 0.0214495 0.101148 -0.0828219
FixedParameters: 0 0 0

#Transform 25
Transform: AffineTransform_float_3_3
Parameters: 1 -0.000469042 6.56975e-05 0.000468957 0.999999 0.000645031 -6.63025e-05 -0.000644969 1 0.0223338 0.0763707 -0.0822978
FixedParameters: 0 0 0

#Transform 26
Transform: AffineTransform_float_3_3
Parameters: 1 -0.000490993 -2.6134e-05 0.000491007 1 0.000272987 2.58659e-05 -0.000273013 1 0.0228082 0.090595 -0.100119
FixedParameters: 0 0 0

#Transform 27
Transform: AffineTransform_float_3_3
Parameters: 1 -0.000490994 -6.00447e-05 0.000491005 1 9.09705e-05 5.99553e-05 -9.10294e-05 1 0.0228144 0.0834165 -0.105194
FixedParameters: 0 0 0

#Transform 28
Transform: AffineTransform_float_3_3
Parameters: 1 -0.000235853 -0.000191182 0.000236147 0.999999 0.000770954 0.000190818 -0.000771045 0.999999 0.0199658 0.0781478 -0.0862294
FixedParameters: 0 0 0

#Transform 29
Transform: AffineTransform_float_3_3
Parameters: 1 -0.000608367 -0.000360071 0.000608633 0.999999 0.00175978 0.000358929 -0.00176022 0.999999 0.033841 0.0799915 -0.0577484
FixedParameters: 0 0 0

#Transform 30
Transform: AffineTransform_float_3_3
Parameters: 1 -0.000194446 -0.000537201 0.000194554 1 0.0010309 0.0005368 -0.00103111 1 0.0152083 0.09656 -0.067173
FixedParameters: 0 0 0

#Transform 31
Transform: AffineTransform_float_3_3
Parameters: 1 -0.000123747 -0.000210149 0.000123253 1 0.00120297 0.000209852 -0.00120303 1 0.00828002 0.0683713 -0.0523961
FixedParameters: 0 0 0

#Transform 32
Transform: AffineTransform_float_3_3
Parameters: 1 -0.000296674 -0.000319304 0.000296326 1 0.00102291 0.000318697 -0.0010231 1 0.0180422 0.0506999 -0.0306538
FixedParameters: 0 0 0

#Transform 33
Transform: AffineTransform_float_3_3
Parameters: 1 -0.000374297 -0.000419628 0.000374703 0.999998 0.00167584 0.000419373 -0.00167616 0.999999 0.0202928 0.0269116 -0.00602181
FixedParameters: 0 0 0

#Transform 34
Transform: AffineTransform_float_3_3
Parameters: 1 -0.000227808 -0.000204215 0.000227193 0.999999 0.000941953 0.000204786 -0.000942046 0.999999 0.00615654 0.0297773 -0.0258122
FixedParameters: 0 0 0

#Transform 35
Transform: AffineTransform_float_3_3
Parameters: 1 -0.000327725 -0.000317284 0.000328275 0.999999 0.000866895 0.000316715 -0.000867103 0.999999 0.0128557 0.0367245 -0.0261485
FixedParameters: 0 0 0

#Transform 36
Transform: AffineTransform_float_3_3
Parameters: 1 -0.000152727 -0.000285147 0.000153273 0.999999 0.000957956 0.000284853 -0.000958044 1 -0.00569591 0.0315531 -0.0344662
FixedParameters: 0 0 0

#Transform 37
Transform: AffineTransform_float_3_3
Parameters: 1 -3.47364e-05 -0.000290032 3.52636e-05 0.999999 0.000908989 0.000289968 -0.000909009 0.999999 -0.00787575 0.0373251 -0.0364678
FixedParameters: 0 0 0

#Transform 38
Transform: AffineTransform_float_3_3
Parameters: 1 -0.000115272 -0.000687122 0.000116727 1 0.00105892 0.000686877 -0.00105908 0.999999 0.0112582 0.0463859 -0.0279604
FixedParameters: 0 0 0

#Transform 39
Transform: AffineTransform_float_3_3
Parameters: 0.999999 -0.000137225 -0.000900427 0.000139773 0.999995 0.00308188 0.000899573 -0.00308212 0.999995 0.00477694 0.1263 -0.0572355
FixedParameters: 0 0 0

#Transform 40
Transform: AffineTransform_float_3_3
Parameters: 1 0.000134947 -0.000582781 -0.000134055 0.999998 0.00162408 0.000582218 -0.00162392 0.999998 -0.00791432 0.0636687 -0.0685757
FixedParameters: 0 0 0

#Transform 41
Transform: AffineTransform_float_3_3
Parameters: 1 0.000116727 -0.000561849 -0.000116273 0.999999 0.00129407 0.000562151 -0.00129393 0.999999 0.0116962 0.05325 -0.0574764
FixedParameters: 0 0 0

#Transform 42
Transform: AffineTransform_float_3_3
Parameters: 0.999999 -0.000283203 -0.000691327 0.000283796 1 0.0011528 0.000690673 -0.0011532 0.999999 0.0192702 0.0548888 -0.0478773
FixedParameters: 0 0 0

#Transform 43
Transform: AffineTransform_float_3_3
Parameters: 0.999999 -0.000385023 -0.000724987 0.000384977 1 -3.22791e-05 0.000725012 3.17209e-05 0.999999 0.0212045 0.0849549 -0.110356
FixedParameters: 0 0 0

#Transform 44
Transform: AffineTransform_float_3_3
Parameters: 1 -5.38732e-06 -0.000635996 5.61267e-06 1 -0.000609003 0.000636003 0.000608996 0.999999 0.00658534 0.0384793 -0.12376
FixedParameters: 0 0 0

#Transform 45
Transform: AffineTransform_float_3_3
Parameters: 1 -0.000384688 -0.000520231 0.000385312 0.999999 0.000599799 0.000519769 -0.0006002 0.999999 0.0223155 0.058659 -0.0503012
FixedParameters: 0 0 0

#Transform 46
Transform: AffineTransform_float_3_3
Parameters: 1 -0.000258022 -0.000404986 0.000257978 1 -5.41045e-05 0.000405014 5.38955e-05 1 0.00863109 0.0956684 -0.0860067
FixedParameters: 0 0 0

#Transform 47
Transform: AffineTransform_float_3_3
Parameters: 0.999999 -0.000385262 -0.000774869 0.000385738 1 -0.000338299 0.00077513 0.000337701 0.999999 0.0170258 0.0938786 -0.111304
FixedParameters: 0 0 0

#Transform 48
Transform: AffineTransform_float_3_3
Parameters: 1 -0.000242297 -0.000588878 0.000241703 1 -0.000504142 0.000589122 0.000503857 0.999999 0.0117894 0.119126 -0.145745
FixedParameters: 0 0 0

#Transform 49
Transform: AffineTransform_float_3_3
Parameters: 1 -8.91242e-05 -0.000250956 8.88757e-05 1 -0.000495022 0.000251044 0.000494978 1 0.00358063 0.124543 -0.116414
FixedParameters: 0 0 0

#Transform 50
Transform: AffineTransform_float_3_3
Parameters: 1 -0.000630237 -0.000273454 0.000630763 1 -0.000866173 0.000274547 0.000866827 0.999999 0.0110334 0.0958188 -0.131127
FixedParameters: 0 0 0

#Transform 51
Transform: AffineTransform_float_3_3
Parameters: 1 -0.000944444 -0.000449068 0.000943557 0.999999 -0.000987425 0.000449932 0.000986576 1 0.0272982 0.0942041 -0.0830954
FixedParameters: 0 0 0

#Transform 52
Transform: AffineTransform_float_3_3
Parameters: 0.999999 -0.000632542 -0.000507325 0.000632457 0.999999 -0.00106732 0.000508675 0.00106668 1 0.0252869 0.0869112 -0.090343
FixedParameters: 0 0 0

#Transform 53
Transform: AffineTransform_float_3_3
Parameters: 1 -0.000513551 -0.000433347 0.000512447 0.999999 -0.00127222 0.000434652 0.00127178 0.999999 0.0245653 0.0949074 -0.0969884
FixedParameters: 0 0 0

#Transform 54
Transform: AffineTransform_float_3_3
Parameters: 1 -0.00039142 -0.000541696 0.00039058 0.999999 -0.000775211 0.000542302 0.000774787 0.999999 0.0243678 0.0617997 -0.0865096
FixedParameters: 0 0 0

#Transform 55
Transform: AffineTransform_float_3_3
Parameters: 0.999999 -0.000443615 -0.000744634 0.000443384 0.999999 -0.00082633 0.000745366 0.00082567 1 0.0268142 0.0772337 -0.0758061
FixedParameters: 0 0 0

#Transform 56
Transform: AffineTransform_float_3_3
Parameters: 0.999999 -0.00045008 -0.0012226 0.000448921 1 -0.00088255 0.0012234 0.00088245 0.999999 0.039639 0.0619617 -0.0752094
FixedParameters: 0 0 0

#Transform 57
Transform: AffineTransform_float_3_3
Parameters: 0.999999 -0.000506987 -0.00124719 0.000505014 0.999998 -0.00159263 0.00124781 0.00159237 0.999998 0.0225852 0.105651 -0.123279
FixedParameters: 0 0 0

#Transform 58
Transform: AffineTransform_float_3_3
Parameters: 1 -0.000533642 -0.00105217 0.000532358 0.999998 -0.00156056 0.00105283 0.00155944 0.999998 0.0322899 0.0910397 -0.112975
FixedParameters: 0 0 0

#Transform 59
Transform: AffineTransform_float_3_3
Parameters: 0.999999 -0.000423697 -0.00136417 0.000421303 0.999998 -0.00197658 0.00136484 0.00197642 0.999997 0.0442575 0.0986787 -0.104865
FixedParameters: 0 0 0

#Transform 60
Transform: AffineTransform_float_3_3
Parameters: 0.999999 -4.11465e-05 -0.000909948 3.98533e-05 0.999999 -0.00126004 0.00091005 0.00125996 0.999999 0.0171417 0.0992862 -0.0949525
FixedParameters: 0 0 0

#Transform 61
Transform: AffineTransform_float_3_3
Parameters: 1 -5.26009e-05 -0.0003149 5.13989e-05 0.999998 -0.00190802 0.000315099 0.00190798 0.999998 -0.00354474 0.0972598 -0.109208
FixedParameters: 0 0 0

#Transform 62
Transform: AffineTransform_float_3_3
Parameters: 0.999999 -0.000432287 -0.000681184 0.000431713 0.999998 -0.00188929 0.000681816 0.00188871 0.999998 0.00674468 0.0935303 -0.0880413
FixedParameters: 0 0 0

#Transform 63
Transform: AffineTransform_float_3_3
Parameters: 0.999997 -0.0014429 -0.00188273 0.0014361 0.999993 -0.00366072 0.00188827 0.00365829 0.999992 0.0958022 0.0567549 -0.119836
FixedParameters: 0 0 0

#Transform 64
Transform: AffineTransform_float_3_3
Parameters: 0.999999 0.000241415 -0.000855448 -0.000242586 0.999999 -0.00185279 0.000855552 0.00185321 0.999998 -0.0109801 0.0629898 -0.0552442
FixedParameters: 0 0 0

#Transform 65
Transform: AffineTransform_float_3_3
Parameters: 0.999999 8.99407e-05 -0.000816117 -9.1059e-05 0.999999 -0.00129793 0.000815882 0.00129807 0.999999 -0.00377114 0.0592589 -0.0498204
FixedParameters: 0 0 0

#Transform 66
Transform: AffineTransform_float_3_3
Parameters: 0.999999 -0.000318052 -0.000854609 0.000316947 0.999999 -0.00123127 0.00085539 0.00123073 0.999999 0.0191923 0.0271088 -0.0421596
FixedParameters: 0 0 0

#Transform 67
Transform: AffineTransform_float_3_3
Parameters: 0.999999 -0.000318373 -0.000717392 0.000316628 0.999998 -0.00191323 0.000717607 0.00191277 0.999998 0.00068241 0.0694135 -0.0610191
FixedParameters: 0 0 0

#Transform 68
Transform: AffineTransform_float_3_3
Parameters: 0.999999 -0.000160359 -0.000854746 0.00015964 0.999998 -0.00159014 0.000855255 0.00158986 0.999999 -0.0036099 0.0916722 -0.0822963
FixedParameters: 0 0 0

#Transform 69
Transform: AffineTransform_float_3_3
Parameters: 0.999999 -0.000533663 -0.000515313 0.000532335 0.999999 -0.00128727 0.000516685 0.00128672 0.999999 0.00209713 -0.00822996 -0.0329196
FixedParameters: 0 0 0

#Transform 70
Transform: AffineTransform_float_3_3
Parameters: 1 -0.00037629 -0.000196445 0.00037571 0.999999 -0.00147507 0.000196554 0.00147493 0.999999 -0.0226535 0.0757936 -0.0526511
FixedParameters: 0 0 0

#Transform 71
Transform: AffineTransform_float_3_3
Parameters: 1 -0.000546408 -0.000236059 0.000546593 0.999999 -0.00172313 0.000236942 0.00172287 0.999999 0.00390893 0.0442373 -0.0519491
FixedParameters: 0 0 0

#Transform 72
Transform: AffineTransform_float_3_3
Parameters: 0.999999 -0.000566938 -0.00120256 0.000566063 0.999999 -0.000779681 0.00120244 0.000779319 0.999999 0.0218906 0.0542334 -0.054075
FixedParameters: 0 0 0

#Transform 73
Transform: AffineTransform_float_3_3
Parameters: 0.999998 0.000545266 -0.00153497 -0.000547732 0.999999 -0.00178016 0.00153403 0.00178184 0.999997 -0.0346123 0.0825044 -0.0862498
FixedParameters: 0 0 0

#Transform 74
Transform: AffineTransform_float_3_3
Parameters: 1 0.000619155 -0.000849617 -0.000619847 1 -0.000995474 0.000849384 0.000995527 0.999999 -0.0394789 0.0498995 -0.0389832
FixedParameters: 0 0 0

#Transform 75
Transform: AffineTransform_float_3_3
Parameters: 1 0.000444869 -0.00106048 -0.000446132 1 -0.00106653 0.00106052 0.00106747 0.999999 -0.0242564 0.0279301 -0.013878
FixedParameters: 0 0 0

#Transform 76
Transform: AffineTransform_float_3_3
Parameters: 0.999999 0.000261309 -0.00134733 -0.00026369 0.999999 -0.00125465 0.00134667 0.00125535 0.999999 -0.0152842 0.0621311 -0.00724488
FixedParameters: 0 0 0

#Transform 77
Transform: AffineTransform_float_3_3
Parameters: 0.999999 0.000125607 -0.00100517 -0.000127393 0.999999 -0.00138587 0.00100482 0.00138613 0.999998 -0.0213209 0.0676683 -0.0252638
FixedParameters: 0 0 0

#Transform 78
Transform: AffineTransform_float_3_3
Parameters: 0.999999 3.28614e-05 -0.000969039 -3.41385e-05 1 -0.00117497 0.00096896 0.00117503 0.999999 -0.0136546 0.0541492 -0.0225756
FixedParameters: 0 0 0

#Transform 79
Transform: AffineTransform_float_3_3
Parameters: 0.999999 0.000197762 -0.00134748 -0.000201237 0.999997 -0.00240373 0.00134652 0.00240327 0.999996 -0.0205116 0.087181 -0.0776659
FixedParameters: 0 0 0

#Transform 80
Transform: AffineTransform_float_3_3
Parameters: 0.999999 0.000196811 -0.00101723 -0.000198189 1 -0.0011688 0.00101677 0.0011692 0.999999 -0.0198137 0.0848475 -0.0439411
FixedParameters: 0 0 0

#Transform 81
Transform: AffineTransform_float_3_3
Parameters: 0.999999 3.33884e-05 -0.000780026 -3.36115e-05 0.999999 -0.000783974 0.000779974 0.000784026 1 -0.0242841 0.0643375 -0.010994
FixedParameters: 0 0 0

#Transform 82
Transform: AffineTransform_float_3_3
Parameters: 0.999999 -0.000123404 -0.00071393 0.000123596 1 -0.000566088 0.00071407 0.000565912 0.999999 -0.0131399 0.0516266 -0.0076491
FixedParameters: 0 0 0

#Transform 83
Transform: AffineTransform_float_3_3
Parameters: 0.999999 -3.69457e-05 -0.00127797 3.60542e-05 0.999999 -0.000740046 0.00127803 0.000739953 0.999999 0.00327476 0.022099 -0.00683008
FixedParameters: 0 0 0

#Transform 84
Transform: AffineTransform_float_3_3
Parameters: 1 0.000104892 -0.00106911 -0.000106107 0.999999 -0.00103589 0.00106889 0.00103611 0.999999 -0.0115897 0.0508235 0.00250268
FixedParameters: 0 0 0

#Transform 85
Transform: AffineTransform_float_3_3
Parameters: 1 0.00022903 -0.0011222 -0.000230971 0.999999 -0.000864741 0.0011228 0.000864257 0.999999 -0.0158322 0.0680711 -0.00537929
FixedParameters: 0 0 0

#Transform 86
Transform: AffineTransform_float_3_3
Parameters: 1 0.000291092 -0.000977271 -0.000291908 1 -0.000928716 0.00097673 0.000929285 0.999999 -0.0238398 0.0641575 -0.0190156
FixedParameters: 0 0 0

#Transform 87
Transform: AffineTransform_float_3_3
Parameters: 0.999999 0.000170835 -0.000983202 -0.000172165 1 -0.00118483 0.000982796 0.00118517 0.999999 -0.0139776 0.0550893 -0.0323402
FixedParameters: 0 0 0

#Transform 88
Transform: AffineTransform_float_3_3
Parameters: 1 0.000394728 -0.000955527 -0.000396273 0.999999 -0.00133262 0.000954473 0.00133238 0.999998 -0.0256298 0.0723054 -0.0342866
FixedParameters: 0 0 0

#Transform 89
Transform: AffineTransform_float_3_3
Parameters: 1 0.000382598 -0.00114647 -0.000384402 0.999999 -0.00122256 0.00114653 0.00122344 0.999998 -0.0219191 0.083159 -0.0161809
FixedParameters: 0 0 0

#Transform 90
Transform: AffineTransform_float_3_3
Parameters: 1 0.000362815 -0.000969445 -0.000364186 0.999999 -0.00122265 0.000969556 0.00122335 0.999999 -0.0249344 0.05938 -0.0155485
FixedParameters: 0 0 0

#Transform 91
Transform: AffineTransform_float_3_3
Parameters: 0.999999 0.000159162 -0.000874153 -0.000159838 0.999999 -0.00095886 0.000873847 0.000959139 0.999999 -0.0184527 0.0879745 -0.0134958
FixedParameters: 0 0 0

#Transform 92
Transform: AffineTransform_float_3_3
Parameters: 1 0.000318974 -0.0011103 -0.000320026 0.999999 -0.000924645 0.00110971 0.000924354 0.999999 -0.0186364 0.0560211 -0.0229408
FixedParameters: 0 0 0

#Transform 93
Transform: AffineTransform_float_3_3
Parameters: 1 0.000284421 -0.00109641 -0.000285579 0.999999 -0.00144069 0.00109559 0.00144031 0.999999 -0.022041 0.0706264 -0.0227572
FixedParameters: 0 0 0

#Transform 94
Transform: AffineTransform_float_3_3
Parameters: 1 6.61198e-05 -0.00102706 -6.68801e-05 0.999999 -0.000856932 0.00102694 0.000857068 0.999999 -0.0118524 0.0568544 -0.0181749
FixedParameters: 0 0 0

#Transform 95
Transform: AffineTransform_float_3_3
Parameters: 0.999999 1.00692e-05 -0.00091701 -1.09307e-05 1 -0.00101499 0.000916989 0.00101501 0.999999 -0.0042916 0.041885 -0.00201042
FixedParameters: 0 0 0

#Transform 96
Transform: AffineTransform_float_3_3
Parameters: 0.999999 0.00040159 -0.000715792 -0.000403408 0.999998 -0.00196971 0.000714206 0.00197029 0.999998 -0.0161374 0.0663295 -0.0428502
FixedParameters: 0 0 0

#Transform 97
Transform: AffineTransform_float_3_3
Parameters: 0.999999 0.000268435 -0.00121235 -0.000269566 0.999999 -0.00129167 0.00121165 0.00129133 0.999999 -0.00779098 0.0653889 -0.0203771
FixedParameters: 0 0 0

#Transform 98
Transform: AffineTransform_float_3_3
Parameters: 0.999999 -2.64229e-05 -0.000999962 2.45769e-05 0.999999 -0.00142302 0.00100003 0.00142297 0.999998 -0.00923081 0.0723428 -0.0394436
FixedParameters: 0 0 0

#Transform 99
Transform: AffineTransform_float_3_3
Parameters: 0.999999 -0.000760051 -0.00110359 0.000757948 0.999998 -0.00185784 0.00110541 0.00185716 0.999997 0.0300632 0.0491362 -0.0375968
FixedParameters: 0 0 0

#Transform 100
Transform: AffineTransform_float_3_3
Parameters: 0.999998 -0.000855943 -0.00141222 0.000853056 0.999998 -0.00208321 0.00141478 0.00208179 0.999997 0.0366178 0.0607539 -0.0645358
FixedParameters: 0 0 0

#Transform 101
Transform: AffineTransform_float_3_3
Parameters: 0.999999 -0.000279147 -0.000898644 0.000278852 0.999999 -0.00127625 0.000899356 0.00127575 0.999999 -0.00175487 0.0482665 -0.0249993
FixedParameters: 0 0 0

#Transform 102
Transform: AffineTransform_float_3_3
Parameters: 0.999999 -0.000278214 -0.00146077 0.000276787 0.999999 -0.000830405 0.00146123 0.000830594 0.999998 0.0169275 0.19185 -0.0750997
FixedParameters: 0 0 0

#Transform 103
Transform: AffineTransform_float_3_3
Parameters: 0.999999 -0.000469334 -0.00138889 0.000468666 1 -0.000240651 0.00138911 0.000240348 0.999999 0.0142299 0.183769 -0.0927817
FixedParameters: 0 0 0

#Transform 104
Transform: AffineTransform_float_3_3
Parameters: 0.999998 -0.00065348 -0.00146078 0.00065252 0.999999 -0.000328953 0.00146121 0.000328045 0.999999 -0.00199599 -0.109897 -0.0271299
FixedParameters: 0 0 0

#Transform 105
Transform: AffineTransform_float_3_3
Parameters: 1 -0.000457423 -0.000908788 0.000456577 1 -0.000465415 0.000909213 0.000464584 1 -0.0143634 0.0127589 -0.0313893
FixedParameters: 0 0 0

#Transform 106
Transform: AffineTransform_float_3_3
Parameters: 0.999999 -0.000455307 -0.00087484 0.000455693 1 -0.000350399 0.000875159 0.000350601 0.999999 -0.0169443 0.0416251 -0.0276333
FixedParameters: 0 0 0

#Transform 107
Transform: AffineTransform_float_3_3
Parameters: 0.999999 -0.000364408 -0.000813816 0.000363591 1 -0.000502296 0.000814182 0.000501703 0.999999 -0.0135435 0.0379639 -0.0360558
FixedParameters: 0 0 0

#Transform 108
Transform: AffineTransform_float_3_3
Parameters: 0.999999 -0.000367145 -0.000723419 0.000365853 0.999998 -0.00158326 0.000724579 0.00158273 0.999998 -0.000855893 0.076724 -0.0540536
FixedParameters: 0 0 0

#Transform 109
Transform: AffineTransform_float_3_3
Parameters: 0.999999 2.00032e-05 -0.000793025 -2.09968e-05 0.999999 -0.00125698 0.000792974 0.00125702 0.999999 -0.0194304 0.0641714 -0.0494746
FixedParameters: 0 0 0

#Transform 110
Transform: AffineTransform_float_3_3
Parameters: 0.999999 -4.09594e-05 -0.00142294 3.90405e-05 0.999999 -0.00137706 0.00142306 0.00137694 0.999998 -0.0123374 0.0654232 -0.0521605
FixedParameters: 0 0 0

#Transform 111
Transform: AffineTransform_float_3_3
Parameters: 0.999999 -3.82799e-05 -0.00142302 3.87205e-05 1 0.000505945 0.00142398 -0.000506055 0.999999 0.00147218 0.0525235 0.0138387
FixedParameters: 0 0 0

#Transform 112
Transform: AffineTransform_float_3_3
Parameters: 1 5.77093e-05 -0.00119601 -5.82906e-05 1 -0.000242931 0.00119599 0.000243069 1 -0.0179488 0.0441741 0.00964681
FixedParameters: 0 0 0

#Transform 113
Transform: AffineTransform_float_3_3
Parameters: 0.999999 -3.81005e-05 -0.00141202 3.88994e-05 1 0.000636945 0.00141198 -0.000637054 0.999999 -0.0126709 -0.0086619 0.0407951
FixedParameters: 0 0 0

#Transform 114
Transform: AffineTransform_float_3_3
Parameters: 1 0.000700003 -0.000927998 -0.000699998 1 2.6496e-06 0.000928002 -2.3504e-06 0.999999 -0.0462016 0.0486782 0.0068725
FixedParameters: 0 0 0

#Transform 115
Transform: AffineTransform_float_3_3
Parameters: 0.999999 0.000882154 -0.00151591 -0.000881848 0.999999 0.000101337 0.00151509 -0.000100664 0.999999 -0.0489056 0.035406 0.00967882
FixedParameters: 0 0 0

#Transform 116
Transform: AffineTransform_float_3_3
Parameters: 0.999998 0.0014193 -0.00133369 -0.0014197 0.999999 0.000222894 0.00133432 -0.000221107 0.999999 -0.0699852 0.0373466 0.00105522
FixedParameters: 0 0 0

#Transform 117
Transform: AffineTransform_float_3_3
Parameters: 0.999998 0.00123021 -0.00108176 -0.00122979 0.999999 0.000193331 0.00108224 -0.000191669 1 -0.0626526 0.0380524 0.0158289
FixedParameters: 0 0 0

#Transform 118
Transform: AffineTransform_float_3_3
Parameters: 0.999999 0.00108998 -0.00142925 -0.00108902 0.999999 0.000687558 0.00143075 -0.000685442 0.999998 -0.0559918 -0.00245557 0.0224128
FixedParameters: 0 0 0

#Transform 119
Transform: AffineTransform_float_3_3
Parameters: 0.999997 0.001465 -0.00184462 -0.001462 0.999997 0.0016287 0.00184638 -0.0016253 0.999997 -0.0680956 0.0541914 0.0299187
FixedParameters: 0 0 0

#Transform 120
Transform: AffineTransform_float_3_3
Parameters: 0.999998 0.00124032 -0.00118166 -0.00123967 0.999999 0.000276465 0.00118134 -0.000274535 1 -0.0613884 0.0297067 0.00325966
FixedParameters: 0 0 0

#Transform 121
Transform: AffineTransform_float_3_3
Parameters: 0.999999 0.00111553 -0.00144036 -0.00111547 1 -0.000324394 0.00144064 0.000325608 0.999999 -0.0579062 0.0657384 -0.00427051
FixedParameters: 0 0 0

#Transform 122
Transform: AffineTransform_float_3_3
Parameters: 0.999999 0.000881918 -0.000923078 -0.000882082 0.999999 -8.81858e-05 0.000922922 8.88139e-05 0.999999 -0.0527237 0.0649829 -0.00991511
FixedParameters: 0 0 0

#Transform 123
Transform: AffineTransform_float_3_3
Parameters: 0.999999 0.000658259 -0.00115842 -0.00065874 0.999999 -0.000639237 0.00115758 0.000639762 0.999999 -0.0210243 0.0427465 -0.0124727
FixedParameters: 0 0 0

#Transform 124
Transform: AffineTransform_float_3_3
Parameters: 1 -0.000121974 -0.00106289 0.000121026 0.999999 -0.000916129 0.00106311 0.00091587 0.999999 0.00581035 0.0758074 -0.0119265
FixedParameters: 0 0 0

#Transform 125
Transform: AffineTransform_float_3_3
Parameters: 0.999999 0.00022619 -0.00121015 -0.000227809 1 -0.000668725 0.00120985 0.000669274 0.999999 -0.00107346 0.00903777 -0.00885159
FixedParameters: 0 0 0

#Transform 126
Transform: AffineTransform_float_3_3
Parameters: 0.999999 2.62975e-05 -0.00094802 -2.67024e-05 0.999999 -0.000740975 0.00094798 0.000741025 1 0.00110741 -0.00689085 0.00324877
FixedParameters: 0 0 0

#Transform 127
Transform: AffineTransform_float_3_3
Parameters: 0.999999 -5.72101e-05 -0.000864985 5.77898e-05 1 -0.00024305 0.000865013 0.00024295 0.999999 -0.0038904 -0.00292818 -0.00349665
FixedParameters: 0 0 0

#Transform 128
Transform: AffineTransform_float_3_3
Parameters: 0.999999 -0.00012136 -0.000997956 0.00012064 1 -0.000361121 0.000998044 0.000360879 1 0.00107432 0.0122926 0.00789384
FixedParameters: 0 0 0

#Transform 129
Transform: AffineTransform_float_3_3
Parameters: 1 0.000187501 -0.00117408 -0.000188499 1 -0.000424779 0.00117392 0.00042522 0.999999 -0.00602721 -0.026433 0.0171254
FixedParameters: 0 0 0

#Transform 130
Transform: AffineTransform_float_3_3
Parameters: 0.999999 0.000189456 -0.0010421 -0.000190544 1 -0.000521802 0.0010429 0.000522198 1 -0.0105807 -0.00654228 0.0178833
FixedParameters: 0 0 0

#Transform 131
Transform: AffineTransform_float_3_3
Parameters: 1 0.000163412 -0.00112909 -0.00016459 1 -0.000521815 0.00112992 0.000521185 0.999999 -0.0103944 0.0122064 0.0195384
FixedParameters: 0 0 0

#Transform 132
Transform: AffineTransform_float_3_3
Parameters: 0.999999 5.33147e-05 -0.000940039 -5.46852e-05 0.999999 -0.000728949 0.00093996 0.00072905 1 -0.00579456 0.0187268 0.0129655
FixedParameters: 0 0 0

#Transform 133
Transform: AffineTransform_float_3_3
Parameters: 1 0.000261304 -0.00104218 -0.000262696 0.999999 -0.000667727 0.00104183 0.000668273 0.999999 -0.0136747 0.00287265 0.0137875
FixedParameters: 0 0 0

#Transform 134
Transform: AffineTransform_float_3_3
Parameters: 0.999999 0.000257018 -0.00120521 -0.000257982 0.999999 -0.000814689 0.00120479 0.00081531 0.999999 -0.01173 0.0408932 0.0120022
FixedParameters: 0 0 0

#Transform 135
Transform: AffineTransform_float_3_3
Parameters: 1 0.000161166 -0.00114412 -0.000161834 0.999999 -0.000728815 0.00114388 0.000729185 0.999999 -0.0256819 0.0830937 0.00365927
FixedParameters: 0 0 0

#Transform 136
Transform: AffineTransform_float_3_3
Parameters: 0.999999 0.000216371 -0.000928147 -0.000217628 0.999999 -0.000676798 0.000927853 0.000677201 1 -0.0285578 0.0143682 0.0080926
FixedParameters: 0 0 0

#Transform 137
Transform: AffineTransform_float_3_3
Parameters: 0.999999 0.000526646 -0.00174002 -0.000530355 0.999998 -0.00192808 0.00173898 0.00192892 0.999996 -0.0301016 0.0309143 -0.0557721
FixedParameters: 0 0 0

#Transform 138
Transform: AffineTransform_float_3_3
Parameters: 1 -0.00033293 -0.0010674 0.00033107 0.999999 -0.00180835 0.0010676 0.00180765 0.999998 0.00986804 0.060123 -0.0411564
FixedParameters: 0 0 0

#Transform 139
Transform: AffineTransform_float_3_3
Parameters: 0.999999 -0.000836021 -0.000953106 0.00083498 0.999999 -0.0010708 0.000953895 0.0010702 0.999999 0.0227777 0.0365421 -0.0147683
FixedParameters: 0 0 0

#Transform 140
Transform: AffineTransform_float_3_3
Parameters: 0.999999 -0.000836009 -0.00108022 0.000834992 0.999999 -0.000933903 0.00108078 0.000933098 0.999999 0.0256405 0.0449724 -0.0182479
FixedParameters: 0 0 0

#Transform 141
Transform: AffineTransform_float_3_3
Parameters: 1 -0.000686754 -0.000768328 0.000686247 1 -0.000980528 0.000768674 0.000980473 0.999999 0.017721 0.0611715 -0.0191548
FixedParameters: 0 0 0

#Transform 142
Transform: AffineTransform_float_3_3
Parameters: 0.999999 -0.00066409 -0.00106832 0.00066291 1 -0.00101971 0.00106968 0.00101929 0.999999 0.0231036 0.0519162 -0.0321278
FixedParameters: 0 0 0

#Transform 143
Transform: AffineTransform_float_3_3
Parameters: 0.999999 -0.000650343 -0.00105718 0.000649658 0.999999 -0.00126969 0.00105783 0.00126931 0.999998 0.0256446 0.0495329 -0.0262264
FixedParameters: 0 0 0

#Transform 144
Transform: AffineTransform_float_3_3
Parameters: 0.999999 -0.000578283 -0.00128943 0.000576718 1 -0.000994745 0.00128957 0.000994255 0.999998 0.0264968 0.0441752 -0.0152605
FixedParameters: 0 0 0

#Transform 145
Transform: AffineTransform_float_3_3
Parameters: 0.999999 -0.000773757 -0.00110447 0.000773244 1 -0.000685855 0.00110453 0.000684146 0.999999 0.025575 0.0445119 -0.013435
FixedParameters: 0 0 0

#Transform 146
Transform: AffineTransform_float_3_3
Parameters: 0.999999 -0.000835603 -0.00105852 0.000834397 0.999999 -0.000569884 0.00105848 0.000569116 1 0.0256369 0.0536588 -0.00513226
FixedParameters: 0 0 0

#Transform 147
Transform: AffineTransform_float_3_3
Parameters: 0.999999 -0.000836021 -0.000925079 0.00083498 0.999999 -0.00110277 0.000925921 0.00110223 0.999999 0.0232297 0.0519087 -0.0144375
FixedParameters: 0 0 0

#Transform 148
Transform: AffineTransform_float_3_3
Parameters: 0.999998 -0.00112654 -0.00112346 0.00112546 1 -0.000479265 0.00112354 0.000478735 1 0.0441873 0.0636433 -0.0200804
FixedParameters: 0 0 0

#Transform 149
Transform: AffineTransform_float_3_3
Parameters: 0.999999 -0.00106159 -0.000918323 0.00106141 0.999999 -0.000638976 0.000919678 0.000638025 1 0.0423891 0.0955167 -0.0221494
FixedParameters: 0 0 0

#Transform 150
Transform: AffineTransform_float_3_3
Parameters: 0.999999 -0.00119974 -0.000792878 0.00119826 0.999999 -0.000935951 0.000794122 0.000935048 0.999999 0.0398208 0.0592391 -0.0261401
FixedParameters: 0 0 0

#Transform 151
Transform: AffineTransform_float_3_3
Parameters: 0.999999 -0.00115366 -0.000816069 0.00115234 0.999999 -0.000807941 0.000817931 0.000807057 1 0.0367974 0.0649809 -0.0224114
FixedParameters: 0 0 0

#Transform 152
Transform: AffineTransform_float_3_3
Parameters: 0.999999 -0.00124755 -0.000716037 0.00124745 0.999999 -0.000771894 0.000716962 0.000771106 0.999999 0.0432312 0.0804509 -0.028704
FixedParameters: 0 0 0

#Transform 153
Transform: AffineTransform_float_3_3
Parameters: 1 -0.000992513 -0.000716289 0.000991487 1 -0.000716711 0.00071671 0.000715289 0.999999 0.0400512 0.0604157 -0.0254186
FixedParameters: 0 0 0

#Transform 154
Transform: AffineTransform_float_3_3
Parameters: 0.999998 -0.00153545 -0.000484587 0.00153555 0.999999 -0.000920746 0.000485414 0.000920257 1 0.0426992 0.085815 -0.0248563
FixedParameters: 0 0 0

#Transform 155
Transform: AffineTransform_float_3_3
Parameters: 0.999999 -0.00181849 -0.000384709 0.00181851 0.999997 -0.0012607 0.000387291 0.0012593 0.999999 0.0649167 0.0811943 -0.0446786
FixedParameters: 0 0 0

#Transform 156
Transform: AffineTransform_float_3_3
Parameters: 0.999998 -0.00209017 -0.000335906 0.00208982 0.999997 -0.000523703 0.000336092 0.000522298 1 0.0637466 0.140687 -0.0310214
FixedParameters: 0 0 0

#Transform 157
Transform: AffineTransform_float_3_3
Parameters: 0.999998 -0.0016162 -0.000397167 0.00161579 0.999998 -0.000515642 0.000397833 0.000515357 1 0.0507058 -0.00202877 0.00894349
FixedParameters: 0 0 0

#Transform 158
Transform: AffineTransform_float_3_3
Parameters: 1 -0.000948059 -0.000490886 0.000947941 0.999999 -0.000120465 0.000491114 0.000119534 1 0.0254551 0.0233107 -0.00118762
FixedParameters: 0 0 0

#Transform 159
Transform: AffineTransform_float_3_3
Parameters: 1 -0.0010491 -0.000284639 0.0010489 1 -0.000344299 0.000284362 0.000344702 1 0.0184208 0.0647402 0.00596379
FixedParameters: 0 0 0

#Transform 160
Transform: AffineTransform_float_3_3
Parameters: 0.999999 -0.000639161 0.000360951 0.000637838 0.999994 0.00320823 -0.000363048 -0.00320877 0.999995 0.00119451 -0.0594216 0.130549
FixedParameters: 0 0 0

#Transform 161
Transform: AffineTransform_float_3_3
Parameters: 0.999999 -0.00181231 0.000365747 0.0018107 0.999979 0.00621367 -0.000376258 -0.00621333 0.99998 0.0537053 -0.141299 0.380408
FixedParameters: 0 0 0

#Transform 162
Transform: AffineTransform_float_3_3
Parameters: 0.999996 -0.00288572 -7.06255e-05 0.00288528 0.999987 0.00437482 5.83772e-05 -0.00437519 0.999991 0.0953211 -0.340961 0.337011
FixedParameters: 0 0 0

#Transform 163
Transform: AffineTransform_float_3_3
Parameters: 0.999997 -0.00271389 -4.14321e-05 0.00271412 0.999992 0.0031069 3.25673e-05 -0.0031071 0.999995 0.0909748 -0.142982 0.298912
FixedParameters: 0 0 0

#Transform 164
Transform: AffineTransform_float_3_3
Parameters: 0.999997 -0.0025262 0.000145471 0.00252579 0.999996 0.00139737 -0.000149528 -0.00139663 0.999999 0.0795575 -0.0531644 0.213446
FixedParameters: 0 0 0

#Transform 165
Transform: AffineTransform_float_3_3
Parameters: 0.999997 -0.00252589 -0.000107627 0.00252611 0.999997 0.00103973 0.000105375 -0.00103927 1 0.06753 0.00279721 0.187746
FixedParameters: 0 0 0

#Transform 166
Transform: AffineTransform_float_3_3
Parameters: 0.999996 -0.00286634 5.95054e-05 0.00286666 0.999983 0.00505719 -7.45003e-05 -0.00505781 0.999987 0.0899834 -0.218518 0.350456
FixedParameters: 0 0 0

#Transform 167
Transform: AffineTransform_float_3_3
Parameters: 0.999937 -0.0103495 -0.00434832 0.0104205 0.999805 0.0167617 0.00417369 -0.0168053 0.99985 0.446844 -0.43873 0.83403
FixedParameters: 0 0 0

#Transform 168
Transform: AffineTransform_float_3_3
Parameters: 0.999984 -0.00554179 -0.000986463 0.0055552 0.999871 0.0150378 0.000902554 -0.0150422 0.999887 0.243025 -0.348751 0.797933
FixedParameters: 0 0 0

#Transform 169
Transform: AffineTransform_float_3_3
Parameters: 0.999989 -0.00473147 -5.08529e-06 0.00473152 0.999872 0.0152351 -6.70926e-05 -0.0152348 0.999884 0.22693 -0.383774 0.848042
FixedParameters: 0 0 0

#Transform 170
Transform: AffineTransform_float_3_3
Parameters: 0.999992 -0.00352798 0.00200251 0.00349001 0.999819 0.0186641 -0.00206849 -0.0186578 0.999824 0.117808 -0.268455 0.814982
FixedParameters: 0 0 0

#Transform 171
Transform: AffineTransform_float_3_3
Parameters: 0.999994 -0.00292754 0.00185353 0.00289247 0.999827 0.0183725 -0.00190646 -0.0183675 0.999829 0.111892 -0.0967323 0.663222
FixedParameters: 0 0 0

#Transform 172
Transform: AffineTransform_float_3_3
Parameters: 0.99999 -0.00445454 0.000751346 0.00444046 0.999821 0.0183605 -0.000832664 -0.0183575 0.999831 0.14454 -0.451948 0.843126
FixedParameters: 0 0 0

#Transform 173
Transform: AffineTransform_float_3_3
Parameters: 0.999993 -0.00364953 0.000999892 0.00362847 0.999797 0.0198138 -0.00107209 -0.0198092 0.999803 0.121831 -0.560224 0.932796
FixedParameters: 0 0 0

#Transform 174
Transform: AffineTransform_float_3_3
Parameters: 0.999994 -0.00325035 0.000468305 0.00324265 0.999853 0.0168486 -0.000522707 -0.0168474 0.999858 0.110944 -0.341544 0.825017
FixedParameters: 0 0 0

#Transform 175
Transform: AffineTransform_float_3_3
Parameters: 0.999992 -0.00380234 0.000366293 0.00379767 0.9999 0.0136085 -0.000417715 -0.0136065 0.999908 0.116708 -0.283581 0.712599
FixedParameters: 0 0 0

#Transform 176
Transform: AffineTransform_float_3_3
Parameters: 0.999993 -0.00388726 0.00039306 0.00388274 0.999913 0.0125986 -0.000441951 -0.0125974 0.99992 0.129644 -0.259158 0.641698
FixedParameters: 0 0 0

#Transform 177
Transform: AffineTransform_float_3_3
Parameters: 0.999993 -0.00387474 0.00061511 0.00386726 0.999919 0.0121145 -0.000662896 -0.0121125 0.999927 0.136772 -0.149952 0.536553
FixedParameters: 0 0 0

#Transform 178
Transform: AffineTransform_float_3_3
Parameters: 0.999991 -0.00425304 0.000315101 0.00424796 0.999885 0.0145625 -0.0003769 -0.0145615 0.999894 0.154952 -0.349383 0.689436
FixedParameters: 0 0 0

#Transform 179
Transform: AffineTransform_float_3_3
Parameters: 0.99999 -0.00435533 -0.000243548 0.00435767 0.999915 0.01229 0.000190456 -0.0122909 0.999924 0.160135 -0.279634 0.632281
FixedParameters: 0 0 0

#Transform 180
Transform: AffineTransform_float_3_3
Parameters: 0.999992 -0.00384704 0.000286002 0.00384295 0.999908 0.0130032 -0.000335996 -0.0130018 0.999916 0.1354 -0.304874 0.662101
FixedParameters: 0 0 0

#Transform 181
Transform: AffineTransform_float_3_3
Parameters: 0.99999 -0.00431608 5.85217e-05 0.00431491 0.999911 0.0126234 -0.000113476 -0.0126226 0.999921 0.156608 -0.281974 0.63636
FixedParameters: 0 0 0

#Transform 182
Transform: AffineTransform_float_3_3
Parameters: 0.99999 -0.00429931 -0.000459727 0.00430469 0.999904 0.0131841 0.000403278 -0.0131859 0.999913 0.159709 -0.265377 0.650651
FixedParameters: 0 0 0

#Transform 183
Transform: AffineTransform_float_3_3
Parameters: 0.999991 -0.00425031 -8.03787e-05 0.00425069 0.999903 0.0132628 2.36245e-05 -0.0132632 0.999912 0.158543 -0.269705 0.681882
FixedParameters: 0 0 0

#Transform 184
Transform: AffineTransform_float_3_3
Parameters: 0.99999 -0.00428859 -0.000567154 0.0042964 0.999896 0.0137797 0.000507838 -0.0137823 0.999905 0.172685 -0.265625 0.679461
FixedParameters: 0 0 0

#Transform 185
Transform: AffineTransform_float_3_3
Parameters: 0.999988 -0.00502456 -0.000148415 0.00502645 0.999912 0.0122204 8.75765e-05 -0.0122216 0.999926 0.196603 -0.263787 0.673762
FixedParameters: 0 0 0

#Transform 186
Transform: AffineTransform_float_3_3
Parameters: 0.999987 -0.00521288 4.32759e-05 0.00521212 0.999917 0.0118414 -0.000105724 -0.0118406 0.99993 0.186589 -0.271768 0.651198
FixedParameters: 0 0 0

#Transform 187
Transform: AffineTransform_float_3_3
Parameters: 0.999985 -0.00531208 -0.000630346 0.00531892 0.99992 0.0115388 0.000568654 -0.0115422 0.999933 0.215122 -0.273517 0.631023
FixedParameters: 0 0 0

#Transform 188
Transform: AffineTransform_float_3_3
Parameters: 0.999986 -0.00530979 -0.000513103 0.00531521 0.999928 0.0107474 0.000455891 -0.0107506 0.999942 0.209096 -0.234392 0.602206
FixedParameters: 0 0 0

#Transform 189
Transform: AffineTransform_float_3_3
