#Insight Transform File V1.0
#Transform 0
Transform: AffineTransform_float_3_3
Parameters: 1 1.24574e-06 -0.000704999 2.45737e-07 0.999999 0.001767 0.000705001 -0.001767 0.999998 0.0254993 -0.132413 -0.344924
FixedParameters: 0 0 0

#Transform 1
Transform: AffineTransform_float_3_3
Parameters: 1 -1.81792e-07 0.000304 -1.81792e-07 1 0.000598 -0.000304 -0.000598 1 -0.0151217 -0.0483196 0.014556
FixedParameters: 0 0 0

#Transform 2
Transform: AffineTransform_float_3_3
Parameters: 1 -3.2015e-08 9.5e-05 -3.2015e-08 1 0.000337 -9.5e-05 -0.000337 1 -0.00466134 -0.0700649 -0.0144387
FixedParameters: 0 0 0

#Transform 3
Transform: AffineTransform_float_3_3
Parameters: 1 -5.61365e-05 0.000277972 5.68635e-05 1 0.000491016 -0.000278028 -0.000490984 1 -0.013831 -0.095748 -0.0237802
FixedParameters: 0 0 0

#Transform 4
Transform: AffineTransform_float_3_3
Parameters: 1 -4.476e-08 0.00012 -4.476e-08 1 0.000373 -0.00012 -0.000373 1 -0.00379404 -0.0716237 -0.0248506
FixedParameters: 0 0 0

#Transform 5
Transform: AffineTransform_float_3_3
Parameters: 1 -8.11304e-05 0.000277962 8.08696e-05 1 0.000469022 -0.000278038 -0.000468977 1 -0.0060785 -0.0574296 -0.0250606
FixedParameters: 0 0 0

#Transform 6
Transform: AffineTransform_float_3_3
Parameters: 1 -1.32606e-07 0.000278 -1.32606e-07 1 0.000477 -0.000278 -0.000477 1 -0.0137831 -0.0661668 -0.0273061
FixedParameters: 0 0 0

#Transform 7
Transform: AffineTransform_float_3_3
Parameters: 1 -0.000182052 7.48735e-05 0.000181948 0.999999 0.000695013 -7.51265e-05 -0.000694986 1 0.00684136 -0.037545 -0.0405101
FixedParameters: 0 0 0

#Transform 8
Transform: AffineTransform_float_3_3
Parameters: 1 -0.000232142 0.000277882 0.000232858 1 0.000510065 -0.000278119 -0.000509935 1 -0.0138798 -0.0982133 -0.0251434
FixedParameters: 0 0 0

#Transform 9
Transform: AffineTransform_float_3_3
Parameters: 1 -0.000292168 0.000277823 0.000291832 1 0.000604081 -0.000278176 -0.000603919 1 -0.00568965 -0.045792 -0.0361428
FixedParameters: 0 0 0

#Transform 10
Transform: AffineTransform_float_3_3
Parameters: 1 -0.000411231 0.000277657 0.000410768 0.999999 0.000833113 -0.000278342 -0.000832885 0.999999 -0.00677333 -0.0922077 -0.0434628
FixedParameters: 0 0 0

#Transform 11
Transform: AffineTransform_float_3_3
Parameters: 1 -0.000411155 0.00019968 0.000410845 0.999999 0.000778082 -0.00019932 -0.000777918 0.999999 -0.00990521 -0.093414 -0.0459559
FixedParameters: 0 0 0

#Transform 12
Transform: AffineTransform_float_3_3
Parameters: 1 -0.000411226 0.000277666 0.000410774 0.999999 0.000813114 -0.000278334 -0.000812885 0.999999 -0.00831359 -0.0581407 -0.0371911
FixedParameters: 0 0 0

#Transform 13
Transform: AffineTransform_float_3_3
Parameters: 1 -0.000411278 0.000277589 0.000410722 1 0.00100112 -0.000278411 -0.00100089 1 -0.0073932 -0.101587 -0.0388689
FixedParameters: 0 0 0

#Transform 14
Transform: AffineTransform_float_3_3
Parameters: 1 -0.000411195 0.000277711 0.000410804 0.999999 0.000703114 -0.000278289 -0.000702885 0.999999 -0.013824 -0.0567117 -0.0330077
FixedParameters: 0 0 0

#Transform 15
Transform: AffineTransform_float_3_3
Parameters: 1 -0.000411226 0.000277666 0.000410774 0.999999 0.000813114 -0.000278334 -0.000812885 0.999999 -0.00893267 -0.0685609 -0.0456735
FixedParameters: 0 0 0

#Transform 16
Transform: AffineTransform_float_3_3
Parameters: 1 -0.000411226 0.000277666 0.000410774 0.999999 0.000813114 -0.000278334 -0.000812885 0.999999 -0.0138116 -0.101617 -0.0440383
FixedParameters: 0 0 0

#Transform 17
Transform: AffineTransform_float_3_3
Parameters: 1 -0.00041124 0.000277644 0.000410759 0.999999 0.000866113 -0.000278356 -0.000865885 0.999999 -0.0138297 -0.0602917 -0.0442512
FixedParameters: 0 0 0

#Transform 18
Transform: AffineTransform_float_3_3
Parameters: 1 -0.000411438 0.000464612 0.000410562 0.999999 0.000943191 -0.000464387 -0.000942809 1 -0.0279696 -0.0923459 -0.0428769
FixedParameters: 0 0 0

#Transform 19
Transform: AffineTransform_float_3_3
Parameters: 1 -0.000122382 0.000277832 0.000122618 0.999999 0.00137303 -0.000278169 -0.00137297 0.999999 -0.0186011 -0.121857 -0.0456278
FixedParameters: 0 0 0

#Transform 20
Transform: AffineTransform_float_3_3
Parameters: 1 -0.000251259 0.000277766 0.000250741 0.999999 0.000931069 -0.000278233 -0.000930929 0.999999 -0.0218066 -0.0549664 -0.0450241
FixedParameters: 0 0 0

#Transform 21
Transform: AffineTransform_float_3_3
Parameters: 1 -1.76566e-05 0.000535979 1.63434e-05 0.999999 0.00122501 -0.00053602 -0.00122499 0.999999 -0.0378994 -0.105902 -0.0385705
FixedParameters: 0 0 0

#Transform 22
Transform: AffineTransform_float_3_3
Parameters: 1 3.52515e-05 0.000643041 -3.67484e-05 1 0.00116398 -0.000642958 -0.00116402 0.999999 -0.0457307 -0.104957 -0.0329884
FixedParameters: 0 0 0

#Transform 23
Transform: AffineTransform_float_3_3
Parameters: 1 -6.1616e-05 0.000584936 6.1384e-05 1 0.00105304 -0.000585065 -0.00105296 1 -0.0450725 -0.058015 -0.0377635
FixedParameters: 0 0 0

#Transform 24
Transform: AffineTransform_float_3_3
Parameters: 1 -3.56133e-05 0.00053796 3.53867e-05 1 0.00114002 -0.000538041 -0.00113998 0.999999 -0.0397413 -0.0985148 -0.0439013
FixedParameters: 0 0 0

#Transform 25
Transform: AffineTransform_float_3_3
Parameters: 1 2.34108e-05 0.000501028 -2.45892e-05 1 0.00117599 -0.000500971 -0.00117601 0.999999 -0.0350511 -0.0618178 -0.0481572
FixedParameters: 0 0 0

#Transform 26
Transform: AffineTransform_float_3_3
Parameters: 1 0.000151353 0.000462212 -0.000152646 0.999999 0.00139893 -0.000461787 -0.00139907 0.999999 -0.034557 -0.136092 -0.0514533
FixedParameters: 0 0 0

#Transform 27
Transform: AffineTransform_float_3_3
Parameters: 1 0.000285627 0.000278383 -0.000285373 0.999999 0.00134092 -0.000277618 -0.00134108 0.999999 -0.0317578 -0.0424397 -0.0480082
FixedParameters: 0 0 0

#Transform 28
Transform: AffineTransform_float_3_3
Parameters: 1 0.000227276 0.000579285 -0.000228724 0.999999 0.00125087 -0.000578714 -0.00125013 0.999999 -0.0439276 -0.107589 -0.0482347
FixedParameters: 0 0 0

#Transform 29
Transform: AffineTransform_float_3_3
Parameters: 1 0.000100268 0.000571129 -0.000101731 0.999999 0.00128094 -0.00057087 -0.00128106 0.999999 -0.0398648 -0.0616676 -0.0504577
FixedParameters: 0 0 0

#Transform 30
Transform: AffineTransform_float_3_3
Parameters: 1 0.000296395 0.000492365 -0.000296604 0.999999 0.00122885 -0.000491636 -0.00122915 0.999999 -0.0388961 -0.115321 -0.0506523
FixedParameters: 0 0 0

#Transform 31
Transform: AffineTransform_float_3_3
Parameters: 1 0.000134262 0.000573173 -0.000134738 0.999999 0.00128792 -0.000572827 -0.00128808 0.999999 -0.0421044 -0.0763733 -0.048221
FixedParameters: 0 0 0

#Transform 32
Transform: AffineTransform_float_3_3
Parameters: 1 0.000138109 0.000584211 -0.000138892 0.999999 0.00152492 -0.000584789 -0.00152508 0.999998 -0.0446997 -0.106365 -0.0553242
FixedParameters: 0 0 0

#Transform 33
Transform: AffineTransform_float_3_3
Parameters: 1 0.000117176 0.000562172 -0.000118824 0.999999 0.00146593 -0.000561826 -0.00146607 0.999999 -0.0432877 -0.112841 -0.0482986
FixedParameters: 0 0 0

#Transform 34
Transform: AffineTransform_float_3_3
Parameters: 1 0.000110311 0.000522146 -0.000110688 0.999999 0.00131894 -0.000521854 -0.00131906 0.999999 -0.0371505 -0.0867509 -0.048294
FixedParameters: 0 0 0

#Transform 35
Transform: AffineTransform_float_3_3
Parameters: 1 2.14423e-06 0.000591003 -2.85576e-06 0.999999 0.001448 -0.000590996 -0.001448 0.999999 -0.0360931 -0.0871189 -0.0549722
FixedParameters: 0 0 0

#Transform 36
Transform: AffineTransform_float_3_3
Parameters: 1 8.11441e-05 0.000591118 -8.28556e-05 0.999999 0.00144795 -0.00059088 -0.00144805 0.999999 -0.0371962 -0.121582 -0.0482256
FixedParameters: 0 0 0

#Transform 37
Transform: AffineTransform_float_3_3
Parameters: 1 -1.48197e-05 0.00059098 1.41803e-05 0.999999 0.00138701 -0.00059102 -0.00138699 0.999999 -0.036516 -0.104806 -0.0558308
FixedParameters: 0 0 0

#Transform 38
Transform: AffineTransform_float_3_3
Parameters: 1 1.44231e-07 0.000591001 -8.55768e-07 0.999999 0.001448 -0.000590999 -0.001448 0.999999 -0.0385383 -0.113912 -0.0604569
FixedParameters: 0 0 0

#Transform 39
Transform: AffineTransform_float_3_3
Parameters: 1 5.21442e-05 0.000591076 -5.28557e-05 0.999999 0.00144797 -0.000590924 -0.00144803 0.999999 -0.0425632 -0.133742 -0.0587759
FixedParameters: 0 0 0

#Transform 40
Transform: AffineTransform_float_3_3
Parameters: 1 -1.69343e-05 0.000590974 1.60656e-05 0.999999 0.00158101 -0.000591026 -0.00158099 0.999998 -0.0362399 -0.0839937 -0.0653842
FixedParameters: 0 0 0

#Transform 41
Transform: AffineTransform_float_3_3
Parameters: 1 0.000164087 0.000506297 -0.000164914 0.999999 0.00180292 -0.000506704 -0.00180308 0.999998 -0.0352377 -0.133132 -0.0630679
FixedParameters: 0 0 0

#Transform 42
Transform: AffineTransform_float_3_3
Parameters: 1 -1.10147e-05 0.000590982 9.98523e-06 0.999998 0.00171701 -0.000591018 -0.00171699 0.999999 -0.0381934 -0.0949957 -0.0693956
FixedParameters: 0 0 0

#Transform 43
Transform: AffineTransform_float_3_3
Parameters: 1 3.11442e-05 0.000591045 -3.18557e-05 0.999999 0.00144798 -0.000590954 -0.00144802 0.999999 -0.0386483 -0.097913 -0.0668211
FixedParameters: 0 0 0

#Transform 44
Transform: AffineTransform_float_3_3
Parameters: 1 4.19999e-05 0.000591072 -4.29999e-05 0.999998 0.00169197 -0.000590928 -0.00169203 0.999999 -0.0396193 -0.124336 -0.056161
FixedParameters: 0 0 0

#Transform 45
Transform: AffineTransform_float_3_3
Parameters: 1 6.70017e-05 0.000591114 -6.79981e-05 0.999998 0.00168896 -0.000590886 -0.00168904 0.999999 -0.0396422 -0.0838949 -0.057886
FixedParameters: 0 0 0

#Transform 46
Transform: AffineTransform_float_3_3
Parameters: 1 0.000141982 0.000591245 -0.000143017 0.999998 0.00172192 -0.000590755 -0.00172208 0.999999 -0.044059 -0.126131 -0.0577527
FixedParameters: 0 0 0

#Transform 47
Transform: AffineTransform_float_3_3
Parameters: 1 0.000180019 0.000539329 -0.000180981 0.999999 0.0018199 -0.000538672 -0.0018201 0.999998 -0.0373974 -0.132882 -0.0577723
FixedParameters: 0 0 0

#Transform 48
Transform: AffineTransform_float_3_3
Parameters: 1 7.99827e-05 0.000591139 -8.10169e-05 0.999998 0.00172095 -0.000590862 -0.00172105 0.999999 -0.0433204 -0.0977658 -0.0578526
FixedParameters: 0 0 0

#Transform 49
Transform: AffineTransform_float_3_3
Parameters: 1 -5.90117e-05 0.0005909 5.79881e-05 0.999998 0.00171203 -0.0005911 -0.00171197 0.999999 -0.0384321 -0.149633 -0.0601947
FixedParameters: 0 0 0

#Transform 50
Transform: AffineTransform_float_3_3
Parameters: 1 0.000127041 0.000591207 -0.000127959 0.999998 0.00162292 -0.000590793 -0.00162307 0.999998 -0.0450074 -0.120049 -0.0577536
FixedParameters: 0 0 0

#Transform 51
Transform: AffineTransform_float_3_3
Parameters: 1 0.000533311 0.000328122 -0.000533688 0.999997 0.00210182 -0.000326879 -0.00210217 0.999997 -0.034293 -0.245447 -0.044822
FixedParameters: 0 0 0

#Transform 52
Transform: AffineTransform_float_3_3
Parameters: 1 0.00036035 0.000463506 -0.00036065 0.999999 0.00140183 -0.000463495 -0.00140217 0.999999 -0.0480449 -0.0519365 -0.0578114
FixedParameters: 0 0 0

#Transform 53
Transform: AffineTransform_float_3_3
Parameters: 1 0.00050164 0.000957714 -0.000503361 0.999999 0.00142052 -0.000957286 -0.00142148 0.999998 -0.0664499 -0.191164 -0.0397334
FixedParameters: 0 0 0

#Transform 54
Transform: AffineTransform_float_3_3
Parameters: 1 0.000403214 0.000957754 -0.000404787 0.999998 0.00186561 -0.000957247 -0.00186639 0.999998 -0.0556402 -0.0998436 -0.0388996
FixedParameters: 0 0 0

#Transform 55
Transform: AffineTransform_float_3_3
Parameters: 1 0.000197011 0.000453431 -0.00019799 0.999997 0.00218191 -0.000453569 -0.00218209 0.999998 -0.0225528 -0.131667 -0.0581006
FixedParameters: 0 0 0

#Transform 56
Transform: AffineTransform_float_3_3
Parameters: 0.999999 1.52481e-05 0.000761037 -1.67541e-05 0.999998 0.00230199 -0.000761963 -0.00230201 0.999997 -0.0379633 -0.169052 -0.0425822
FixedParameters: 0 0 0

#Transform 57
Transform: AffineTransform_float_3_3
Parameters: 1 5.94334e-05 0.000280121 -5.95663e-05 0.999998 0.00202298 -0.00027988 -0.00202302 0.999998 -0.0178347 -0.105805 -0.0579765
FixedParameters: 0 0 0

#Transform 58
Transform: AffineTransform_float_3_3
Parameters: 1 2.63295e-05 0.00029606 -2.76704e-05 0.999998 0.00226499 -0.000295938 -0.00226501 0.999998 -0.0147512 -0.172442 -0.0670423
FixedParameters: 0 0 0

#Transform 59
Transform: AffineTransform_float_3_3
Parameters: 1 1.01222e-05 0.00045602 -1.08778e-05 0.999998 0.001925 -0.00045598 -0.00192501 0.999998 -0.0227127 -0.140692 -0.055866
FixedParameters: 0 0 0

#Transform 60
Transform: AffineTransform_float_3_3
Parameters: 1 -0.000191879 0.000455631 0.00019012 0.999998 0.00192809 -0.000456367 -0.00192791 0.999998 -0.0226885 -0.124014 -0.0583294
FixedParameters: 0 0 0

#Transform 61
Transform: AffineTransform_float_3_3
Parameters: 1 -0.000132859 0.000455751 0.000132141 0.999998 0.00188406 -0.00045625 -0.00188394 0.999998 -0.022743 -0.167119 -0.0554449
FixedParameters: 0 0 0

#Transform 62
Transform: AffineTransform_float_3_3
Parameters: 1 -0.0001545 0.000259703 0.000153501 0.999998 0.00192504 -0.000259296 -0.00192496 0.999998 -0.0099729 -0.131069 -0.0547846
FixedParameters: 0 0 0

#Transform 63
Transform: AffineTransform_float_3_3
Parameters: 1 -0.000212297 0.000141555 0.000211704 0.999998 0.00209803 -0.000141444 -0.00209797 0.999998 -0.00708135 -0.140902 -0.0647507
FixedParameters: 0 0 0

#Transform 64
Transform: AffineTransform_float_3_3
Parameters: 1 1.90385e-05 -2.29681e-05 -1.89614e-05 0.999998 0.001675 2.30318e-05 -0.001675 0.999998 0.00110631 -0.14632 -0.0745753
FixedParameters: 0 0 0

#Transform 65
Transform: AffineTransform_float_3_3
Parameters: 1 1.04618e-06 -2.29979e-05 -9.53814e-07 0.999998 0.002008 2.3002e-05 -0.002008 0.999998 -0.0028169 -0.135721 -0.0681461
FixedParameters: 0 0 0

#Transform 66
Transform: AffineTransform_float_3_3
Parameters: 1 -6.21297e-06 0.000185993 5.78703e-06 1 0.001145 -0.000186007 -0.001145 1 -0.0135686 -0.099588 -0.112634
FixedParameters: 0 0 0

#Transform 67
Transform: AffineTransform_float_3_3
Parameters: 1 7.83034e-05 0.000331165 -7.86962e-05 0.999998 0.00210397 -0.000330835 -0.00210403 0.999997 -0.0253409 -0.149109 -0.0741665
FixedParameters: 0 0 0

#Transform 68
Transform: AffineTransform_float_3_3
Parameters: 1 -3.89133e-05 0.000455923 3.80865e-05 0.999998 0.00200302 -0.000456077 -0.00200298 0.999998 -0.0294118 -0.105842 -0.0761089
FixedParameters: 0 0 0

#Transform 69
Transform: AffineTransform_float_3_3
Parameters: 1 -1.86185e-05 0.000269958 1.83814e-05 0.999998 0.00229101 -0.000270043 -0.002291 0.999998 -0.0206657 -0.130413 -0.0876453
FixedParameters: 0 0 0

#Transform 70
Transform: AffineTransform_float_3_3
Parameters: 1 0.000194653 0.00015045 -0.000195346 0.999998 0.00230897 -0.00014955 -0.00230803 0.999998 -0.0109082 -0.157412 -0.0605681
FixedParameters: 0 0 0

#Transform 71
Transform: AffineTransform_float_3_3
Parameters: 1 0.000190888 5.43931e-05 -0.000191111 0.999998 0.00205899 -5.36066e-05 -0.00205901 0.999998 -0.00264946 -0.107093 -0.0532725
FixedParameters: 0 0 0

#Transform 72
Transform: AffineTransform_float_3_3
Parameters: 1 0.000241077 0.000456488 -0.000241922 0.999998 0.00202289 -0.000455511 -0.00202311 0.999998 -0.0308661 -0.120382 -0.0522515
FixedParameters: 0 0 0

#Transform 73
Transform: AffineTransform_float_3_3
Parameters: 1 0.00018778 9.84217e-05 -0.000188222 0.999998 0.00224398 -9.85779e-05 -0.00224402 0.999998 -0.0112297 -0.133583 -0.0774314
FixedParameters: 0 0 0

#Transform 74
Transform: AffineTransform_float_3_3
Parameters: 1 0.000214057 -2.85769e-05 -0.000213942 0.999998 0.00197701 2.9423e-05 -0.00197699 0.999998 -0.00899517 -0.0983109 -0.0837721
FixedParameters: 0 0 0

#Transform 75
Transform: AffineTransform_float_3_3
Parameters: 1 0.000281272 0.000318644 -0.000281729 0.999998 0.00228791 -0.000318356 -0.00228809 0.999998 -0.0300649 -0.141157 -0.0731566
FixedParameters: 0 0 0

#Transform 76
Transform: AffineTransform_float_3_3
Parameters: 1 0.000236998 0.000352676 -0.000238 0.999996 0.00284492 -0.000351324 -0.00284508 0.999996 -0.0273379 -0.15248 -0.0813701
FixedParameters: 0 0 0

#Transform 77
Transform: AffineTransform_float_3_3
Parameters: 1 0.000606929 3.62133e-05 -0.000607071 0.999998 0.00199898 -3.47865e-05 -0.00199902 0.999998 -0.0254757 -0.147737 -0.0688997
FixedParameters: 0 0 0

#Transform 78
Transform: AffineTransform_float_3_3
Parameters: 0.999999 0.00088484 0.000121172 -0.000885159 0.999998 0.00132389 -0.000119828 -0.00132411 0.999999 -0.0292619 -0.170652 -0.0341508
FixedParameters: 0 0 0

#Transform 79
Transform: AffineTransform_float_3_3
Parameters: 1 0.00098086 7.38863e-05 -0.000980141 0.999997 0.00192293 -7.21153e-05 -0.00192307 0.999998 -0.0331107 -0.0868237 -0.0392035
FixedParameters: 0 0 0

#Transform 80
Transform: AffineTransform_float_3_3
Parameters: 1 0.000980428 0.000308821 -0.000980572 0.999998 0.0018567 -0.00030718 -0.0018573 0.999998 -0.0427068 -0.15413 -0.0525206
FixedParameters: 0 0 0

#Transform 81
Transform: AffineTransform_float_3_3
Parameters: 1 0.000980933 3.87412e-05 -0.000980068 0.999998 0.00177496 -3.72605e-05 -0.00177504 0.999999 -0.030755 -0.10462 -0.0424025
FixedParameters: 0 0 0

#Transform 82
Transform: AffineTransform_float_3_3
Parameters: 1 0.000532984 0.000457188 -0.000534016 0.999998 0.00222576 -0.000455812 -0.00222625 0.999998 -0.0532531 -0.150943 -0.0609699
FixedParameters: 0 0 0

#Transform 83
Transform: AffineTransform_float_3_3
Parameters: 1 0.000648801 9.43776e-05 -0.0006482 0.999998 0.00212294 -9.36247e-05 -0.00212206 0.999997 -0.0371495 -0.165712 -0.0744343
FixedParameters: 0 0 0

#Transform 84
Transform: AffineTransform_float_3_3
Parameters: 1 0.000533549 0.000264909 -0.000534451 0.999999 0.00170386 -0.000264089 -0.00170414 0.999998 -0.0497218 -0.12318 -0.0728793
FixedParameters: 0 0 0

#Transform 85
Transform: AffineTransform_float_3_3
Parameters: 1 0.000534099 -0.000107512 -0.000533901 1 0.000914058 0.000108488 -0.000913942 0.999999 -0.0251451 -0.0837808 -0.105213
FixedParameters: 0 0 0

#Transform 86
Transform: AffineTransform_float_3_3
Parameters: 0.999999 0.000863694 0.000163619 -0.000863305 0.999998 0.00187386 -0.000162382 -0.00187414 0.999998 -0.0464722 -0.154564 -0.0754507
FixedParameters: 0 0 0

#Transform 87
Transform: AffineTransform_float_3_3
Parameters: 1 0.000533874 7.68783e-05 -0.000534126 0.999998 0.00164496 -7.61214e-05 -0.00164504 0.999998 -0.031255 -0.139506 -0.0487589
FixedParameters: 0 0 0

#Transform 88
Transform: AffineTransform_float_3_3
Parameters: 0.999999 0.0008521 -7.68889e-05 -0.000851898 0.999999 0.00130407 7.81109e-05 -0.00130393 0.999999 -0.0260276 -0.145844 -0.0447895
FixedParameters: 0 0 0

#Transform 89
Transform: AffineTransform_float_3_3
Parameters: 1 0.000533781 0.000200586 -0.000534219 1 0.00109689 -0.000199415 -0.00109611 1 -0.0443374 -0.11734 -0.0397642
FixedParameters: 0 0 0

#Transform 90
Transform: AffineTransform_float_3_3
Parameters: 0.999999 0.000863078 -5.17045e-05 -0.000862922 0.999998 0.00150104 5.22953e-05 -0.00150095 0.999999 -0.0332798 -0.123719 -0.0553776
FixedParameters: 0 0 0

#Transform 91
Transform: AffineTransform_float_3_3
Parameters: 1 0.00104366 0.000201777 -0.00104434 0.999998 0.00170179 -0.000199223 -0.00170221 0.999999 -0.0404188 -0.144834 -0.0397214
FixedParameters: 0 0 0

#Transform 92
Transform: AffineTransform_float_3_3
Parameters: 0.999999 0.000996952 3.05842e-05 -0.000997048 0.999998 0.00158897 -2.94157e-05 -0.00158903 0.999998 -0.0331761 -0.0951607 -0.0647345
FixedParameters: 0 0 0

#Transform 93
Transform: AffineTransform_float_3_3
Parameters: 0.999999 0.000864755 0.000142493 -0.000865245 0.999998 0.00172588 -0.000141507 -0.00172512 0.999998 -0.0340527 -0.136708 -0.0543882
FixedParameters: 0 0 0

#Transform 94
Transform: AffineTransform_float_3_3
Parameters: 1 0.000989027 -1.85916e-05 -0.000988973 0.999998 0.00142402 1.94083e-05 -0.00142398 0.999999 -0.0239955 -0.154223 -0.0445524
FixedParameters: 0 0 0

#Transform 95
Transform: AffineTransform_float_3_3
Parameters: 1 0.000533992 6.20646e-05 -0.000534007 1 0.000120967 -6.19354e-05 -0.000121033 1 -0.0318073 -0.0213363 -0.0621422
FixedParameters: 0 0 0

#Transform 96
Transform: AffineTransform_float_3_3
Parameters: 0.999999 0.00089188 9.31461e-05 -0.000892118 0.999999 0.00128492 -9.18536e-05 -0.00128508 0.999999 -0.0255166 -0.173114 -0.0187544
FixedParameters: 0 0 0

#Transform 97
Transform: AffineTransform_float_3_3
Parameters: 1 0.00069491 5.90584e-05 -0.000695089 0.999998 0.00152296 -5.79414e-05 -0.00152304 0.999999 -0.0317845 -0.101091 -0.0348252
FixedParameters: 0 0 0

#Transform 98
Transform: AffineTransform_float_3_3
Parameters: 0.999999 0.000870826 0.000106431 -0.000871175 0.999999 0.00164291 -0.000105569 -0.00164309 0.999998 -0.0310563 -0.158901 -0.0266794
FixedParameters: 0 0 0

#Transform 99
Transform: AffineTransform_float_3_3
Parameters: 0.999999 0.000867956 2.64799e-05 -0.000868043 0.999998 0.00170498 -2.452e-05 -0.00170502 0.999998 -0.0347773 -0.142176 -0.0343884
FixedParameters: 0 0 0

#Transform 100
Transform: AffineTransform_float_3_3
Parameters: 0.999999 0.000957966 2.43862e-05 -0.000958034 0.999999 0.00144698 -2.26137e-05 -0.00144702 0.999999 -0.0423566 -0.0816791 -0.0356372
FixedParameters: 0 0 0

#Transform 101
Transform: AffineTransform_float_3_3
Parameters: 1 0.00106673 0.00017167 -0.00106627 0.999998 0.00156482 -0.000170331 -0.00156518 0.999999 -0.0488195 -0.143743 -0.0375703
FixedParameters: 0 0 0

#Transform 102
Transform: AffineTransform_float_3_3
Parameters: 1 0.00118603 -2.44119e-05 -0.00118597 0.999999 0.00133903 2.5588e-05 -0.00133897 0.999999 -0.0395831 -0.0932146 -0.0490062
FixedParameters: 0 0 0

#Transform 103
Transform: AffineTransform_float_3_3
Parameters: 0.999999 0.000968923 5.72974e-05 -0.000969075 0.999998 0.00133894 -5.57024e-05 -0.00133905 0.999999 -0.049259 -0.081537 -0.0621747
FixedParameters: 0 0 0

#Transform 104
Transform: AffineTransform_float_3_3
Parameters: 1 0.00103617 -0.000123613 -0.00103583 0.999998 0.00133913 0.000125387 -0.00133887 0.999999 -0.0399685 -0.106276 -0.0433362
FixedParameters: 0 0 0

#Transform 105
Transform: AffineTransform_float_3_3
Parameters: 1 0.00104228 -0.000208605 -0.00104272 0.999998 0.00133922 0.000209396 -0.00133878 0.999999 -0.034501 -0.0661398 -0.0489243
FixedParameters: 0 0 0

#Transform 106
Transform: AffineTransform_float_3_3
Parameters: 0.999999 0.000961152 -0.000101567 -0.000961848 0.999999 0.0014911 0.000102434 -0.0014909 0.999999 -0.0417728 -0.0870924 -0.0568553
FixedParameters: 0 0 0

#Transform 107
Transform: AffineTransform_float_3_3
Parameters: 1 0.00101522 -0.000136409 -0.00101479 0.999999 0.00156714 0.00013759 -0.00156686 0.999999 -0.0459218 -0.0825473 -0.0489611
FixedParameters: 0 0 0

#Transform 108
Transform: AffineTransform_float_3_3
Parameters: 0.999999 0.000819142 -9.4773e-05 -0.000818858 0.999998 0.00149808 9.52275e-05 -0.00149892 0.999999 -0.0407994 -0.0756711 -0.0573694
FixedParameters: 0 0 0

#Transform 109
Transform: AffineTransform_float_3_3
Parameters: 0.999999 0.000930702 0.000188479 -0.000931299 0.999999 0.00158883 -0.00018752 -0.00158918 0.999998 -0.0620352 -0.132819 -0.0541836
FixedParameters: 0 0 0

#Transform 110
Transform: AffineTransform_float_3_3
Parameters: 0.999999 0.000737195 -0.000107674 -0.000736806 0.999998 0.00179908 0.000108326 -0.00179892 0.999999 -0.0449212 -0.104409 -0.069288
FixedParameters: 0 0 0

#Transform 111
Transform: AffineTransform_float_3_3
Parameters: 0.999999 0.000743959 2.61822e-05 -0.000744042 0.999999 0.00158898 -2.58177e-05 -0.00158902 0.999998 -0.0532024 -0.104601 -0.0687657
FixedParameters: 0 0 0

#Transform 112
Transform: AffineTransform_float_3_3
Parameters: 0.999999 0.000782008 -3.57988e-06 -0.000781991 0.999998 0.001816 5.4201e-06 -0.001816 0.999999 -0.0510841 -0.122247 -0.0723532
FixedParameters: 0 0 0

#Transform 113
Transform: AffineTransform_float_3_3
Parameters: 0.999999 0.000762071 -0.000178695 -0.000761928 0.999999 0.000400136 0.000179305 -0.000399863 1 -0.0448189 -0.0323458 -0.112919
FixedParameters: 0 0 0

#Transform 114
Transform: AffineTransform_float_3_3
Parameters: 1 0.000985928 0.000138518 -0.000986073 1 0.000524864 -0.000137482 -0.000525136 1 -0.0646579 -0.106357 -0.101955
FixedParameters: 0 0 0

#Transform 115
Transform: AffineTransform_float_3_3
Parameters: 0.999999 0.000960999 2.50933e-06 -0.000961001 1 0.000529998 -2.49067e-06 -0.000530003 1 -0.0521479 -0.0592687 -0.0880686
FixedParameters: 0 0 0

#Transform 116
Transform: AffineTransform_float_3_3
Parameters: 0.999999 0.000848876 0.000197533 -0.000849124 1 0.000627833 -0.000197467 -0.000627168 1 -0.069513 -0.0849462 -0.088276
FixedParameters: 0 0 0

#Transform 117
Transform: AffineTransform_float_3_3
Parameters: 1 0.000993969 7.64175e-05 -0.000994033 1 0.000419924 -7.55825e-05 -0.000420075 1 -0.0582847 -0.0968645 -0.0880374
FixedParameters: 0 0 0

#Transform 118
Transform: AffineTransform_float_3_3
Parameters: 0.999999 0.000880977 7.62616e-05 -0.000881022 0.999999 0.000296933 -7.57383e-05 -0.000297067 1 -0.0603328 -0.0222148 -0.09916
FixedParameters: 0 0 0

#Transform 119
Transform: AffineTransform_float_3_3
Parameters: 1 0.00105191 0.000136669 -0.00105209 0.999999 0.000635857 -0.000136331 -0.000636144 1 -0.0622883 -0.0939697 -0.0882261
FixedParameters: 0 0 0

#Transform 120
Transform: AffineTransform_float_3_3
Parameters: 0.999999 0.000867694 0.000218216 -0.000867305 0.999998 0.00140081 -0.000217785 -0.00140119 0.999999 -0.0628637 -0.0702453 -0.054293
FixedParameters: 0 0 0

#Transform 121
Transform: AffineTransform_float_3_3
Parameters: 0.999999 0.000982626 0.000232584 -0.000983372 0.999998 0.00161177 -0.000230415 -0.00161223 0.999998 -0.0583653 -0.117425 -0.0660145
FixedParameters: 0 0 0

#Transform 122
Transform: AffineTransform_float_3_3
Parameters: 0.999999 0.000969888 6.76226e-05 -0.000970112 0.999998 0.00167293 -6.6377e-05 -0.00167306 0.999998 -0.0498135 -0.101204 -0.0683032
FixedParameters: 0 0 0

#Transform 123
Transform: AffineTransform_float_3_3
Parameters: 0.999999 0.000963703 0.000207381 -0.000964296 0.999998 0.0014328 -0.000206618 -0.0014332 0.999999 -0.0559007 -0.0703485 -0.0684028
FixedParameters: 0 0 0

#Transform 124
Transform: AffineTransform_float_3_3
Parameters: 0.999999 0.000982929 4.5552e-05 -0.00098307 0.999999 0.00157896 -4.34487e-05 -0.00157804 0.999999 -0.0498091 -0.153723 -0.0628954
FixedParameters: 0 0 0

#Transform 125
Transform: AffineTransform_float_3_3
Parameters: 1 0.0010782 -0.00018282 -0.0010778 0.999999 0.0010952 0.000184181 -0.0010958 1 -0.0401282 -0.122996 -0.0376678
FixedParameters: 0 0 0

#Transform 126
Transform: AffineTransform_float_3_3
Parameters: 1 0.00107807 -0.000205619 -0.00107793 1 0.000353222 0.00020538 -0.000352779 1 -0.0364196 -0.0509093 -0.0643213
FixedParameters: 0 0 0

#Transform 127
Transform: AffineTransform_float_3_3
Parameters: 0.999999 0.000955231 -0.000136387 -0.000954769 0.999998 0.00168913 0.000137613 -0.00168887 0.999998 -0.0407531 -0.134613 -0.0409672
FixedParameters: 0 0 0

#Transform 128
Transform: AffineTransform_float_3_3
Parameters: 1 0.00106552 -0.000299146 -0.00106548 0.999998 0.00174032 0.000301854 -0.00173968 0.999998 -0.0283366 -0.107189 -0.0550313
FixedParameters: 0 0 0

#Transform 129
Transform: AffineTransform_float_3_3
Parameters: 0.999999 0.000848274 -0.000162577 -0.000847725 0.999998 0.00167814 0.000164423 -0.00167786 0.999998 -0.0402538 -0.0998044 -0.0680414
FixedParameters: 0 0 0

#Transform 130
Transform: AffineTransform_float_3_3
Parameters: 1 0.0010185 -0.000276156 -0.0010175 0.999998 0.00181128 0.000277843 -0.00181072 0.999999 -0.0307702 -0.115586 -0.0679898
FixedParameters: 0 0 0

#Transform 131
Transform: AffineTransform_float_3_3
Parameters: 0.999999 0.000969087 -0.000240648 -0.000968912 1 0.000363233 0.000241351 -0.000362766 1 -0.0322491 -0.0419432 -0.0969709
FixedParameters: 0 0 0

#Transform 132
Transform: AffineTransform_float_3_3
Parameters: 1 0.00103708 -0.000236633 -0.00103792 1 0.000354246 0.000236367 -0.000353755 1 -0.0409584 -0.0376479 -0.116732
FixedParameters: 0 0 0

#Transform 133
Transform: AffineTransform_float_3_3
Parameters: 0.999999 0.000969066 -0.00019367 -0.000968934 1 0.000340188 0.000194329 -0.000339812 1 -0.0366782 -0.0836818 -0.100584
FixedParameters: 0 0 0

#Transform 134
Transform: AffineTransform_float_3_3
Parameters: 0.999999 0.000936995 -0.000151028 -0.000937004 0.999999 -2.98585e-05 0.000150972 3.01415e-05 1 -0.0435566 -0.0566492 -0.10643
FixedParameters: 0 0 0

#Transform 135
Transform: AffineTransform_float_3_3
Parameters: 0.999999 0.000795032 -0.000195869 -0.000794967 0.999999 0.000164156 0.00019613 -0.000163844 1 -0.0419762 -0.0553114 -0.108061
FixedParameters: 0 0 0

#Transform 136
Transform: AffineTransform_float_3_3
Parameters: 0.999999 0.000807013 -5.37934e-05 -0.000806986 0.999999 0.000256043 5.32066e-05 -0.000255957 1 -0.0421114 -0.0802363 -0.110847
FixedParameters: 0 0 0

#Transform 137
Transform: AffineTransform_float_3_3
Parameters: 1 0.000534036 -0.000197903 -0.000533964 1 0.000182106 0.000197097 -0.000181895 1 -0.0169721 -0.0540539 -0.0858519
FixedParameters: 0 0 0

#Transform 138
Transform: AffineTransform_float_3_3
Parameters: 0.999999 0.000831012 -0.000113911 -0.000830987 0.999999 0.000107095 0.000114089 -0.000106905 1 -0.0301222 -0.032365 -0.100099
FixedParameters: 0 0 0

#Transform 139
Transform: AffineTransform_float_3_3
Parameters: 0.999999 0.000901005 -2.77982e-05 -0.000900993 0.999999 0.000224025 2.82018e-05 -0.000223975 1 -0.036225 -0.0697671 -0.0869882
FixedParameters: 0 0 0

#Transform 140
Transform: AffineTransform_float_3_3
Parameters: 0.999999 0.000948993 -6.4091e-05 -0.000949005 0.999999 -9.59392e-05 6.39088e-05 9.60606e-05 1 -0.0370092 -0.0401247 -0.0803877
FixedParameters: 0 0 0

#Transform 141
Transform: AffineTransform_float_3_3
Parameters: 1 0.000533973 -9.31564e-05 -0.000534027 1 -0.00029295 9.2844e-05 0.00029205 1 -0.0377143 -0.0252584 -0.0885696
FixedParameters: 0 0 0

#Transform 142
Transform: AffineTransform_float_3_3
Parameters: 1 0.00104396 -0.000207182 -0.00104404 1 -0.000173784 0.000207818 0.000174217 1 -0.0301364 -0.070128 -0.0851497
FixedParameters: 0 0 0

#Transform 143
Transform: AffineTransform_float_3_3
Parameters: 1 0.000896977 -9.32198e-05 -0.000897023 0.999999 -0.000244916 9.27802e-05 0.000245083 1 -0.0437716 -0.00290197 -0.0886189
FixedParameters: 0 0 0

#Transform 144
Transform: AffineTransform_float_3_3
Parameters: 1 0.00111398 -0.000281066 -0.00111402 1 -5.86869e-05 0.000280934 5.9313e-05 1 -0.0387714 -0.0409131 -0.101038
FixedParameters: 0 0 0

#Transform 145
Transform: AffineTransform_float_3_3
Parameters: 1 0.00121302 -8.57937e-05 -0.00121299 0.999999 0.000170104 8.62062e-05 -0.000169896 1 -0.0568866 -0.0518724 -0.0993337
FixedParameters: 0 0 0

#Transform 146
Transform: AffineTransform_float_3_3
Parameters: 1 0.00103997 -0.00013522 -0.00104003 1 -0.00021186 0.00013478 0.00021214 1 -0.0567519 -0.0105542 -0.0952324
FixedParameters: 0 0 0

#Transform 147
Transform: AffineTransform_float_3_3
Parameters: 0.999999 0.00126198 -7.32978e-05 -0.00126202 0.999999 -0.000235908 7.27021e-05 0.000236092 1 -0.0627963 -0.0626056 -0.120209
FixedParameters: 0 0 0

#Transform 148
Transform: AffineTransform_float_3_3
Parameters: 1 0.00120099 -6.32198e-05 -0.00120101 1 -0.000182924 6.37802e-05 0.000183077 1 -0.0624689 -0.0568196 -0.113894
FixedParameters: 0 0 0

#Transform 149
Transform: AffineTransform_float_3_3
Parameters: 1 0.00107098 -0.000141173 -0.00107102 1 -0.000161849 0.000140826 0.000162151 1 -0.0610388 0.00250655 -0.111488
FixedParameters: 0 0 0

#Transform 150
Transform: AffineTransform_float_3_3
Parameters: 0.999999 0.001298 3.67809e-06 -0.001298 0.999999 -0.000248005 -4.3219e-06 0.000247995 1 -0.0659484 -0.0301062 -0.0985959
FixedParameters: 0 0 0

#Transform 151
Transform: AffineTransform_float_3_3
Parameters: 1 0.00114695 -0.000138423 -0.00114705 1 -0.000368842 0.000138577 0.000369159 1 -0.051394 -0.0145904 -0.0823279
FixedParameters: 0 0 0

#Transform 152
Transform: AffineTransform_float_3_3
Parameters: 0.999999 0.00126492 -0.000168635 -0.00126508 0.999999 -0.000501787 0.000168365 0.000502213 1 -0.0504194 -0.0103128 -0.0662182
FixedParameters: 0 0 0

#Transform 153
Transform: AffineTransform_float_3_3
Parameters: 0.999999 0.00142173 0.000351094 -0.00142227 0.999998 0.000769501 -0.000349904 -0.000770498 0.999999 -0.0775727 -0.088298 0.012487
FixedParameters: 0 0 0

#Transform 154
Transform: AffineTransform_float_3_3
Parameters: 0.999998 0.0016009 0.000192789 -0.00160109 0.999998 0.000492692 -0.00019221 -0.000493308 1 -0.0869645 -0.0513781 0.00677492
FixedParameters: 0 0 0

#Transform 155
Transform: AffineTransform_float_3_3
Parameters: 0.999998 0.00161689 0.000164081 -0.00161711 0.999999 0.000668736 -0.000162918 -0.000669264 1 -0.0929634 -0.0288845 -0.0356225
FixedParameters: 0 0 0

#Transform 156
Transform: AffineTransform_float_3_3
Parameters: 0.999998 0.00192807 0.000141061 -0.00192793 0.999998 -0.000487273 -0.000141941 0.000487727 1 -0.0947333 -0.045199 -0.0715154
FixedParameters: 0 0 0

#Transform 157
Transform: AffineTransform_float_3_3
Parameters: 0.999999 0.0013599 -0.000171757 -0.0013601 0.999999 -0.000556767 0.000171242 0.000557233 1 -0.0561894 -0.0138414 -0.0833349
FixedParameters: 0 0 0

#Transform 158
Transform: AffineTransform_float_3_3
Parameters: 0.999999 0.00120492 -0.000312313 -0.00120508 0.999999 -0.000259624 0.000312687 0.000260377 1 -0.0553292 -0.0372389 -0.0732218
FixedParameters: 0 0 0

#Transform 159
Transform: AffineTransform_float_3_3
Parameters: 0.999999 0.001341 -0.000311997 -0.001341 0.999999 2.41839e-06 0.000312002 -1.58161e-06 1 -0.0524252 -0.0717356 -0.0732724
FixedParameters: 0 0 0

#Transform 160
Transform: AffineTransform_float_3_3
Parameters: 1 0.00120494 -0.000197348 -0.00120506 0.999999 -0.000288762 0.000196652 0.000289237 1 -0.0585384 -0.0556569 -0.073355
FixedParameters: 0 0 0

#Transform 161
Transform: AffineTransform_float_3_3
Parameters: 0.999999 0.00120486 -0.000312526 -0.00120514 0.999999 -0.000436624 0.000312474 0.000436377 1 -0.0571805 -0.0308681 -0.0731763
FixedParameters: 0 0 0

#Transform 162
Transform: AffineTransform_float_3_3
Parameters: 0.999999 0.001205 -0.000312 -0.001205 1 3.7596e-07 0.000312 3.7596e-07 1 -0.0570645 -0.0771657 -0.0628519
FixedParameters: 0 0 0

#Transform 163
Transform: AffineTransform_float_3_3
Parameters: 1 0.00120485 0.000123511 -0.00120515 0.999998 0.00125385 -0.000121489 -0.00125415 0.999999 -0.0794578 -0.0802736 -0.0320333
FixedParameters: 0 0 0

#Transform 164
Transform: AffineTransform_float_3_3
Parameters: 0.999999 0.00142684 0.000123849 -0.00142716 0.999998 0.00129582 -0.00012215 -0.00129618 0.999999 -0.091325 -0.0881276 -0.0389649
FixedParameters: 0 0 0

#Transform 165
Transform: AffineTransform_float_3_3
Parameters: 0.999999 0.00120538 -0.000347689 -0.00120462 0.999998 0.00108842 0.000349311 -0.00108758 1 -0.0554636 -0.13657 -0.00928028
FixedParameters: 0 0 0

#Transform 166
Transform: AffineTransform_float_3_3
Parameters: 1 0.00120501 6.67421e-05 -0.00120499 1 -0.000214081 -6.72578e-05 0.000213919 1 -0.0831839 -0.0331039 -0.0361902
FixedParameters: 0 0 0

#Transform 167
Transform: AffineTransform_float_3_3
Parameters: 0.999999 0.00135996 -0.000166319 -0.00136004 0.999999 -0.000234774 0.00016568 0.000235226 1 -0.0777037 -0.07709 -0.0443078
FixedParameters: 0 0 0

#Transform 168
Transform: AffineTransform_float_3_3
Parameters: 0.999998 0.00169689 -0.000151213 -0.00169711 0.999999 -0.000714744 0.000149786 0.000715255 0.999999 -0.0760882 -0.0410599 -0.0849524
FixedParameters: 0 0 0

#Transform 169
Transform: AffineTransform_float_3_3
Parameters: 0.999999 0.00120491 -0.000315335 -0.00120509 0.999999 -0.00027762 0.000314665 0.000278379 1 -0.0460358 -0.010597 -0.0625683
FixedParameters: 0 0 0

#Transform 170
Transform: AffineTransform_float_3_3
Parameters: 0.999999 0.00120493 -0.000431206 -0.00120507 1 -0.000170481 0.000430795 0.000170519 1 -0.0351231 -0.0721901 -0.0661153
FixedParameters: 0 0 0

#Transform 171
Transform: AffineTransform_float_3_3
Parameters: 1 0.00111193 -0.000474155 -0.00111207 1 -0.000139473 0.000473844 0.000140527 1 -0.0424264 -0.00395677 -0.0779102
FixedParameters: 0 0 0

#Transform 172
Transform: AffineTransform_float_3_3
Parameters: 0.999999 0.00120476 -0.000443656 -0.00120424 0.999999 -0.000544466 0.000443343 0.000545535 1 -0.0468717 -0.071011 -0.0737238
FixedParameters: 0 0 0

#Transform 173
Transform: AffineTransform_float_3_3
Parameters: 0.999999 0.00120469 -0.000561656 -0.00120431 0.999999 -0.000544324 0.000560344 0.000544675 0.999999 -0.0440316 0.00515469 -0.101401
FixedParameters: 0 0 0

#Transform 174
Transform: AffineTransform_float_3_3
Parameters: 0.999999 0.00120485 -0.000443413 -0.00120515 0.999999 -0.000342466 0.000442586 0.000343534 1 -0.0498116 -0.0297493 -0.0994166
FixedParameters: 0 0 0

#Transform 175
Transform: AffineTransform_float_3_3
Parameters: 0.999999 0.00120478 -0.000528512 -0.00120422 0.999999 -0.000424364 0.000528488 0.000425637 1 -0.0445521 -0.027596 -0.0753364
FixedParameters: 0 0 0

#Transform 176
Transform: AffineTransform_float_3_3
Parameters: 0.999999 0.00120481 -0.000456511 -0.00120519 0.999999 -0.00042345 0.00045549 0.000423549 1 -0.0487489 -0.00701051 -0.0943261
FixedParameters: 0 0 0

#Transform 177
Transform: AffineTransform_float_3_3
Parameters: 0.999999 0.00120486 -0.000476353 -0.00120514 0.999999 -0.000292426 0.000475648 0.000292573 1 -0.0460727 -0.0523899 -0.0930276
FixedParameters: 0 0 0

#Transform 178
Transform: AffineTransform_float_3_3
Parameters: 0.999999 0.00120474 -0.000532598 -0.00120426 0.999999 -0.000496359 0.000532401 0.000497642 0.999999 -0.0418639 0.0150427 -0.0745437
FixedParameters: 0 0 0

#Transform 179
Transform: AffineTransform_float_3_3
Parameters: 0.999999 0.00113797 -0.000476079 -0.00113803 1 -6.94583e-05 0.000475921 6.95417e-05 1 -0.0399166 -0.0231675 -0.0791873
FixedParameters: 0 0 0

#Transform 180
Transform: AffineTransform_float_3_3
Parameters: 1 0.00108392 -0.000476179 -0.00108408 1 -0.000164484 0.000475822 0.000164516 1 -0.0306709 -0.0183384 -0.079976
FixedParameters: 0 0 0

#Transform 181
Transform: AffineTransform_float_3_3
Parameters: 0.999999 0.00143405 -0.00047784 -0.00143395 0.999999 0.000111685 0.000478159 -0.000110314 1 -0.0435607 0.0226253 -0.0716238
FixedParameters: 0 0 0

#Transform 182
Transform: AffineTransform_float_3_3
Parameters: 0.999998 0.00166615 -7.36544e-05 -0.00166585 0.999996 0.00200812 7.7345e-05 -0.00200787 0.999998 -0.0776776 -0.11657 -0.0248018
FixedParameters: 0 0 0

#Transform 183
Transform: AffineTransform_float_3_3
Parameters: 0.999999 0.00157494 5.96474e-05 -0.00157506 0.999998 0.00104591 -5.83525e-05 -0.00104609 1 -0.0808323 -0.0394591 -0.0424928
FixedParameters: 0 0 0

#Transform 184
Transform: AffineTransform_float_3_3
Parameters: 0.999998 0.00165288 6.13884e-05 -0.00165312 0.999996 0.0020499 -5.86111e-05 -0.0020501 0.999998 -0.0830258 -0.0893708 -0.0426567
FixedParameters: 0 0 0

#Transform 185
Transform: AffineTransform_float_3_3
Parameters: 0.999998 0.00158698 -0.000210133 -0.00158702 0.999998 -8.36666e-05 0.000209866 8.43331e-05 1 -0.0710238 -0.0619737 -0.0906897
FixedParameters: 0 0 0

#Transform 186
Transform: AffineTransform_float_3_3
Parameters: 0.999999 0.00154394 -0.000161605 -0.00154406 0.999998 -0.000391751 0.000161396 0.00039125 1 -0.0776979 0.0312434 -0.0888565
FixedParameters: 0 0 0

#Transform 187
Transform: AffineTransform_float_3_3
Parameters: 0.999998 0.00164745 -0.000370991 -0.00164755 0.999998 0.00121961 0.00037301 -0.00121939 0.999999 -0.0623256 -0.0535542 -0.0480192
FixedParameters: 0 0 0

#Transform 188
Transform: AffineTransform_float_3_3
Parameters: 0.999998 0.00158331 -0.000331514 -0.00158369 0.999999 0.000938526 0.000332487 -0.000938475 0.999999 -0.060725 -0.00544539 -0.0415365
FixedParameters: 0 0 0

#Transform 189
Transform: AffineTransform_float_3_3
Parameters: 0.999998 0.00165189 -0.000224845 -0.00165212 0.999999 -0.000511629 0.000224154 0.000512371 1 -0.0673908 -0.0261347 -0.0942397
FixedParameters: 0 0 0

