# transform file /out/sourcedata/freesurfer/sub-v1s23x0050624_ses-1/mri/transforms/cc_up.lta
# created by oesteban on Mon Mar  9 22:29:57 2026

type      = 0 # LINEAR_VOX_TO_VOX
nxforms   = 1
mean      = 125.0000 130.0000 116.0000
sigma     = 10000.0000
1 4 4
9.927155971527100e-01 -1.126847639679909e-01 4.264094680547714e-02 1.388406085968018e+01 
1.125809550285339e-01 9.936310052871704e-01 4.835783969610929e-03 3.346932411193848e+00 
-4.291427880525589e-02 -4.656613983300417e-10 9.990788698196411e-01 2.737611579895020e+01 
0.000000000000000e+00 0.000000000000000e+00 0.000000000000000e+00 1.000000000000000e+00 
src volume info
valid = 1  # volume info valid
filename = /out/sourcedata/freesurfer/sub-v1s23x0050624_ses-1/mri/norm.mgz
volume = 256 256 256
voxelsize = 1.000000000000000e+00 1.000000000000000e+00 1.000000000000000e+00
xras   = -1.000000000000000e+00 0.000000000000000e+00 0.000000000000000e+00
yras   = 0.000000000000000e+00 0.000000000000000e+00 -1.000000000000000e+00
zras   = 0.000000000000000e+00 1.000000000000000e+00 0.000000000000000e+00
cras   = 3.457254028320312e+01 -4.994346618652344e+01 2.141098022460938e+01
dst volume info
valid = 1  # volume info valid
filename = /out/sourcedata/freesurfer/sub-v1s23x0050624_ses-1/mri/norm.mgz
volume = 256 256 256
voxelsize = 1.000000000000000e+00 1.000000000000000e+00 1.000000000000000e+00
xras   = -1.000000000000000e+00 0.000000000000000e+00 0.000000000000000e+00
yras   = 0.000000000000000e+00 0.000000000000000e+00 -1.000000000000000e+00
zras   = 0.000000000000000e+00 1.000000000000000e+00 0.000000000000000e+00
cras   = 3.457254028320312e+01 -4.994346618652344e+01 2.141098022460938e+01
