# transform file transforms/talairach.lta
# created by oesteban on Mon Mar  9 21:22:21 2026

type      = 0 # LINEAR_VOX_TO_VOX
nxforms   = 1
mean      = 125.0000 130.0000 116.0000
sigma     = 10000.0000
1 4 4
1.173294305801392e+00 -1.492195278406143e-01 4.770892485976219e-02 -6.665424346923828e+00 
1.539125889539719e-01 1.183126330375671e+00 2.251205444335938e-01 -7.389115905761719e+01 
-1.379524357616901e-02 -2.411563098430634e-01 1.019841790199280e+00 2.160597991943359e+01 
0.000000000000000e+00 0.000000000000000e+00 0.000000000000000e+00 1.000000000000000e+00 
src volume info
valid = 1  # volume info valid
filename = nu.mgz
volume = 256 256 256
voxelsize = 1.000000000000000e+00 1.000000000000000e+00 1.000000000000000e+00
xras   = -1.000000000000000e+00 0.000000000000000e+00 0.000000000000000e+00
yras   = 0.000000000000000e+00 0.000000000000000e+00 -1.000000000000000e+00
zras   = 0.000000000000000e+00 1.000000000000000e+00 0.000000000000000e+00
cras   = 3.457254028320312e+01 -4.994346618652344e+01 2.141098022460938e+01
dst volume info
valid = 1  # volume info valid
filename = /opt/freesurfer/average/RB_all_2020-01-02.gca
volume = 256 256 256
voxelsize = 1.000000000000000e+00 1.000000000000000e+00 1.000000000000000e+00
xras   = -1.000000000000000e+00 0.000000000000000e+00 0.000000000000000e+00
yras   = 0.000000000000000e+00 0.000000000000000e+00 -1.000000000000000e+00
zras   = 0.000000000000000e+00 1.000000000000000e+00 0.000000000000000e+00
cras   = 0.000000000000000e+00 0.000000000000000e+00 0.000000000000000e+00
