# transform file /out/sourcedata/freesurfer/sub-v1s23x0050611_ses-1/mri/transforms/cc_up.lta
# created by oesteban on Mon Mar  9 22:16:52 2026

type      = 0 # LINEAR_VOX_TO_VOX
nxforms   = 1
mean      = 127.0000 144.0000 110.0000
sigma     = 10000.0000
1 4 4
9.992659091949463e-01 -2.502482570707798e-02 -2.900619991123676e-02 7.275684356689453e+00 
2.501428872346878e-02 9.996867775917053e-01 -7.261024438776076e-04 -6.120967119932175e-02 
2.901528589427471e-02 0.000000000000000e+00 9.995789527893066e-01 2.836330986022949e+01 
0.000000000000000e+00 0.000000000000000e+00 0.000000000000000e+00 1.000000000000000e+00 
src volume info
valid = 1  # volume info valid
filename = /out/sourcedata/freesurfer/sub-v1s23x0050611_ses-1/mri/norm.mgz
volume = 256 256 256
voxelsize = 1.000000000000000e+00 1.000000000000000e+00 1.000000000000000e+00
xras   = -1.000000000000000e+00 0.000000000000000e+00 0.000000000000000e+00
yras   = 0.000000000000000e+00 0.000000000000000e+00 -1.000000000000000e+00
zras   = 0.000000000000000e+00 1.000000000000000e+00 0.000000000000000e+00
cras   = 3.144020080566406e+01 -4.959556579589844e+01 2.842021179199219e+01
dst volume info
valid = 1  # volume info valid
filename = /out/sourcedata/freesurfer/sub-v1s23x0050611_ses-1/mri/norm.mgz
volume = 256 256 256
voxelsize = 1.000000000000000e+00 1.000000000000000e+00 1.000000000000000e+00
xras   = -1.000000000000000e+00 0.000000000000000e+00 0.000000000000000e+00
yras   = 0.000000000000000e+00 0.000000000000000e+00 -1.000000000000000e+00
zras   = 0.000000000000000e+00 1.000000000000000e+00 0.000000000000000e+00
cras   = 3.144020080566406e+01 -4.959556579589844e+01 2.842021179199219e+01
