#Insight Transform File V1.0
#Transform 0
Transform: AffineTransform_float_3_3
Parameters: 1 -0.00010565 0.00055884 0.000110351 0.999969 -0.00778994 -0.000558157 0.00779006 0.99997 -0.0102636 0.0375628 0.508209
FixedParameters: 0 0 0

#Transform 1
Transform: AffineTransform_float_3_3
Parameters: 1 -0.000130827 -0.00012618 0.000131173 0.999999 0.00137598 0.00012582 -0.00137602 0.999999 0.0341252 0.0159134 0.00195393
FixedParameters: 0 0 0

#Transform 2
Transform: AffineTransform_float_3_3
Parameters: 1 -9.56014e-06 -0.000328013 1.04398e-05 0.999999 0.001341 0.000327986 -0.001341 0.999999 0.00913866 0.0841429 -0.0414577
FixedParameters: 0 0 0

#Transform 3
Transform: AffineTransform_float_3_3
Parameters: 1 0.000489325 -0.000327516 -0.000488676 1 0.000990161 0.000327484 -0.000989841 1 0.00471119 0.0625357 -0.0242133
FixedParameters: 0 0 0

#Transform 4
Transform: AffineTransform_float_3_3
Parameters: 1 0.00103173 -0.000528705 -0.00102827 0.999987 0.00513955 0.000534292 -0.00513945 0.999986 -0.00217572 -0.0627901 -0.0822653
FixedParameters: 0 0 0

#Transform 5
Transform: AffineTransform_float_3_3
Parameters: 1 0.00106207 -8.91843e-05 -0.00106193 0.999999 0.000768095 8.98156e-05 -0.000767905 0.999999 -0.0123303 0.105871 -0.00730805
FixedParameters: 0 0 0

#Transform 6
Transform: AffineTransform_float_3_3
Parameters: 0.999999 0.00118981 -0.000689602 -0.00118919 0.999998 0.00117582 0.000691397 -0.00117418 0.999999 0.0141722 0.0620506 -0.0308073
FixedParameters: 0 0 0

#Transform 7
Transform: AffineTransform_float_3_3
Parameters: 0.999999 0.00110148 -0.000957155 -0.00109952 0.999996 0.00258606 0.000959846 -0.00258495 0.999996 0.023629 0.055924 -0.0668364
FixedParameters: 0 0 0

#Transform 8
Transform: AffineTransform_float_3_3
Parameters: 0.999998 0.00119092 -0.00115102 -0.00118908 0.999998 0.00166737 0.00115298 -0.00166663 0.999998 0.0383423 0.100278 -0.0785618
FixedParameters: 0 0 0

#Transform 9
Transform: AffineTransform_float_3_3
Parameters: 0.999997 0.00138271 -0.00162801 -0.00137829 0.999995 0.00289225 0.00163199 -0.00288975 0.999994 0.0673787 0.145226 -0.12193
FixedParameters: 0 0 0

#Transform 10
Transform: AffineTransform_float_3_3
Parameters: 1 0.000332324 -0.000164347 -0.000332677 0.999998 0.00196505 0.000164654 -0.00196495 0.999998 0.0402797 -0.0257514 0.0146736
FixedParameters: 0 0 0

#Transform 11
Transform: AffineTransform_float_3_3
Parameters: 1 -0.000108128 7.1808e-05 0.000107872 0.999999 0.00177701 -7.21918e-05 -0.00177699 0.999999 0.0449823 -0.0161023 -0.00656673
FixedParameters: 0 0 0

#Transform 12
Transform: AffineTransform_float_3_3
Parameters: 1 3.62379e-05 -0.000139939 -3.67619e-05 0.999998 0.0017 0.000140063 -0.00169999 0.999998 0.0681267 -0.0445215 -0.0394648
FixedParameters: 0 0 0

#Transform 13
Transform: AffineTransform_float_3_3
Parameters: 1 0.000291853 0.000351954 -0.000293147 0.999994 0.00326289 -0.000351045 -0.0032631 0.999994 0.0924219 -0.034264 -0.0732311
FixedParameters: 0 0 0

#Transform 14
Transform: AffineTransform_float_3_3
Parameters: 0.999994 -0.000111997 0.00347287 0.000108005 1 0.00115038 -0.00347313 -0.00115062 0.999994 0.0950001 -0.0671468 -0.0313766
FixedParameters: 0 0 0

#Transform 15
Transform: AffineTransform_float_3_3
Parameters: 0.999998 0.000823109 0.00187892 -0.00083189 0.999989 0.00473545 -0.00187508 -0.00473756 0.999987 0.074296 -0.0303923 -0.132311
FixedParameters: 0 0 0

#Transform 16
Transform: AffineTransform_float_3_3
Parameters: 0.999999 0.000515537 -0.000742244 -0.00051246 0.999994 0.00341438 0.000744754 -0.00341462 0.999994 0.0424378 0.0351243 -0.121661
FixedParameters: 0 0 0

#Transform 17
Transform: AffineTransform_float_3_3
Parameters: 0.999999 0.000738508 0.000555654 -0.000739491 1 0.00088559 -0.000554346 -0.00088541 1 0.0620807 0.02513 -0.129085
FixedParameters: 0 0 0

#Transform 18
Transform: AffineTransform_float_3_3
Parameters: 0.999999 0.000736635 0.000558134 -0.000739363 0.99999 0.00424759 -0.000554864 -0.00424841 0.999991 0.0626602 -0.0078096 -0.19774
FixedParameters: 0 0 0

#Transform 19
Transform: AffineTransform_float_3_3
Parameters: 1 0.000231735 0.000555111 -0.000232265 1 0.000477871 -0.000554889 -0.000477128 0.999999 0.0639318 0.043617 -0.144132
FixedParameters: 0 0 0

#Transform 20
Transform: AffineTransform_float_3_3
Parameters: 1 0.000234117 0.000555797 -0.00023588 0.999994 0.00338987 -0.000554203 -0.00339013 0.999994 0.0784342 -0.0530052 -0.19123
FixedParameters: 0 0 0

#Transform 21
Transform: AffineTransform_float_3_3
Parameters: 1 0.000402511 0.000366641 -0.000404486 0.999991 0.00406985 -0.000364357 -0.00407014 0.999991 0.0956094 0.0153994 -0.176413
FixedParameters: 0 0 0

#Transform 22
Transform: AffineTransform_float_3_3
Parameters: 1 -0.000469665 0.000396214 0.000469336 0.999999 0.00167519 -0.000396787 -0.00167581 0.999998 0.0799474 -0.0291395 -0.119636
FixedParameters: 0 0 0

#Transform 23
Transform: AffineTransform_float_3_3
Parameters: 1 -0.000627598 0.000281896 0.000628402 0.999999 -0.00142782 -0.000281103 0.00142818 0.999999 0.0832739 0.0152745 -0.0575781
FixedParameters: 0 0 0

#Transform 24
Transform: AffineTransform_float_3_3
Parameters: 1 -0.000888039 0.000712199 0.00088896 0.999998 -0.00134937 -0.0007108 0.00135063 0.999999 0.0692934 -0.0732003 -0.087802
FixedParameters: 0 0 0

#Transform 25
Transform: AffineTransform_float_3_3
Parameters: 0.999997 -0.0019914 0.000863016 0.0019946 0.999994 -0.00301829 -0.00085698 0.00302072 0.999995 0.0790442 0.0434865 -0.0567306
FixedParameters: 0 0 0

#Transform 26
Transform: AffineTransform_float_3_3
Parameters: 0.999998 -0.00179687 0.000929248 0.00179613 0.999999 -0.000137331 -0.00092875 0.000139669 0.999999 0.101626 -0.0588608 -0.201399
FixedParameters: 0 0 0

#Transform 27
Transform: AffineTransform_float_3_3
Parameters: 0.999997 -0.00160995 0.00142446 0.00161305 0.999997 -0.00214471 -0.00142054 0.00214629 0.999996 0.131302 -0.0590891 -0.16286
FixedParameters: 0 0 0

#Transform 28
Transform: AffineTransform_float_3_3
Parameters: 0.999997 -0.0019702 0.00138356 0.0019728 0.999997 -0.00129927 -0.00138044 0.00130172 0.999998 0.152967 -0.104839 -0.13215
FixedParameters: 0 0 0

#Transform 29
Transform: AffineTransform_float_3_3
Parameters: 0.999996 -0.00173894 0.00197781 0.00174106 0.999998 -0.00103856 -0.00197619 0.00104144 0.999997 0.134058 -0.102332 -0.0182307
FixedParameters: 0 0 0

#Transform 30
Transform: AffineTransform_float_3_3
Parameters: 0.999997 -0.00157195 0.00181491 0.00157305 0.999998 -0.000579147 -0.00181409 0.000581853 0.999998 0.129017 0.0703029 -0.142457
FixedParameters: 0 0 0

#Transform 31
Transform: AffineTransform_float_3_3
Parameters: 0.999996 -0.00242455 0.00142677 0.00242546 0.999997 -0.000317541 -0.00142623 0.000320459 0.999999 0.112111 -0.0446716 -0.21156
FixedParameters: 0 0 0

#Transform 32
Transform: AffineTransform_float_3_3
Parameters: 0.999995 -0.00289439 0.000459857 0.00289561 0.999995 -0.00133167 -0.000456141 0.00133333 0.999999 0.139338 0.0748848 -0.311575
FixedParameters: 0 0 0

#Transform 33
Transform: AffineTransform_float_3_3
Parameters: 0.999998 -0.0018708 0.000843445 0.0018712 0.999998 -0.000237422 -0.000842555 0.000238577 0.999999 0.0634346 -0.0218067 -0.152195
FixedParameters: 0 0 0

#Transform 34
Transform: AffineTransform_float_3_3
Parameters: 0.999999 -0.0013451 0.000543234 0.0013459 0.999997 -0.00166027 -0.000540766 0.00166073 0.999998 0.0745871 0.0950364 -0.105591
FixedParameters: 0 0 0

#Transform 35
Transform: AffineTransform_float_3_3
Parameters: 0.999998 -0.00120943 0.00118658 0.00120957 0.999999 -0.000476566 -0.00118542 0.000477435 0.999999 0.0707996 0.0650446 -0.22567
FixedParameters: 0 0 0

#Transform 36
Transform: AffineTransform_float_3_3
Parameters: 0.999999 -0.00128314 0.00131482 0.00128487 0.999998 -0.00141831 -0.00131318 0.00141969 0.999998 0.0748892 0.0965594 -0.198587
FixedParameters: 0 0 0

#Transform 37
Transform: AffineTransform_float_3_3
Parameters: 0.999995 -0.00174618 0.00236709 0.00174882 0.999998 -0.00119187 -0.00236492 0.00119514 0.999997 0.114767 0.197055 -0.20415
FixedParameters: 0 0 0

#Transform 38
Transform: AffineTransform_float_3_3
Parameters: 0.999994 -0.00305521 0.00196136 0.00305779 0.999995 -0.00142201 -0.00195765 0.00142799 0.999997 0.0959914 -0.0844119 -0.146386
FixedParameters: 0 0 0

#Transform 39
Transform: AffineTransform_float_3_3
Parameters: 0.999995 -0.0025154 0.00199754 0.0025196 0.999995 -0.00180198 -0.00199246 0.00180702 0.999997 0.108613 0.0989752 -0.0840766
FixedParameters: 0 0 0

#Transform 40
Transform: AffineTransform_float_3_3
Parameters: 0.999998 -0.00181332 0.000688798 0.00181468 0.999998 -0.000990752 -0.000687201 0.000992248 1 0.0612729 0.0134165 -0.0456929
FixedParameters: 0 0 0

#Transform 41
Transform: AffineTransform_float_3_3
Parameters: 0.999999 -0.00145216 0.000486529 0.00145285 0.999998 -0.0017403 -0.000484471 0.00174171 0.999999 0.0915387 0.176928 -0.0370546
FixedParameters: 0 0 0

#Transform 42
Transform: AffineTransform_float_3_3
Parameters: 0.999998 -0.00166707 0.000927086 0.00166593 0.999998 0.00114955 -0.000928915 -0.00114845 0.999999 0.0612606 -0.0307861 -0.0237764
FixedParameters: 0 0 0

#Transform 43
Transform: AffineTransform_float_3_3
Parameters: 0.999997 -0.00172338 0.00165769 0.00172462 0.999998 -0.000977144 -0.00165631 0.000979857 0.999998 0.058164 0.0573928 -0.0109439
FixedParameters: 0 0 0

#Transform 44
Transform: AffineTransform_float_3_3
Parameters: 0.999997 -0.00139123 0.00203053 0.00139277 0.999999 -0.000377173 -0.00203047 0.000379826 0.999998 0.0656727 0.0322962 -0.0395853
FixedParameters: 0 0 0

#Transform 45
Transform: AffineTransform_float_3_3
Parameters: 0.999997 -0.00219292 0.000894186 0.00219308 0.999997 -8.40391e-05 -0.000893813 8.59602e-05 0.999999 0.0755053 -0.0316828 -0.0776966
FixedParameters: 0 0 0

#Transform 46
Transform: AffineTransform_float_3_3
Parameters: 0.999998 -0.00157082 0.00120623 0.00157118 0.999999 -0.000148105 -0.00120577 0.000149894 1 0.0890014 0.050364 -0.0914324
FixedParameters: 0 0 0

#Transform 47
Transform: AffineTransform_float_3_3
Parameters: 0.999999 -0.00122602 0.000660823 0.00122698 0.999998 -0.00148619 -0.000659177 0.00148681 0.999998 0.064005 0.0778721 -0.181732
FixedParameters: 0 0 0

#Transform 48
Transform: AffineTransform_float_3_3
Parameters: 1 -0.00111572 0.000452689 0.00111628 0.999999 -0.000617495 -0.000452311 0.000617505 0.999999 0.0570179 0.106533 -0.191574
FixedParameters: 0 0 0

#Transform 49
Transform: AffineTransform_float_3_3
Parameters: 0.999999 -0.00152104 -0.000294964 0.00152195 0.999993 0.00326255 0.000290036 -0.00326244 0.999994 0.059596 0.0525533 -0.200933
FixedParameters: 0 0 0

#Transform 50
Transform: AffineTransform_float_3_3
Parameters: 0.999999 -0.00152185 -0.000364626 0.00152215 0.999999 0.000411445 0.000364372 -0.000412555 1 0.0781847 0.124571 -0.191445
FixedParameters: 0 0 0

#Transform 51
Transform: AffineTransform_float_3_3
Parameters: 0.999999 -0.00179395 -0.00036426 0.00179405 0.999999 0.000144347 0.000364739 -0.000145655 1 0.0884094 0.0396432 -0.157582
FixedParameters: 0 0 0

#Transform 52
Transform: AffineTransform_float_3_3
Parameters: 0.999999 -0.00131707 -0.00021057 0.00131693 0.999999 -0.000326278 0.000210429 0.000325723 1 0.101421 0.0522415 -0.156365
FixedParameters: 0 0 0

#Transform 53
Transform: AffineTransform_float_3_3
Parameters: 0.999999 -0.00173595 -0.000298265 0.00173605 0.999998 0.000152482 0.000297734 -0.000153517 1 0.0880742 0.0741664 -0.168653
FixedParameters: 0 0 0

#Transform 54
Transform: AffineTransform_float_3_3
Parameters: 0.999999 -0.0018202 -0.000255578 0.0018198 0.999998 -0.000781466 0.000256421 0.000780534 0.999999 0.0945634 0.110176 -0.123665
FixedParameters: 0 0 0

#Transform 55
Transform: AffineTransform_float_3_3
Parameters: 0.999998 -0.00190791 0.000637268 0.00190909 0.999996 -0.00171179 -0.000633732 0.00171321 0.999999 0.0898998 0.0190372 -0.943122
FixedParameters: 0 0 0

#Transform 56
Transform: AffineTransform_float_3_3
Parameters: 0.999994 -0.00293583 0.00137212 0.00294117 0.999988 -0.00378198 -0.00136088 0.00378601 0.999992 0.0953463 0.0269854 -0.363036
FixedParameters: 0 0 0

#Transform 57
Transform: AffineTransform_float_3_3
Parameters: 0.999995 -0.00308668 0.000712382 0.00308632 0.999995 -0.000446804 -0.00071062 0.000448196 0.999999 0.0572929 0.0280393 -0.464015
FixedParameters: 0 0 0

#Transform 58
Transform: AffineTransform_float_3_3
Parameters: 0.999994 -0.00325227 0.000521534 0.00325272 0.999993 -0.00139331 -0.000516466 0.00139469 0.999999 0.0654743 0.0134739 -0.480566
FixedParameters: 0 0 0

#Transform 59
Transform: AffineTransform_float_3_3
Parameters: 0.999995 -0.00305376 0.000497503 0.00305325 0.999995 -0.000491483 -0.000496499 0.000492519 1 0.0677166 0.0774281 -0.525721
FixedParameters: 0 0 0

#Transform 60
Transform: AffineTransform_float_3_3
Parameters: 0.999995 -0.00312841 0.000290403 0.00312959 0.999993 -0.0020461 -0.000284596 0.0020469 0.999998 0.0801002 -0.0222511 -0.537044
FixedParameters: 0 0 0

#Transform 61
Transform: AffineTransform_float_3_3
Parameters: 0.999994 -0.00352901 0.00101695 0.00352899 0.999994 1.55889e-05 -0.00101705 -1.24109e-05 1 0.0774575 -0.0404175 -0.562456
FixedParameters: 0 0 0

#Transform 62
Transform: AffineTransform_float_3_3
Parameters: 0.999993 -0.00333963 0.00177148 0.00334237 0.999993 -0.00133809 -0.00176752 0.00134391 0.999997 0.0852943 0.0147865 -0.542809
FixedParameters: 0 0 0

#Transform 63
Transform: AffineTransform_float_3_3
Parameters: 0.999994 -0.00325144 0.00116337 0.00325356 0.999994 -0.00134022 -0.00115864 0.00134378 0.999999 0.0934108 0.0763821 -0.593646
FixedParameters: 0 0 0

#Transform 64
Transform: AffineTransform_float_3_3
Parameters: 0.999993 -0.00363992 0.00101986 0.00364108 0.999993 -0.00105829 -0.00101614 0.00106171 0.999999 0.0737976 -0.0650391 -0.588005
FixedParameters: 0 0 0

#Transform 65
Transform: AffineTransform_float_3_3
Parameters: 0.999992 -0.00364111 0.00116179 0.00364189 0.999993 -0.000762775 -0.00115921 0.000767227 0.999999 0.0800799 0.00033021 -0.591811
FixedParameters: 0 0 0

#Transform 66
Transform: AffineTransform_float_3_3
Parameters: 0.999993 -0.00333188 0.00159533 0.00333312 0.999994 -0.000697687 -0.00159266 0.000703311 0.999998 0.0827495 -0.166951 -0.507124
FixedParameters: 0 0 0

#Transform 67
Transform: AffineTransform_float_3_3
Parameters: 0.999994 -0.00336608 -0.00105437 0.00336391 0.999992 -0.00197056 0.00106162 0.00196644 0.999997 -0.0553599 -0.462112 -0.842977
FixedParameters: 0 0 0

#Transform 68
Transform: AffineTransform_float_3_3
Parameters: 0.999977 -0.00359212 -0.00587573 0.00351687 0.999912 -0.012746 0.00592127 0.012725 0.999901 -0.164101 -0.348019 -0.981241
FixedParameters: 0 0 0

#Transform 69
Transform: AffineTransform_float_3_3
Parameters: 0.999995 -0.00244084 -0.00191553 0.00243117 0.999984 -0.00512068 0.00192747 0.00511532 0.999985 0.0340046 0.40611 -0.729969
FixedParameters: 0 0 0

#Transform 70
Transform: AffineTransform_float_3_3
Parameters: 0.999994 -0.0032999 2.62354e-05 0.0033001 0.999976 -0.00613195 -6.76375e-06 0.00613206 0.999981 0.0415436 -0.134482 -0.734901
FixedParameters: 0 0 0

#Transform 71
Transform: AffineTransform_float_3_3
Parameters: 0.999993 -0.00330232 -0.00130515 0.00329968 0.999993 -0.00177332 0.00131084 0.00176868 0.999997 0.0220325 -0.0120695 -0.742898
FixedParameters: 0 0 0

#Transform 72
Transform: AffineTransform_float_3_3
Parameters: 0.999994 -0.00296811 -0.00208057 0.00296489 0.999994 -0.00149718 0.00208443 0.00149082 0.999996 -0.0685802 -0.100194 -0.601568
FixedParameters: 0 0 0

#Transform 73
Transform: AffineTransform_float_3_3
Parameters: 0.999996 -0.00273422 -0.000985378 0.00273378 0.999996 -0.000228695 0.000985622 0.000226306 0.999999 -0.0725209 0.0143701 -0.574332
FixedParameters: 0 0 0

#Transform 74
Transform: AffineTransform_float_3_3
Parameters: 0.999996 -0.00246752 -0.000646005 0.00246748 0.999996 -0.000809597 0.000647997 0.000808404 1 -0.061288 -0.0246465 -0.610288
FixedParameters: 0 0 0

#Transform 75
Transform: AffineTransform_float_3_3
Parameters: 0.999997 -0.00218308 -0.000439641 0.00218191 0.999994 -0.00245596 0.000445359 0.00245503 0.999997 -0.0512662 0.0581034 -0.593742
FixedParameters: 0 0 0

#Transform 76
Transform: AffineTransform_float_3_3
Parameters: 0.999996 -0.00229626 -0.00126791 0.00229474 0.999996 -0.00178091 0.00127208 0.00177808 0.999997 -0.0487751 0.0094429 -0.648059
FixedParameters: 0 0 0

#Transform 77
Transform: AffineTransform_float_3_3
Parameters: 0.999998 -0.00177695 -0.000928474 0.00177205 0.99999 -0.00424065 0.000935522 0.00423935 0.99999 -0.0474407 -0.0240678 -0.526497
FixedParameters: 0 0 0

#Transform 78
Transform: AffineTransform_float_3_3
Parameters: 0.999996 -0.00200516 -0.00173262 0.00200984 0.999994 0.00279753 0.00172738 -0.00280148 0.999995 -0.0434747 0.0343706 -0.160592
FixedParameters: 0 0 0

#Transform 79
Transform: AffineTransform_float_3_3
Parameters: 0.999999 -0.00150946 -0.00093025 0.00150954 0.999998 -0.000498405 0.000930752 0.000496596 1 -0.0891928 0.0167273 -0.393123
FixedParameters: 0 0 0

#Transform 80
Transform: AffineTransform_float_3_3
Parameters: 0.999997 -0.00270142 0.000407849 0.00270158 0.999996 -0.0014239 -0.000404155 0.0014241 0.999999 -0.0872929 0.0466665 -0.446665
FixedParameters: 0 0 0

#Transform 81
Transform: AffineTransform_float_3_3
Parameters: 0.999997 -0.0024258 0.000127823 0.0024262 0.999996 -0.00157569 -0.000124176 0.00157631 0.999999 -0.0749957 0.0976995 -0.427184
FixedParameters: 0 0 0

#Transform 82
Transform: AffineTransform_float_3_3
Parameters: 0.999995 -0.00306329 -0.000483891 0.00306171 0.999992 -0.00264849 0.000492107 0.00264651 0.999997 -0.0729044 0.0431455 -0.466533
FixedParameters: 0 0 0

#Transform 83
Transform: AffineTransform_float_3_3
Parameters: 0.999993 -0.00388133 -0.000540819 0.00387668 0.999962 -0.00778115 0.000571178 0.00777884 0.999969 -0.0510933 -0.0251326 -0.595778
FixedParameters: 0 0 0

#Transform 84
Transform: AffineTransform_float_3_3
Parameters: 0.999994 -0.00365876 6.10429e-05 0.00365925 0.999983 -0.00465781 -4.39553e-05 0.00465819 0.999989 -0.0268516 0.0172205 -0.554869
FixedParameters: 0 0 0

#Transform 85
Transform: AffineTransform_float_3_3
Parameters: 0.999994 -0.00348657 0.000391915 0.00348743 0.999987 -0.00370266 -0.000379086 0.00370434 0.999993 -0.00561216 0.0708548 -0.620568
FixedParameters: 0 0 0

#Transform 86
Transform: AffineTransform_float_3_3
Parameters: 0.999993 -0.00392022 -2.24713e-05 0.00391979 0.999972 -0.00625714 4.65269e-05 0.00625687 0.999981 -0.0187017 -0.086914 -0.525084
FixedParameters: 0 0 0

#Transform 87
Transform: AffineTransform_float_3_3
Parameters: 0.999992 -0.00391922 0.000375228 0.00391978 0.99999 -0.00209855 -0.000366774 0.00209945 0.999997 -0.00868008 0.00133863 -0.550165
FixedParameters: 0 0 0

#Transform 88
Transform: AffineTransform_float_3_3
Parameters: 0.999992 -0.00383054 0.00031064 0.00383145 0.999991 -0.00147182 -0.000305358 0.00147318 0.999999 -0.0200183 0.0310285 -0.559798
FixedParameters: 0 0 0

#Transform 89
Transform: AffineTransform_float_3_3
Parameters: 0.999992 -0.00391969 0.000473615 0.00391932 0.999992 -0.000666149 -0.000470386 0.000667849 0.999999 -0.0188545 -0.102046 -0.489521
FixedParameters: 0 0 0

#Transform 90
Transform: AffineTransform_float_3_3
Parameters: 0.999994 -0.00341174 0.000304912 0.00341126 0.999994 -0.000852964 -0.000302088 0.000854035 0.999999 0.021695 0.0403041 -0.435796
FixedParameters: 0 0 0

#Transform 91
Transform: AffineTransform_float_3_3
Parameters: 0.999995 -0.00308748 0.000705297 0.00308852 0.999995 -0.000742826 -0.000702705 0.000744174 1 0.0369559 0.0144281 -0.502874
FixedParameters: 0 0 0

#Transform 92
Transform: AffineTransform_float_3_3
Parameters: 0.999994 -0.00214532 0.00250472 0.00214468 0.999997 0.000131372 -0.00250527 -0.000125626 0.999997 0.0427558 0.0629171 -0.431742
FixedParameters: 0 0 0

#Transform 93
Transform: AffineTransform_float_3_3
Parameters: 0.999995 -0.00306791 0.000616445 0.00306809 0.999996 -0.000144109 -0.000615555 0.000145889 1 0.0160982 -0.199621 -0.442925
FixedParameters: 0 0 0

#Transform 94
Transform: AffineTransform_float_3_3
Parameters: 0.999997 -0.00230681 0.000733743 0.00230819 0.999996 -0.00162131 -0.000729257 0.00162269 0.999998 0.00344418 -0.0115968 -0.364509
FixedParameters: 0 0 0

#Transform 95
Transform: AffineTransform_float_3_3
Parameters: 0.999998 -0.00198119 0.000227353 0.00198081 0.999997 0.000831451 -0.000228646 -0.000830548 0.999999 -0.00124516 0.0660902 -0.422621
FixedParameters: 0 0 0

#Transform 96
Transform: AffineTransform_float_3_3
Parameters: 0.999997 -0.00210841 0.00065413 0.00211058 0.999995 -0.00243162 -0.000648869 0.00243237 0.999997 0.0163285 0.0554224 -0.383011
FixedParameters: 0 0 0

#Transform 97
Transform: AffineTransform_float_3_3
Parameters: 0.999997 -0.00210979 0.000350259 0.00211021 0.999997 -0.000596262 -0.000348739 0.000597737 1 0.0344241 0.0489281 -0.449024
FixedParameters: 0 0 0

#Transform 98
Transform: AffineTransform_float_3_3
Parameters: 0.999996 -0.00288612 -0.000122324 0.00288589 0.999996 -0.000927357 0.000124675 0.000926644 0.999999 0.0180521 0.0320596 -0.439555
FixedParameters: 0 0 0

#Transform 99
Transform: AffineTransform_float_3_3
Parameters: 0.999995 -0.00295698 4.16882e-05 0.00295702 0.999996 -0.000570879 -4.03113e-05 0.000571122 1 0.00265424 0.0605189 -0.418945
FixedParameters: 0 0 0

#Transform 100
Transform: AffineTransform_float_3_3
Parameters: 0.999996 -0.00288564 0.000338072 0.00288536 0.999996 -0.00106403 -0.000334929 0.00106497 1 0.00260267 -0.0668628 -0.413097
FixedParameters: 0 0 0

#Transform 101
Transform: AffineTransform_float_3_3
Parameters: 0.999996 -0.00288602 0.00021165 0.00288597 0.999996 0.000121611 -0.000212348 -0.000120388 1 0.0157888 0.0560965 -0.429412
FixedParameters: 0 0 0

#Transform 102
Transform: AffineTransform_float_3_3
Parameters: 0.999996 -0.00296182 -0.000499052 0.00296218 0.999995 0.000354523 0.000497949 -0.000355476 1 0.0154337 7.08152e-05 -0.4421
FixedParameters: 0 0 0

#Transform 103
Transform: AffineTransform_float_3_3
Parameters: 0.999996 -0.00276 -5.28784e-05 0.00276 0.999996 -4.41461e-05 5.3124e-05 4.48536e-05 1 0.0444344 0.0332183 -0.467468
FixedParameters: 0 0 0

#Transform 104
Transform: AffineTransform_float_3_3
Parameters: 0.999996 -0.00276059 -0.000422197 0.00275942 0.999995 -0.00137817 0.000425804 0.00137783 0.999999 0.0490237 0.0726602 -0.465909
FixedParameters: 0 0 0

#Transform 105
Transform: AffineTransform_float_3_3
Parameters: 0.999995 -0.00297505 -4.98284e-05 0.00297494 0.999995 -0.00106615 5.31711e-05 0.00106585 1 0.0621974 0.0391142 -0.484626
FixedParameters: 0 0 0

#Transform 106
Transform: AffineTransform_float_3_3
Parameters: 0.999995 -0.00292028 0.000648254 0.00292072 0.999995 -0.00111311 -0.000644747 0.00111489 0.999999 0.0771062 0.0307087 -0.411863
FixedParameters: 0 0 0

#Transform 107
Transform: AffineTransform_float_3_3
Parameters: 0.999994 -0.00324868 0.00056104 0.00324731 0.999994 0.00121983 -0.000564959 -0.00121817 0.999999 0.0520288 -0.0788203 -0.394731
FixedParameters: 0 0 0

#Transform 108
Transform: AffineTransform_float_3_3
Parameters: 0.999995 -0.00333011 0.000393109 0.0033299 0.999995 0.000268311 -0.00039389 -0.00026669 1 0.0278002 -0.063614 -0.415576
FixedParameters: 0 0 0

#Transform 109
Transform: AffineTransform_float_3_3
Parameters: 0.999995 -0.00315516 0.000170093 0.00315484 0.999994 0.00092154 -0.000172905 -0.000920458 0.999999 0.04475 0.0411114 -0.410325
FixedParameters: 0 0 0

#Transform 110
Transform: AffineTransform_float_3_3
Parameters: 0.999995 -0.00298101 0.000187773 0.00298098 0.999995 7.65601e-05 -0.000188229 -7.64392e-05 1 0.0655483 0.051364 -0.415956
FixedParameters: 0 0 0

#Transform 111
Transform: AffineTransform_float_3_3
Parameters: 0.999994 -0.00364362 0.00037303 0.00364339 0.999992 0.00163937 -0.000378973 -0.00163863 0.999998 0.0414611 -0.0665978 -0.449434
FixedParameters: 0 0 0

#Transform 112
Transform: AffineTransform_float_3_3
Parameters: 0.999993 -0.00362708 0.00085192 0.00362792 0.999993 -0.00107892 -0.00084808 0.00108208 0.999999 0.056727 -0.00732292 -0.421447
FixedParameters: 0 0 0

#Transform 113
Transform: AffineTransform_float_3_3
Parameters: 0.999995 -0.00290116 0.00119562 0.00290084 0.999996 0.000131469 -0.00119638 -0.00012853 1 0.111625 -0.0292876 -0.476771
FixedParameters: 0 0 0

#Transform 114
Transform: AffineTransform_float_3_3
Parameters: 0.999994 -0.00326231 0.00133423 0.00326268 0.999994 0.000239355 -0.00133477 -0.000234647 0.999999 0.137919 -0.0750063 -0.577359
FixedParameters: 0 0 0

#Transform 115
Transform: AffineTransform_float_3_3
Parameters: 0.999992 -0.00415206 2.87752e-05 0.00415194 0.99999 0.00174013 -3.62283e-05 -0.00174086 0.999998 0.161635 -0.0513902 -0.646246
FixedParameters: 0 0 0

#Transform 116
Transform: AffineTransform_float_3_3
Parameters: 0.999993 -0.00354461 -0.000372438 0.00354638 0.999986 0.0037897 0.000358559 -0.00379129 0.999992 0.10619 -0.107722 -0.660823
FixedParameters: 0 0 0

#Transform 117
Transform: AffineTransform_float_3_3
Parameters: 0.999995 -0.00319206 1.30854e-05 0.00319194 0.99999 0.00310606 -2.29142e-05 -0.00310594 0.999995 0.0929553 -0.0393204 -0.688689
FixedParameters: 0 0 0

#Transform 118
Transform: AffineTransform_float_3_3
Parameters: 0.999995 -0.00314623 5.77585e-05 0.00314678 0.999988 0.0035732 -6.82436e-05 -0.0035728 0.999993 0.088481 -0.0641537 -0.703208
FixedParameters: 0 0 0

#Transform 119
Transform: AffineTransform_float_3_3
Parameters: 0.999996 -0.00299228 0.000501426 0.00299072 0.999993 0.00253251 -0.000508572 -0.00253049 0.999996 0.106545 -0.0975871 -0.563125
FixedParameters: 0 0 0

#Transform 120
Transform: AffineTransform_float_3_3
Parameters: 0.999994 -0.00261793 0.00194201 0.00260907 0.999986 0.00458809 -0.00195398 -0.00458291 0.999987 -0.0073687 -0.129601 -0.696565
FixedParameters: 0 0 0

#Transform 121
Transform: AffineTransform_float_3_3
Parameters: 0.999998 -0.0022126 0.00050034 0.0022114 0.999997 0.00120311 -0.00050366 -0.00120189 0.999999 -0.0352952 -0.0175796 -0.490207
FixedParameters: 0 0 0

#Transform 122
Transform: AffineTransform_float_3_3
Parameters: 0.999995 -0.00300549 0.000898359 0.00300551 0.999996 0.000547703 -0.000899644 -0.000545299 1 -0.0755678 -0.0194415 -0.497435
FixedParameters: 0 0 0

#Transform 123
Transform: AffineTransform_float_3_3
Parameters: 0.999996 -0.0028446 0.00109745 0.0028434 0.999996 0.000548123 -0.00109855 -0.000544878 0.999999 -0.046889 0.0836062 -0.457686
FixedParameters: 0 0 0

#Transform 124
Transform: AffineTransform_float_3_3
Parameters: 0.999994 -0.00295093 0.00142729 0.00295307 0.999994 -0.00145079 -0.00142271 0.00145521 0.999998 -0.0117819 0.0303825 -0.430772
FixedParameters: 0 0 0

#Transform 125
Transform: AffineTransform_float_3_3
Parameters: 0.999996 -0.00273399 0.000469075 0.00273401 0.999997 -2.67177e-05 -0.000468927 2.72822e-05 1 0.0260899 0.0687956 -0.474947
FixedParameters: 0 0 0

#Transform 126
Transform: AffineTransform_float_3_3
Parameters: 0.999995 -0.00281284 0.000794553 0.00281316 0.999996 -0.000195766 -0.000793445 0.000198233 0.999999 0.0262136 0.0455844 -0.491734
FixedParameters: 0 0 0

#Transform 127
Transform: AffineTransform_float_3_3
Parameters: 0.999995 -0.00311239 0.000429188 0.00311261 0.999994 0.000904341 -0.000431812 -0.000902661 1 -0.00674089 0.0659606 -0.420695
FixedParameters: 0 0 0

#Transform 128
Transform: AffineTransform_float_3_3
Parameters: 0.999995 -0.00311053 0.00128556 0.00311247 0.999994 -0.001141 -0.00128244 0.00114499 0.999998 0.00694572 0.0720149 -0.64356
FixedParameters: 0 0 0

#Transform 129
Transform: AffineTransform_float_3_3
Parameters: 0.999993 -0.00310554 0.00213145 0.00311246 0.99999 -0.00303539 -0.00212155 0.00304161 0.999993 -0.00895371 0.020013 -0.696471
FixedParameters: 0 0 0

#Transform 130
Transform: AffineTransform_float_3_3
Parameters: 0.999994 -0.00305298 0.00130771 0.00305501 0.999994 -0.00154101 -0.00130229 0.00154498 0.999998 0.0261012 0.0410386 -0.557981
FixedParameters: 0 0 0

#Transform 131
Transform: AffineTransform_float_3_3
Parameters: 0.999994 -0.00322807 0.00125782 0.00322893 0.999995 5.90618e-05 -0.00125818 -5.49388e-05 0.999999 0.0208992 0.0611757 -0.597509
FixedParameters: 0 0 0

#Transform 132
Transform: AffineTransform_float_3_3
Parameters: 0.999993 -0.00329108 0.00137858 0.00329291 0.999993 -0.00138947 -0.00137442 0.00139453 0.999998 0.0154308 0.0244395 -0.562932
FixedParameters: 0 0 0

#Transform 133
Transform: AffineTransform_float_3_3
Parameters: 0.999994 -0.00303723 0.00154147 0.00303977 0.999994 -0.00179732 -0.00153553 0.00180267 0.999997 0.0177382 0.0856759 -0.571928
FixedParameters: 0 0 0

#Transform 134
Transform: AffineTransform_float_3_3
Parameters: 0.999993 -0.00339889 0.00117503 0.00340211 0.99999 -0.00265302 -0.00116597 0.00265698 0.999996 0.00870767 0.00557336 -0.526086
FixedParameters: 0 0 0

#Transform 135
Transform: AffineTransform_float_3_3
Parameters: 0.999992 -0.00346533 0.00194157 0.00346867 0.999992 -0.00189128 -0.00193543 0.00189772 0.999997 0.0128771 0.062378 -0.590929
FixedParameters: 0 0 0

#Transform 136
Transform: AffineTransform_float_3_3
Parameters: 0.999992 -0.0038974 0.00145331 0.0038986 0.999992 -0.00110134 -0.0014487 0.00110666 0.999999 -0.00211981 0.0568408 -0.569847
FixedParameters: 0 0 0

#Transform 137
Transform: AffineTransform_float_3_3
Parameters: 0.999993 -0.00349204 0.00148598 0.00349496 0.999992 -0.00199482 -0.00147902 0.00200018 0.999997 0.0203501 0.0460882 -0.475517
FixedParameters: 0 0 0

#Transform 138
Transform: AffineTransform_float_3_3
Parameters: 0.999994 -0.0033521 0.0014282 0.0033559 0.99999 -0.00273922 -0.00141881 0.00274377 0.999995 0.0314392 0.0633156 -0.471937
FixedParameters: 0 0 0

#Transform 139
Transform: AffineTransform_float_3_3
Parameters: 0.999993 -0.00299299 0.0021992 0.002999 0.999992 -0.00273242 -0.0021908 0.00273957 0.999994 0.0379086 0.027231 -0.471164
FixedParameters: 0 0 0

#Transform 140
Transform: AffineTransform_float_3_3
Parameters: 0.999992 -0.00365167 0.00155947 0.00365333 0.999992 -0.00149531 -0.00155353 0.00150168 0.999997 0.0296733 0.0551486 -0.484349
FixedParameters: 0 0 0

#Transform 141
Transform: AffineTransform_float_3_3
Parameters: 0.999992 -0.00353259 0.00213168 0.00353241 0.999993 -0.000189472 -0.00213032 0.000196527 0.999997 0.0333448 0.0556509 -0.523133
FixedParameters: 0 0 0

#Transform 142
Transform: AffineTransform_float_3_3
Parameters: 0.999992 -0.0035807 0.00210235 0.0035853 0.999991 -0.00204648 -0.00209565 0.00205452 0.999995 0.0363089 0.0106806 -0.539702
FixedParameters: 0 0 0

#Transform 143
Transform: AffineTransform_float_3_3
Parameters: 0.999993 -0.00305144 0.00219276 0.00305756 0.999992 -0.00253731 -0.00218524 0.00254369 0.999995 0.0283116 0.0622495 -0.876396
FixedParameters: 0 0 0

#Transform 144
Transform: AffineTransform_float_3_3
Parameters: 0.999988 -0.00313021 0.00371405 0.00313579 0.999995 -0.00128537 -0.00370996 0.00129663 0.999993 -0.0284197 -0.00256833 -1.32897
FixedParameters: 0 0 0

#Transform 145
Transform: AffineTransform_float_3_3
Parameters: 0.99998 -0.00263014 0.0057473 0.00268886 0.999944 -0.0102577 -0.0057197 0.0102732 0.999931 -0.0192766 -0.0118899 -1.3545
FixedParameters: 0 0 0

#Transform 146
Transform: AffineTransform_float_3_3
Parameters: 0.999989 -0.00360766 0.00315234 0.00362035 0.999985 -0.00423764 -0.00313767 0.00424937 0.999986 -0.0197843 -0.0545163 -1.15996
FixedParameters: 0 0 0

#Transform 147
Transform: AffineTransform_float_3_3
Parameters: 0.999989 -0.00314636 0.0032703 0.00315563 0.99999 -0.00294571 -0.0032607 0.00295629 0.999991 0.00235681 -0.0299612 -1.19189
FixedParameters: 0 0 0

#Transform 148
Transform: AffineTransform_float_3_3
Parameters: 0.99999 -0.00334288 0.00278681 0.00335611 0.999984 -0.00471469 -0.00277119 0.00472431 0.999985 0.0309839 0.00116397 -1.21086
FixedParameters: 0 0 0

#Transform 149
Transform: AffineTransform_float_3_3
Parameters: 0.999991 -0.00319174 0.00278051 0.00319926 0.999991 -0.00297113 -0.00277149 0.00298087 0.999991 0.0262669 -0.0590909 -1.2526
FixedParameters: 0 0 0

#Transform 150
Transform: AffineTransform_float_3_3
Parameters: 0.999992 -0.00278905 0.00278403 0.00280195 0.999985 -0.00465824 -0.00277097 0.00466577 0.999986 0.0326844 -0.0710846 -1.17453
FixedParameters: 0 0 0

#Transform 151
Transform: AffineTransform_float_3_3
Parameters: 0.999991 -0.00345372 0.00271058 0.00346228 0.99999 -0.00305564 -0.00270042 0.00306536 0.999991 0.00890984 -0.0240578 -1.12502
FixedParameters: 0 0 0

#Transform 152
Transform: AffineTransform_float_3_3
Parameters: 0.999987 -0.00305535 0.00390321 0.00308065 0.999973 -0.00658305 -0.00388278 0.00659494 0.99997 0.0243169 -0.0263174 -1.08649
FixedParameters: 0 0 0

#Transform 153
Transform: AffineTransform_float_3_3
Parameters: 0.999985 -0.0037526 0.00380229 0.0037624 0.999989 -0.00273173 -0.00379271 0.00274627 0.999989 0.0120723 -0.0268225 -1.16029
FixedParameters: 0 0 0

#Transform 154
Transform: AffineTransform_float_3_3
Parameters: 0.999987 -0.00346889 0.00377678 0.0034861 0.999983 -0.00453189 -0.00376121 0.0045451 0.999982 0.0181529 -0.0230139 -1.11411
FixedParameters: 0 0 0

#Transform 155
Transform: AffineTransform_float_3_3
Parameters: 0.999987 -0.00347693 0.00387013 0.00349708 0.999981 -0.00519254 -0.00385187 0.00520547 0.999979 0.0234133 0.0036696 -1.13387
FixedParameters: 0 0 0

#Transform 156
Transform: AffineTransform_float_3_3
Parameters: 0.999983 -0.00329477 0.00491867 0.00332124 0.999981 -0.00533476 -0.00490132 0.00535124 0.999973 0.0333724 -0.0273981 -1.14792
FixedParameters: 0 0 0

#Transform 157
Transform: AffineTransform_float_3_3
Parameters: 0.999979 -0.00371052 0.00517825 0.00374048 0.999977 -0.00569475 -0.00515675 0.00571425 0.999971 0.0250282 -0.0426792 -1.15328
FixedParameters: 0 0 0

#Transform 158
Transform: AffineTransform_float_3_3
Parameters: 0.999983 -0.00371092 0.00451045 0.00372609 0.999988 -0.00334025 -0.00449855 0.00335675 0.999984 0.0323416 0.0120627 -1.18597
FixedParameters: 0 0 0

#Transform 159
Transform: AffineTransform_float_3_3
Parameters: 0.999982 -0.00372202 0.00474368 0.00375198 0.999973 -0.00632731 -0.00472032 0.00634468 0.999968 0.0404609 -0.0382332 -1.17282
FixedParameters: 0 0 0

#Transform 160
Transform: AffineTransform_float_3_3
Parameters: 0.999978 -0.00419089 0.00513356 0.00422211 0.999972 -0.00606446 -0.00510744 0.00608654 0.999969 0.0186385 -0.0578883 -1.15111
FixedParameters: 0 0 0

#Transform 161
Transform: AffineTransform_float_3_3
Parameters: 0.999979 -0.0034044 0.00538901 0.00343959 0.999973 -0.00642359 -0.00536698 0.0064424 0.999965 0.0297758 -0.0559355 -1.11154
FixedParameters: 0 0 0

#Transform 162
Transform: AffineTransform_float_3_3
Parameters: 0.999983 -0.00371337 0.00436221 0.00372962 0.999986 -0.00380979 -0.00434779 0.00382621 0.999983 0.0506121 0.000260129 -1.18516
FixedParameters: 0 0 0

#Transform 163
Transform: AffineTransform_float_3_3
Parameters: 0.999981 -0.00369609 0.00488807 0.00372992 0.999971 -0.0067419 -0.00486294 0.00675911 0.999966 0.0402886 -0.0481633 -1.10207
FixedParameters: 0 0 0

#Transform 164
Transform: AffineTransform_float_3_3
Parameters: 0.999984 -0.00361183 0.00432278 0.00363318 0.999982 -0.00490037 -0.00430522 0.00491663 0.999978 0.0499025 0.0308239 -1.12266
FixedParameters: 0 0 0

#Transform 165
Transform: AffineTransform_float_3_3
Parameters: 0.999982 -0.00389822 0.00469656 0.00392978 0.99997 -0.00677667 -0.00466944 0.00679533 0.999966 0.047746 -0.0335307 -1.08549
FixedParameters: 0 0 0

#Transform 166
Transform: AffineTransform_float_3_3
Parameters: 0.999978 -0.00407072 0.00511186 0.00410327 0.999971 -0.00631816 -0.00508613 0.00633984 0.999967 0.056135 -0.0220271 -1.0919
FixedParameters: 0 0 0

#Transform 167
Transform: AffineTransform_float_3_3
Parameters: 0.999975 -0.00426048 0.00561094 0.00428352 0.999982 -0.00418707 -0.00559306 0.00421093 0.999975 0.0361632 -0.0118859 -1.07772
FixedParameters: 0 0 0

#Transform 168
Transform: AffineTransform_float_3_3
Parameters: 0.999974 -0.00461041 0.00565293 0.00462559 0.999986 -0.00257092 -0.00564107 0.00259708 0.99998 0.0653553 -0.0241084 -1.10205
FixedParameters: 0 0 0

#Transform 169
Transform: AffineTransform_float_3_3
Parameters: 0.999966 -0.00464551 0.00681234 0.00468049 0.999976 -0.0052033 -0.00678767 0.00523471 0.999964 0.0615994 -0.0561302 -1.12195
FixedParameters: 0 0 0

#Transform 170
Transform: AffineTransform_float_3_3
Parameters: 0.999958 -0.00530541 0.00737509 0.00534759 0.99997 -0.00563079 -0.0073449 0.0056702 0.999957 0.00121782 -0.104879 -1.20238
FixedParameters: 0 0 0

#Transform 171
Transform: AffineTransform_float_3_3
Parameters: 0.999955 -0.00568433 0.00751734 0.00571867 0.999973 -0.00459822 -0.00749166 0.00464079 0.999961 -0.00218207 -0.116889 -1.303
FixedParameters: 0 0 0

#Transform 172
Transform: AffineTransform_float_3_3
Parameters: 0.999952 -0.00553067 0.00809104 0.00559633 0.999951 -0.0080741 -0.00804595 0.00811888 0.999934 0.000560007 -0.0710043 -1.22405
FixedParameters: 0 0 0

#Transform 173
Transform: AffineTransform_float_3_3
Parameters: 0.99995 -0.00588672 0.00809461 0.00595327 0.999949 -0.00818822 -0.00804538 0.00823577 0.999933 -0.0104056 -0.130217 -1.23514
FixedParameters: 0 0 0

#Transform 174
Transform: AffineTransform_float_3_3
Parameters: 0.999958 -0.00506656 0.0076656 0.00512344 0.99996 -0.00736103 -0.00762839 0.00739996 0.999943 0.00859846 -0.0872501 -1.27502
FixedParameters: 0 0 0

#Transform 175
Transform: AffineTransform_float_3_3
Parameters: 0.999961 -0.00479241 0.00749858 0.0048256 0.999979 -0.00446799 -0.00747743 0.00450401 0.999962 0.0374796 -0.0416677 -1.34269
FixedParameters: 0 0 0

#Transform 176
Transform: AffineTransform_float_3_3
Parameters: 0.999947 -0.00592915 0.00841847 0.00598885 0.999957 -0.00710196 -0.00837653 0.00715205 0.99994 0.0186972 -0.0986574 -1.24646
FixedParameters: 0 0 0

#Transform 177
Transform: AffineTransform_float_3_3
Parameters: 0.999958 -0.00488593 0.00783827 0.00493007 0.999972 -0.0057406 -0.00780973 0.00577941 0.999953 0.0388657 -0.036005 -1.25296
FixedParameters: 0 0 0

#Transform 178
Transform: AffineTransform_float_3_3
Parameters: 0.999958 -0.00456125 0.0080243 0.00460274 0.999976 -0.00506628 -0.0080007 0.00510371 0.999955 0.0544683 -0.0332275 -1.26517
FixedParameters: 0 0 0

#Transform 179
Transform: AffineTransform_float_3_3
Parameters: 0.999953 -0.00468757 0.00841192 0.00475543 0.999957 -0.00801337 -0.00837406 0.00805363 0.999932 0.0361904 -0.0821002 -1.18427
FixedParameters: 0 0 0

#Transform 180
Transform: AffineTransform_float_3_3
Parameters: 0.999956 -0.00494434 0.00806305 0.00499266 0.99997 -0.00602602 -0.00803297 0.00606599 0.99995 0.0298828 -0.0705908 -1.18459
FixedParameters: 0 0 0

#Transform 181
Transform: AffineTransform_float_3_3
Parameters: 0.999946 -0.00537126 0.00882565 0.00545175 0.999944 -0.00915038 -0.00877635 0.00919764 0.999919 0.0347767 -0.0452833 -1.13225
FixedParameters: 0 0 0

#Transform 182
Transform: AffineTransform_float_3_3
Parameters: 0.999943 -0.00581105 0.00887585 0.00588495 0.999948 -0.00832823 -0.00882714 0.00837977 0.999926 0.0297105 -0.0867509 -1.12832
FixedParameters: 0 0 0

#Transform 183
Transform: AffineTransform_float_3_3
Parameters: 0.999945 -0.00557955 0.0089381 0.00564846 0.999955 -0.00765193 -0.0088949 0.00770205 0.999931 0.0299972 -0.0597045 -1.1408
FixedParameters: 0 0 0

#Transform 184
Transform: AffineTransform_float_3_3
Parameters: 0.99995 -0.00585749 0.00809697 0.00588552 0.999977 -0.00337851 -0.00807702 0.00342548 0.999961 0.0398078 -0.0449954 -1.22554
FixedParameters: 0 0 0

#Transform 185
Transform: AffineTransform_float_3_3
Parameters: 0.999945 -0.00659218 0.00815119 0.00663282 0.999965 -0.00499121 -0.00811782 0.00504479 0.999955 0.0467378 -0.0950399 -1.19761
FixedParameters: 0 0 0

#Transform 186
Transform: AffineTransform_float_3_3
Parameters: 0.999955 -0.00667295 0.00684836 0.00670605 0.999966 -0.00481429 -0.00681564 0.0048597 0.999965 0.0366431 -0.0739966 -1.21459
FixedParameters: 0 0 0

#Transform 187
Transform: AffineTransform_float_3_3
