#Insight Transform File V1.0
#Transform 0
Transform: AffineTransform_float_3_3
Parameters: 0.999999 -0.000773994 0.000522007 0.000774005 0.999999 -9.59596e-06 -0.000521992 1.0404e-05 1 -0.0346435 -0.0219362 0.368513
FixedParameters: 0 0 0

#Transform 1
Transform: AffineTransform_float_3_3
Parameters: 0.999999 0.000912999 -2.15468e-07 -0.000912999 0.999999 -0.000236 -2.15468e-07 0.000236 1 0.0779998 0.140803 -0.0767956
FixedParameters: 0 0 0

#Transform 2
Transform: AffineTransform_float_3_3
Parameters: 0.999999 0.000977962 0.000838044 -0.000978038 0.999999 4.51804e-05 -0.000837955 -4.58195e-05 0.999999 0.0850915 0.256044 -0.236957
FixedParameters: 0 0 0

#Transform 3
Transform: AffineTransform_float_3_3
Parameters: 0.999999 0.00145913 0.000466584 -0.00145887 0.999999 -0.000285681 -0.000467417 0.000285318 1 0.111984 0.258771 -0.292266
FixedParameters: 0 0 0

#Transform 4
Transform: AffineTransform_float_3_3
Parameters: 0.999999 0.00140428 0.000418063 -0.00140372 0.999999 -0.000667587 -0.000418936 0.000666412 0.999999 0.0997864 0.318225 -0.291458
FixedParameters: 0 0 0

#Transform 5
Transform: AffineTransform_float_3_3
Parameters: 0.999996 0.00266777 0.000103202 -0.00266823 0.999993 0.00232473 -9.67962e-05 -0.00232527 0.999998 0.112581 0.00223139 -0.330901
FixedParameters: 0 0 0

#Transform 6
Transform: AffineTransform_float_3_3
Parameters: 0.999997 0.00265074 0.000249257 -0.00265026 0.999992 -0.00292167 -0.000256744 0.00292133 0.999995 0.136014 0.273597 -0.206359
FixedParameters: 0 0 0

#Transform 7
Transform: AffineTransform_float_3_3
Parameters: 0.999998 0.00188921 9.39571e-05 -0.00188879 0.999996 -0.00214018 -9.80421e-05 0.00213982 0.999997 0.0990998 0.312423 -0.224093
FixedParameters: 0 0 0

#Transform 8
Transform: AffineTransform_float_3_3
Parameters: 0.999998 0.00195382 0.000373733 -0.00195318 0.999995 -0.00218473 -0.000377268 0.00218427 0.999997 0.0810925 0.299593 -0.265871
FixedParameters: 0 0 0

#Transform 9
Transform: AffineTransform_float_3_3
Parameters: 0.999997 0.0021866 0.000293517 -0.00218639 0.999995 -0.00205065 -0.000297484 0.00205035 0.999998 0.108717 0.300609 -0.297797
FixedParameters: 0 0 0

#Transform 10
Transform: AffineTransform_float_3_3
Parameters: 0.999998 0.00185961 0.000277982 -0.0018584 0.999996 -0.00216152 -0.000282018 0.00216148 0.999997 0.110527 0.294877 -0.298022
FixedParameters: 0 0 0

#Transform 11
Transform: AffineTransform_float_3_3
Parameters: 0.999999 0.00173385 0.000373063 -0.00173215 0.999996 -0.00227165 -0.000376934 0.00227035 0.999998 0.103681 0.329439 -0.321598
FixedParameters: 0 0 0

#Transform 12
Transform: AffineTransform_float_3_3
Parameters: 0.999997 0.00208259 0.000647921 -0.00208041 0.999995 -0.00244035 -0.000653076 0.00243864 0.999997 0.111054 0.341403 -0.313352
FixedParameters: 0 0 0

#Transform 13
Transform: AffineTransform_float_3_3
Parameters: 0.999999 0.00148803 0.000380986 -0.00148697 0.999996 -0.00269857 -0.000385013 0.00269743 0.999997 0.092256 0.342707 -0.285081
FixedParameters: 0 0 0

#Transform 14
Transform: AffineTransform_float_3_3
Parameters: 0.999998 0.00190648 0.000785016 -0.00190453 0.999994 -0.0031415 -0.000790986 0.0031405 0.999995 0.0869369 0.354862 -0.263393
FixedParameters: 0 0 0

#Transform 15
Transform: AffineTransform_float_3_3
Parameters: 0.999998 0.00193946 0.000549867 -0.00193854 0.999994 -0.00264807 -0.000555134 0.00264693 0.999997 0.0959131 0.346267 -0.285101
FixedParameters: 0 0 0

#Transform 16
Transform: AffineTransform_float_3_3
Parameters: 0.999998 0.00182171 0.000601866 -0.0018203 0.999995 -0.0028201 -0.000607135 0.0028189 0.999996 0.0865993 0.358022 -0.287123
FixedParameters: 0 0 0

#Transform 17
Transform: AffineTransform_float_3_3
Parameters: 0.999998 0.00196881 0.000253817 -0.00196819 0.999993 -0.00314151 -0.000260185 0.00314149 0.999995 0.0949349 0.384745 -0.273484
FixedParameters: 0 0 0

#Transform 18
Transform: AffineTransform_float_3_3
Parameters: 0.999999 0.00138468 0.00108506 -0.00138032 0.99999 -0.0043015 -0.00109095 0.0043005 0.99999 0.0719987 0.414206 -0.207847
FixedParameters: 0 0 0

#Transform 19
Transform: AffineTransform_float_3_3
Parameters: 0.999999 0.000602871 0.000586081 -0.000601128 0.999994 -0.00318835 -0.000587919 0.00318765 0.999994 0.0663221 0.337123 -0.180257
FixedParameters: 0 0 0

#Transform 20
Transform: AffineTransform_float_3_3
Parameters: 0.999998 0.0022155 -0.000408241 -0.0022175 0.99999 -0.0037181 0.000399757 0.00371889 0.999993 0.101232 0.443243 -0.222455
FixedParameters: 0 0 0

#Transform 21
Transform: AffineTransform_float_3_3
Parameters: 0.999999 0.00173225 0.000506372 -0.00172975 0.999989 -0.00440688 -0.000513628 0.00440612 0.99999 0.0614322 0.417538 -0.193188
FixedParameters: 0 0 0

#Transform 22
Transform: AffineTransform_float_3_3
Parameters: 0.999999 0.00151565 0.000153679 -0.00151435 0.99999 -0.00417124 -0.000159318 0.00417077 0.999992 0.0503168 0.399288 -0.207234
FixedParameters: 0 0 0

#Transform 23
Transform: AffineTransform_float_3_3
Parameters: 0.999998 0.00162439 0.000495211 -0.00162261 0.999987 -0.00479881 -0.000502792 0.00479819 0.999989 0.0588494 0.452462 -0.202679
FixedParameters: 0 0 0

#Transform 24
Transform: AffineTransform_float_3_3
Parameters: 0.999998 0.00170685 0.000191556 -0.00170515 0.999989 -0.00436234 -0.000199441 0.00436267 0.999991 0.0584442 0.470626 -0.232901
FixedParameters: 0 0 0

#Transform 25
Transform: AffineTransform_float_3_3
Parameters: 0.999998 0.00163099 0.000231132 -0.00163001 0.99999 -0.00421238 -0.000237867 0.00421162 0.999991 0.0569073 0.453933 -0.227456
FixedParameters: 0 0 0

#Transform 26
Transform: AffineTransform_float_3_3
Parameters: 0.999998 0.00190212 2.22029e-05 -0.00190188 0.999987 -0.00462505 -3.07965e-05 0.00462495 0.99999 0.0636662 0.441756 -0.205375
FixedParameters: 0 0 0

#Transform 27
Transform: AffineTransform_float_3_3
Parameters: 0.999998 0.00203955 0.000377734 -0.00203845 0.999989 -0.00405478 -0.000386268 0.00405422 0.999991 0.0709822 0.432379 -0.234076
FixedParameters: 0 0 0

#Transform 28
Transform: AffineTransform_float_3_3
Parameters: 0.999997 0.00200772 0.000815894 -0.00200427 0.999987 -0.00454065 -0.000825108 0.00453935 0.99999 0.0849469 0.423866 -0.199889
FixedParameters: 0 0 0

#Transform 29
Transform: AffineTransform_float_3_3
Parameters: 0.999998 -0.00107372 0.00174849 0.00108028 0.99999 -0.00416912 -0.00174451 0.00417088 0.99999 0.0637761 0.421957 -0.159458
FixedParameters: 0 0 0

#Transform 30
Transform: AffineTransform_float_3_3
Parameters: 0.999998 0.00182648 0.000789999 -0.00182352 0.999988 -0.00438545 -0.000798003 0.00438355 0.99999 0.102572 0.45383 -0.192499
FixedParameters: 0 0 0

#Transform 31
Transform: AffineTransform_float_3_3
Parameters: 1 0.000855529 0.000802254 -0.000851473 0.99999 -0.00438869 -0.000805744 0.00438731 0.99999 0.0603955 0.430738 -0.190908
FixedParameters: 0 0 0

#Transform 32
Transform: AffineTransform_float_3_3
Parameters: 0.999999 0.00111299 0.000662006 -0.00111001 0.99999 -0.00449374 -0.000666994 0.00449226 0.999989 0.0574794 0.468811 -0.225769
FixedParameters: 0 0 0

#Transform 33
Transform: AffineTransform_float_3_3
Parameters: 0.999999 0.00128236 0.000516162 -0.00127964 0.999989 -0.00455666 -0.000521835 0.00455533 0.999989 0.0525614 0.468797 -0.209354
FixedParameters: 0 0 0

#Transform 34
Transform: AffineTransform_float_3_3
Parameters: 0.999999 0.00117861 0.000544385 -0.00117639 0.999988 -0.00476965 -0.000549618 0.00476936 0.999989 0.043383 0.487145 -0.206998
FixedParameters: 0 0 0

#Transform 35
Transform: AffineTransform_float_3_3
Parameters: 0.999999 0.00137205 0.000662724 -0.00136895 0.999988 -0.00457991 -0.000669276 0.00457909 0.99999 0.0505178 0.474983 -0.234465
FixedParameters: 0 0 0

#Transform 36
Transform: AffineTransform_float_3_3
Parameters: 0.999999 0.00120024 0.000755882 -0.00119676 0.99999 -0.00426991 -0.000761116 0.00426909 0.99999 0.0530026 0.465232 -0.229939
FixedParameters: 0 0 0

#Transform 37
Transform: AffineTransform_float_3_3
Parameters: 1 0.000946558 0.000675038 -0.000942442 0.999986 -0.00525264 -0.000679959 0.00525136 0.999986 0.0537121 0.495403 -0.160967
FixedParameters: 0 0 0

#Transform 38
Transform: AffineTransform_float_3_3
Parameters: 1 0.00102924 0.000546954 -0.00102576 0.999982 -0.00588356 -0.000553044 0.00588243 0.999982 0.0479146 0.541554 -0.174939
FixedParameters: 0 0 0

#Transform 39
Transform: AffineTransform_float_3_3
Parameters: 0.999999 0.00150851 0.000329737 -0.00150649 0.999971 -0.00747251 -0.000341266 0.00747149 0.999972 0.0887565 0.524176 -0.039224
FixedParameters: 0 0 0

#Transform 40
Transform: AffineTransform_float_3_3
Parameters: 0.999998 0.00210481 0.000789842 -0.00210419 0.999998 -0.00102667 -0.00079216 0.00102534 0.999999 0.10927 0.124912 -0.173301
FixedParameters: 0 0 0

#Transform 41
Transform: AffineTransform_float_3_3
Parameters: 0.999999 0.00111135 0.000628752 -0.00110166 0.999891 -0.0146817 -0.000644244 0.0146813 0.999892 0.0511619 0.323583 0.300424
FixedParameters: 0 0 0

#Transform 42
Transform: AffineTransform_float_3_3
Parameters: 0.999998 0.000926161 0.00130033 -0.000910842 0.999932 -0.0116122 -0.00131066 0.0116108 0.999931 0.034908 0.481484 0.170728
FixedParameters: 0 0 0

#Transform 43
Transform: AffineTransform_float_3_3
Parameters: 0.999999 0.00152626 0.00100812 -0.00151674 0.999957 -0.00912155 -0.00102188 0.00912046 0.999958 0.0381423 0.477782 0.10566
FixedParameters: 0 0 0

#Transform 44
Transform: AffineTransform_float_3_3
Parameters: 1 0.000152984 0.000381037 -0.000148017 0.999915 -0.0130451 -0.000382963 0.0130449 0.999915 -0.00536739 0.492037 0.264067
FixedParameters: 0 0 0

#Transform 45
Transform: AffineTransform_float_3_3
Parameters: 0.999999 0.000368486 0.00124653 -0.000353507 0.999923 -0.0124015 -0.00125148 0.0124006 0.999923 0.00503961 0.471624 0.200572
FixedParameters: 0 0 0

#Transform 46
Transform: AffineTransform_float_3_3
Parameters: 1 7.99121e-05 0.000561059 -7.30886e-05 0.999924 -0.012309 -0.000561942 0.012309 0.999924 -0.0257783 0.486811 0.21862
FixedParameters: 0 0 0

#Transform 47
Transform: AffineTransform_float_3_3
Parameters: 1 -0.0003487 0.000934296 0.000360309 0.999927 -0.0121217 -0.000930701 0.0121223 0.999926 -0.0554359 0.50612 0.184393
FixedParameters: 0 0 0

#Transform 48
Transform: AffineTransform_float_3_3
Parameters: 0.999971 0.00464941 -0.00594167 -0.00458758 0.999934 0.0104765 0.00598932 -0.0104484 0.999927 0.0803205 1.41497 -1.65323
FixedParameters: 0 0 0

#Transform 49
Transform: AffineTransform_float_3_3
Parameters: 0.999983 0.00463987 -0.00338142 -0.00464612 0.999987 -0.00180532 0.00337258 0.00182068 0.999992 0.0246824 1.26522 -0.676916
FixedParameters: 0 0 0

#Transform 50
Transform: AffineTransform_float_3_3
Parameters: 0.999987 0.00380242 -0.0032138 -0.00380857 0.99999 -0.00204278 0.0032062 0.00205422 0.999992 0.00378565 1.24985 -0.681508
FixedParameters: 0 0 0

#Transform 51
Transform: AffineTransform_float_3_3
Parameters: 0.99999 0.00342227 -0.0030856 -0.00342973 0.999991 -0.00250444 0.0030764 0.00251556 0.999992 -0.00439608 1.2704 -0.700039
FixedParameters: 0 0 0

#Transform 52
Transform: AffineTransform_float_3_3
Parameters: 0.999989 0.00338017 -0.0030856 -0.00338783 0.999991 -0.00253757 0.0030764 0.00254743 0.999992 -0.0025831 1.30389 -0.697456
FixedParameters: 0 0 0

#Transform 53
Transform: AffineTransform_float_3_3
Parameters: 0.99999 0.0032716 -0.00279386 -0.00328039 0.99999 -0.00300586 0.00278313 0.00301513 0.999991 0.00174964 1.30236 -0.643992
FixedParameters: 0 0 0

#Transform 54
Transform: AffineTransform_float_3_3
Parameters: 0.999992 0.00293371 -0.00274803 -0.00294329 0.999988 -0.00374894 0.00273697 0.00375706 0.999989 -0.0104833 1.28435 -0.611462
FixedParameters: 0 0 0

#Transform 55
Transform: AffineTransform_float_3_3
Parameters: 0.999996 0.0025184 -0.00173562 -0.0025246 0.999989 -0.00381264 0.00172538 0.00381736 0.999991 -0.0249976 1.3244 -0.637991
FixedParameters: 0 0 0

#Transform 56
Transform: AffineTransform_float_3_3
Parameters: 0.999998 0.00217202 -0.000759394 -0.00217698 0.999975 -0.00661836 0.000745607 0.00661963 0.999978 -0.0218626 1.29524 -0.43243
FixedParameters: 0 0 0

#Transform 57
Transform: AffineTransform_float_3_3
Parameters: 0.999997 0.00191412 -0.00152674 -0.00192488 0.999972 -0.00715508 0.00151326 0.00715792 0.999973 -0.0277019 1.23128 -0.392215
FixedParameters: 0 0 0

#Transform 58
Transform: AffineTransform_float_3_3
Parameters: 0.999997 0.00204735 -0.00124137 -0.00205564 0.999974 -0.00700447 0.00122663 0.00700753 0.999974 -0.0363091 1.25946 -0.405711
FixedParameters: 0 0 0

#Transform 59
Transform: AffineTransform_float_3_3
Parameters: 0.999996 0.00264107 -0.00116582 -0.00264792 0.999978 -0.00597994 0.00114918 0.00598306 0.999982 -0.0375001 1.3016 -0.445484
FixedParameters: 0 0 0

#Transform 60
Transform: AffineTransform_float_3_3
Parameters: 0.999997 0.00223295 -0.000885394 -0.00224406 0.999917 -0.0126831 0.000857606 0.012685 0.999919 -0.0544852 1.19362 -0.000394915
FixedParameters: 0 0 0

#Transform 61
Transform: AffineTransform_float_3_3
Parameters: 0.999999 0.0006932 -0.000417375 -0.000696795 0.999957 -0.00917171 0.000410626 0.00917228 0.999958 -0.0789722 1.13214 -0.241778
FixedParameters: 0 0 0

#Transform 62
Transform: AffineTransform_float_3_3
Parameters: 0.999999 0.000263169 -0.00132603 -0.000277832 0.999938 -0.0111976 0.00132297 0.0111974 0.999937 -0.0900853 1.12248 -0.0659815
FixedParameters: 0 0 0

#Transform 63
Transform: AffineTransform_float_3_3
Parameters: 0.999996 0.00187145 -0.00178148 -0.00188755 0.99996 -0.00876766 0.00176551 0.00877133 0.99996 -0.0514162 1.1455 -0.270132
FixedParameters: 0 0 0

#Transform 64
Transform: AffineTransform_float_3_3
Parameters: 0.999998 0.00141503 -0.00154881 -0.00142997 0.999952 -0.0097078 0.00153519 0.00971019 0.999951 -0.0763354 1.15528 -0.270367
FixedParameters: 0 0 0

#Transform 65
Transform: AffineTransform_float_3_3
Parameters: 0.999998 0.000982858 -0.00163283 -0.000999135 0.999951 -0.00991539 0.00162217 0.00991661 0.999949 -0.0921568 1.14119 -0.179727
FixedParameters: 0 0 0

#Transform 66
Transform: AffineTransform_float_3_3
Parameters: 0.999996 0.00164058 -0.0022041 -0.00166242 0.999951 -0.00975037 0.00218789 0.00975463 0.99995 -0.0690294 1.13324 -0.192324
FixedParameters: 0 0 0

#Transform 67
Transform: AffineTransform_float_3_3
Parameters: 0.999995 0.00161368 -0.0027194 -0.00164133 0.999948 -0.0100746 0.0027036 0.0100794 0.999945 -0.0845202 1.15976 -0.181983
FixedParameters: 0 0 0

#Transform 68
Transform: AffineTransform_float_3_3
Parameters: 0.999992 0.00192943 -0.00335751 -0.00196257 0.999948 -0.0100225 0.00333849 0.0100295 0.999944 -0.117408 1.1861 -0.194761
FixedParameters: 0 0 0

#Transform 69
Transform: AffineTransform_float_3_3
Parameters: 0.999962 0.00656741 -0.00569848 -0.0065916 0.999969 -0.0043086 0.00567054 0.00434541 0.999975 -0.0402997 0.776053 -0.345156
FixedParameters: 0 0 0

#Transform 70
Transform: AffineTransform_float_3_3
Parameters: 0.999976 0.00514484 -0.00477453 -0.00517317 0.999969 -0.00590545 0.00474447 0.00592956 0.999971 -0.0216039 0.990271 -0.339786
FixedParameters: 0 0 0

#Transform 71
Transform: AffineTransform_float_3_3
Parameters: 0.999983 0.00421663 -0.00397984 -0.00423937 0.999975 -0.00562922 0.00395517 0.00564577 0.999976 -0.0334094 0.971015 -0.341329
FixedParameters: 0 0 0

#Transform 72
Transform: AffineTransform_float_3_3
Parameters: 0.999986 0.00347988 -0.00400967 -0.00349912 0.999982 -0.00477103 0.00399332 0.00478496 0.99998 -0.0474677 0.97663 -0.343184
FixedParameters: 0 0 0

#Transform 73
Transform: AffineTransform_float_3_3
Parameters: 0.999986 0.00362629 -0.00386796 -0.00363871 0.999988 -0.00328497 0.00385604 0.00329903 0.999987 -0.0481086 0.963466 -0.432524
FixedParameters: 0 0 0

#Transform 74
Transform: AffineTransform_float_3_3
Parameters: 0.999987 0.00321745 -0.00397294 -0.00322555 0.999993 -0.00214721 0.00396606 0.00215979 0.99999 -0.0473956 0.920728 -0.482491
FixedParameters: 0 0 0

#Transform 75
Transform: AffineTransform_float_3_3
Parameters: 0.999988 0.00340909 -0.00356155 -0.00341791 0.999991 -0.00249786 0.00355245 0.00251014 0.999991 -0.0341822 0.927142 -0.451066
FixedParameters: 0 0 0

#Transform 76
Transform: AffineTransform_float_3_3
Parameters: 0.999987 0.00336861 -0.00387668 -0.0033824 0.999989 -0.00345393 0.00386532 0.00346707 0.999986 -0.0356657 0.920006 -0.39583
FixedParameters: 0 0 0

#Transform 77
Transform: AffineTransform_float_3_3
Parameters: 0.999991 0.00308394 -0.00315885 -0.00309406 0.99999 -0.00318526 0.00314915 0.00319474 0.99999 -0.0446002 0.981108 -0.401525
FixedParameters: 0 0 0

#Transform 78
Transform: AffineTransform_float_3_3
Parameters: 0.99999 0.00310787 -0.00338425 -0.00311913 0.999989 -0.00328748 0.00337475 0.00329852 0.999989 -0.0412497 1.01209 -0.403636
FixedParameters: 0 0 0

#Transform 79
Transform: AffineTransform_float_3_3
Parameters: 0.999991 0.00267871 -0.00336003 -0.00269029 0.99999 -0.00336099 0.00335096 0.00337001 0.999988 -0.0527223 0.986945 -0.412756
FixedParameters: 0 0 0

#Transform 80
Transform: AffineTransform_float_3_3
Parameters: 0.999992 0.00245056 -0.00310507 -0.00246244 0.99999 -0.00368638 0.00309594 0.00369362 0.999989 -0.0630182 1.01958 -0.405061
FixedParameters: 0 0 0

#Transform 81
Transform: AffineTransform_float_3_3
Parameters: 0.999992 0.00250591 -0.00334633 -0.00251609 0.999992 -0.00331261 0.00333767 0.00332139 0.999989 -0.0459393 1.02363 -0.423598
FixedParameters: 0 0 0

#Transform 82
Transform: AffineTransform_float_3_3
Parameters: 0.99999 0.00279956 -0.00346109 -0.00281143 0.999989 -0.0035923 0.00345091 0.00360269 0.999987 -0.0415581 1.0202 -0.437933
FixedParameters: 0 0 0

#Transform 83
Transform: AffineTransform_float_3_3
Parameters: 0.999991 0.00279438 -0.0031942 -0.00280562 0.99999 -0.00363907 0.0031838 0.00364793 0.999989 -0.0418313 1.01978 -0.436752
FixedParameters: 0 0 0

#Transform 84
Transform: AffineTransform_float_3_3
Parameters: 0.999993 0.00269878 -0.0028407 -0.00271022 0.999989 -0.00395333 0.0028303 0.00396067 0.999988 -0.0528987 1.02757 -0.431005
FixedParameters: 0 0 0

#Transform 85
Transform: AffineTransform_float_3_3
Parameters: 0.999993 0.00279808 -0.00253311 -0.00280892 0.999986 -0.00431692 0.00252089 0.00432409 0.999988 -0.0456657 1.05817 -0.407235
FixedParameters: 0 0 0

#Transform 86
Transform: AffineTransform_float_3_3
Parameters: 0.999995 0.00244704 -0.00229061 -0.00245596 0.99999 -0.0039174 0.00228139 0.0039226 0.999989 -0.0439125 1.05967 -0.41792
FixedParameters: 0 0 0

#Transform 87
Transform: AffineTransform_float_3_3
Parameters: 1 -1.95028e-05 -0.0002809 1.74967e-05 0.999985 -0.005349 0.000281098 0.00534899 0.999985 -0.0911619 1.00246 -0.241697
FixedParameters: 0 0 0

#Transform 88
Transform: AffineTransform_float_3_3
Parameters: 0.999996 0.00240286 -0.00101072 -0.00240914 0.999979 -0.00611759 0.000996276 0.00612042 0.999981 -0.0756288 1.06971 -0.301726
FixedParameters: 0 0 0

#Transform 89
Transform: AffineTransform_float_3_3
Parameters: 0.999997 0.00238842 -0.000735421 -0.00239157 0.999991 -0.00352325 0.000726576 0.00352474 0.999993 -0.0560457 1.11234 -0.40752
FixedParameters: 0 0 0

#Transform 90
Transform: AffineTransform_float_3_3
Parameters: 0.999997 0.00228907 -0.000869751 -0.00229193 0.999991 -0.00338302 0.000862249 0.00338498 0.999994 -0.0548957 1.05817 -0.418548
FixedParameters: 0 0 0

#Transform 91
Transform: AffineTransform_float_3_3
Parameters: 0.999996 0.00213812 -0.00141394 -0.00214388 0.999989 -0.00417198 0.00140506 0.00417502 0.999991 -0.0640018 1.09538 -0.380883
FixedParameters: 0 0 0

#Transform 92
Transform: AffineTransform_float_3_3
Parameters: 0.999997 0.0022859 -0.00108071 -0.0022901 0.99999 -0.00380454 0.00107229 0.00380646 0.999992 -0.054853 1.08631 -0.380563
FixedParameters: 0 0 0

#Transform 93
Transform: AffineTransform_float_3_3
Parameters: 0.999997 0.00233185 -0.00102123 -0.00233515 0.999993 -0.00309563 0.00101377 0.00309837 0.999994 -0.0571861 1.08534 -0.390251
FixedParameters: 0 0 0

#Transform 94
Transform: AffineTransform_float_3_3
Parameters: 0.999996 0.00243608 -0.00149902 -0.00244092 0.999991 -0.00328735 0.00149098 0.00329065 0.999994 -0.0446139 1.12338 -0.373131
FixedParameters: 0 0 0

#Transform 95
Transform: AffineTransform_float_3_3
Parameters: 0.999994 0.00243932 -0.00247556 -0.00245168 0.999986 -0.00472596 0.00246343 0.00473204 0.999986 -0.00830113 1.084 -0.267967
FixedParameters: 0 0 0

#Transform 96
Transform: AffineTransform_float_3_3
Parameters: 0.999993 0.00247152 -0.00256608 -0.00248448 0.999985 -0.00487165 0.00255492 0.00487834 0.999985 -0.0371179 1.11913 -0.285401
FixedParameters: 0 0 0

#Transform 97
Transform: AffineTransform_float_3_3
Parameters: 0.999993 0.00266818 -0.00238615 -0.00267982 0.999986 -0.00454263 0.00237384 0.00454836 0.999987 -0.0452842 1.125 -0.325519
FixedParameters: 0 0 0

#Transform 98
Transform: AffineTransform_float_3_3
Parameters: 0.999992 0.00359549 -0.00179902 -0.0035925 0.999992 0.00138847 0.00180398 -0.00138252 0.999998 -0.036744 0.697274 -0.434787
FixedParameters: 0 0 0

#Transform 99
Transform: AffineTransform_float_3_3
Parameters: 0.999989 0.00403195 -0.00217983 -0.00404105 0.999983 -0.00416424 0.00216317 0.00417277 0.999989 0.0152969 0.939083 -0.382193
FixedParameters: 0 0 0

#Transform 100
Transform: AffineTransform_float_3_3
Parameters: 0.999986 0.00440536 -0.00294746 -0.00441563 0.999985 -0.00327103 0.00293254 0.00328397 0.999991 0.0479689 0.983329 -0.366647
FixedParameters: 0 0 0

#Transform 101
Transform: AffineTransform_float_3_3
Parameters: 0.999989 0.00354019 -0.00310238 -0.00355081 0.999987 -0.00348502 0.00309062 0.00349598 0.999989 0.00961465 0.990097 -0.38013
FixedParameters: 0 0 0

#Transform 102
Transform: AffineTransform_float_3_3
Parameters: 0.999992 0.00319666 -0.00263581 -0.00320734 0.999985 -0.00430858 0.0026222 0.00431642 0.999987 -0.0135926 1.02168 -0.339476
FixedParameters: 0 0 0

#Transform 103
Transform: AffineTransform_float_3_3
Parameters: 0.999998 0.00150831 -0.00145632 -0.00152269 0.999954 -0.00944781 0.00144168 0.0094502 0.999955 -0.0908812 0.996843 0.0180707
FixedParameters: 0 0 0

#Transform 104
Transform: AffineTransform_float_3_3
Parameters: 0.999981 0.00401703 -0.00469078 -0.00405497 0.999959 -0.00811313 0.00465821 0.00813287 0.999956 -0.0800777 1.03133 -0.140019
FixedParameters: 0 0 0

#Transform 105
Transform: AffineTransform_float_3_3
Parameters: 0.999984 0.00401487 -0.00401256 -0.00405513 0.999942 -0.0100439 0.00397144 0.0100601 0.999941 -0.113629 1.15162 -0.119719
FixedParameters: 0 0 0

#Transform 106
Transform: AffineTransform_float_3_3
Parameters: 0.999985 0.00434353 -0.00337681 -0.00437847 0.999937 -0.0102674 0.00333219 0.0102816 0.999941 -0.0381295 1.15132 -0.0752187
FixedParameters: 0 0 0

#Transform 107
Transform: AffineTransform_float_3_3
Parameters: 0.999986 0.00310665 -0.00413576 -0.00315434 0.999926 -0.0117351 0.00409824 0.0117479 0.999922 -0.0815989 1.13581 0.0102209
FixedParameters: 0 0 0

#Transform 108
Transform: AffineTransform_float_3_3
Parameters: 0.999989 0.0030338 -0.00359149 -0.0030732 0.999935 -0.0109611 0.00355751 0.0109719 0.999934 -0.0751935 1.07288 -0.017705
FixedParameters: 0 0 0

#Transform 109
Transform: AffineTransform_float_3_3
Parameters: 0.999991 0.00304416 -0.00277595 -0.00307283 0.999941 -0.0104426 0.00274404 0.0104514 0.999941 -0.0625493 1.06933 -0.0422799
FixedParameters: 0 0 0

#Transform 110
Transform: AffineTransform_float_3_3
Parameters: 0.999989 0.00261897 -0.00370374 -0.00265503 0.999949 -0.00975626 0.00367825 0.00976673 0.999945 -0.0840329 1.04676 -0.117754
FixedParameters: 0 0 0

#Transform 111
Transform: AffineTransform_float_3_3
Parameters: 0.999985 0.00381487 -0.00410206 -0.00384813 0.99996 -0.00809834 0.00407094 0.00811365 0.999959 -0.0478155 1.3322 -0.466841
FixedParameters: 0 0 0

#Transform 112
Transform: AffineTransform_float_3_3
Parameters: 0.999879 0.0136955 -0.00740586 -0.0137315 0.999893 -0.0048979 0.00733813 0.0049991 0.99996 0.578413 1.54958 -0.570461
FixedParameters: 0 0 0

#Transform 113
Transform: AffineTransform_float_3_3
Parameters: 0.99999 0.00258919 -0.00383387 -0.00261381 0.999975 -0.00648104 0.00381713 0.00649095 0.999971 0.109741 1.15318 -0.227668
FixedParameters: 0 0 0

#Transform 114
Transform: AffineTransform_float_3_3
Parameters: 0.99999 0.00283058 -0.00325961 -0.00285342 0.999972 -0.00689476 0.00324039 0.00690424 0.999971 0.065665 1.20029 -0.307229
FixedParameters: 0 0 0

#Transform 115
Transform: AffineTransform_float_3_3
Parameters: 0.999991 0.00283296 -0.00311534 -0.00285304 0.999975 -0.00644517 0.00309766 0.00645484 0.999975 0.0489365 1.23402 -0.34401
FixedParameters: 0 0 0

#Transform 116
Transform: AffineTransform_float_3_3
Parameters: 0.999993 0.00235521 -0.00314022 -0.0023788 0.99997 -0.00727458 0.00312377 0.00728241 0.999968 0.0183546 1.34258 -0.359706
FixedParameters: 0 0 0

#Transform 117
Transform: AffineTransform_float_3_3
Parameters: 0.999991 0.00241299 -0.00330242 -0.002438 0.999968 -0.00758901 0.00328358 0.00759699 0.999966 0.0320938 1.34683 -0.318798
FixedParameters: 0 0 0

#Transform 118
Transform: AffineTransform_float_3_3
Parameters: 0.999994 0.00219476 -0.00293675 -0.00221623 0.999968 -0.00759054 0.00291925 0.00759746 0.999967 0.014968 1.31721 -0.310502
FixedParameters: 0 0 0

#Transform 119
Transform: AffineTransform_float_3_3
Parameters: 0.999994 0.00240658 -0.00243336 -0.00242542 0.999965 -0.00801114 0.00241364 0.00801685 0.999965 0.0166087 1.31458 -0.302606
FixedParameters: 0 0 0

#Transform 120
Transform: AffineTransform_float_3_3
Parameters: 0.999997 0.00149479 -0.00202521 -0.00149121 0.999997 0.00187203 0.00202779 -0.00186898 0.999996 -0.0308835 0.71254 -0.483557
FixedParameters: 0 0 0

#Transform 121
Transform: AffineTransform_float_3_3
Parameters: 0.999998 0.00167062 -0.00105417 -0.00167638 0.99998 -0.00607725 0.00104383 0.00607876 0.999981 -0.0297684 1.04954 -0.245318
FixedParameters: 0 0 0

#Transform 122
Transform: AffineTransform_float_3_3
Parameters: 0.999998 0.00133682 -0.00141278 -0.00134518 0.999983 -0.00580411 0.00140522 0.00580589 0.999982 -0.0485209 1.11367 -0.255172
FixedParameters: 0 0 0

#Transform 123
Transform: AffineTransform_float_3_3
Parameters: 0.999999 0.00115903 -0.00074776 -0.00116396 0.999977 -0.00668014 0.000739241 0.00668087 0.999978 -0.0460709 1.1255 -0.25483
FixedParameters: 0 0 0

#Transform 124
Transform: AffineTransform_float_3_3
Parameters: 0.999999 0.00120285 -0.000939921 -0.00120914 0.999977 -0.00656787 0.000931078 0.00656913 0.999978 -0.0386156 1.13729 -0.276246
FixedParameters: 0 0 0

#Transform 125
Transform: AffineTransform_float_3_3
Parameters: 0.999998 0.00141305 -0.000750399 -0.00141795 0.999977 -0.00663994 0.0007406 0.00664105 0.999977 -0.0386432 1.16658 -0.306601
FixedParameters: 0 0 0

#Transform 126
Transform: AffineTransform_float_3_3
Parameters: 0.999998 0.00128837 -0.00105934 -0.00129662 0.999973 -0.00723064 0.00104965 0.00723236 0.999974 -0.0503827 1.24604 -0.311069
FixedParameters: 0 0 0

#Transform 127
Transform: AffineTransform_float_3_3
Parameters: 0.999998 0.00160893 -0.00107716 -0.00161707 0.999971 -0.00753827 0.00106484 0.00753973 0.999971 -0.0342324 1.21479 -0.263517
FixedParameters: 0 0 0

#Transform 128
Transform: AffineTransform_float_3_3
Parameters: 0.999999 0.00109589 -0.00072676 -0.00110011 0.999975 -0.00706421 0.000719246 0.0070648 0.999975 -0.0574077 1.19939 -0.308878
FixedParameters: 0 0 0

#Transform 129
Transform: AffineTransform_float_3_3
Parameters: 0.999999 0.00123824 -0.000960777 -0.00124576 0.999974 -0.00706782 0.000952218 0.00706919 0.999975 -0.0451026 1.25494 -0.328677
FixedParameters: 0 0 0

#Transform 130
Transform: AffineTransform_float_3_3
Parameters: 0.999999 0.00154592 -0.00082647 -0.00155108 0.999972 -0.00740373 0.000815538 0.00740528 0.999972 -0.04385 1.26099 -0.331055
FixedParameters: 0 0 0

#Transform 131
Transform: AffineTransform_float_3_3
Parameters: 0.999999 0.00138602 -0.00104765 -0.00139399 0.999969 -0.00765855 0.00103735 0.00765945 0.99997 -0.0460334 1.26538 -0.255923
FixedParameters: 0 0 0

#Transform 132
Transform: AffineTransform_float_3_3
Parameters: 0.999999 0.00132538 -0.00127508 -0.00133562 0.999971 -0.00757632 0.00126492 0.0075777 0.999971 -0.0458303 1.24602 -0.238033
FixedParameters: 0 0 0

#Transform 133
Transform: AffineTransform_float_3_3
Parameters: 1 0.000980161 -0.000353962 -0.000982839 0.999966 -0.00811065 0.00034604 0.00811134 0.999967 -0.0696738 1.26635 -0.248976
FixedParameters: 0 0 0

#Transform 134
Transform: AffineTransform_float_3_3
Parameters: 1 0.000864866 -0.000662755 -0.000870137 0.99997 -0.00778643 0.000656245 0.00778658 0.99997 -0.06197 1.25887 -0.256575
FixedParameters: 0 0 0

#Transform 135
Transform: AffineTransform_float_3_3
Parameters: 1 0.00104343 -0.000468041 -0.00104757 0.99997 -0.00769252 0.000459955 0.00769349 0.999971 -0.062733 1.26006 -0.246917
FixedParameters: 0 0 0

#Transform 136
Transform: AffineTransform_float_3_3
Parameters: 0.999999 0.00106543 -0.000741078 -0.00107057 0.999971 -0.00756121 0.000732926 0.00756179 0.999971 -0.0527565 1.24738 -0.294278
FixedParameters: 0 0 0

#Transform 137
Transform: AffineTransform_float_3_3
Parameters: 0.999999 -1.50242e-05 -0.000845925 9.97534e-06 0.999983 -0.00593901 0.000846074 0.00593899 0.999982 -0.0411742 1.33538 -0.373882
FixedParameters: 0 0 0

#Transform 138
Transform: AffineTransform_float_3_3
Parameters: 0.999999 0.00111453 -0.000909977 -0.00112147 0.999974 -0.00713599 0.00090202 0.00713701 0.999974 -0.0237506 1.3957 -0.303948
FixedParameters: 0 0 0

#Transform 139
Transform: AffineTransform_float_3_3
Parameters: 0.999999 0.000577301 -0.000755613 -0.000582701 0.999981 -0.00623357 0.000752382 0.00623344 0.999981 0.00280382 1.31047 -0.307121
FixedParameters: 0 0 0

#Transform 140
Transform: AffineTransform_float_3_3
Parameters: 0.999999 -0.00131104 -0.000130972 0.00130996 0.99997 -0.00765217 0.000141028 0.00765182 0.99997 -0.0368205 1.31919 -0.224731
FixedParameters: 0 0 0

#Transform 141
Transform: AffineTransform_float_3_3
Parameters: 0.999993 0.00341859 -0.00191359 -0.0034414 0.999924 -0.0118315 0.00187241 0.0118375 0.999928 0.0441619 1.27471 -0.00167404
FixedParameters: 0 0 0

#Transform 142
Transform: AffineTransform_float_3_3
Parameters: 0.999991 0.0041918 -0.000344517 -0.00419521 0.999942 -0.00989964 0.000303479 0.00990136 0.999951 0.0930167 1.20237 -0.050251
FixedParameters: 0 0 0

#Transform 143
Transform: AffineTransform_float_3_3
Parameters: 0.99997 0.00768029 -0.000476935 -0.0076847 0.999936 -0.00832058 0.000413056 0.00832442 0.999966 0.0904704 1.12842 -0.36741
FixedParameters: 0 0 0

#Transform 144
Transform: AffineTransform_float_3_3
Parameters: 0.99999 0.00461069 -0.000221858 -0.00461331 0.999918 -0.0118941 0.000167139 0.0118949 0.999929 0.0962291 1.27848 0.0417243
FixedParameters: 0 0 0

#Transform 145
Transform: AffineTransform_float_3_3
Parameters: 1 0.000864213 0.000457282 -0.00085978 0.999936 -0.0112794 -0.000467727 0.0112786 0.999937 0.0163538 1.17601 0.0750591
FixedParameters: 0 0 0

#Transform 146
Transform: AffineTransform_float_3_3
Parameters: 0.999989 0.00436187 -0.00128891 -0.00436812 0.999979 -0.00478842 0.00126809 0.00479358 0.999987 0.0100168 1.3155 -0.500529
FixedParameters: 0 0 0

#Transform 147
Transform: AffineTransform_float_3_3
Parameters: 0.999969 0.00761558 -0.00172687 -0.00763041 0.999934 -0.00850308 0.00166113 0.00851591 0.999963 0.0451051 1.47873 -0.411508
FixedParameters: 0 0 0

#Transform 148
Transform: AffineTransform_float_3_3
Parameters: 0.999987 0.00482026 -0.00192642 -0.00483674 0.99995 -0.0087798 0.00188458 0.0087892 0.999959 0.000698702 1.38671 -0.256976
FixedParameters: 0 0 0

#Transform 149
Transform: AffineTransform_float_3_3
Parameters: 0.999985 0.00518424 -0.00211852 -0.00520277 0.999947 -0.00895112 0.00207248 0.00896189 0.999957 0.0160103 1.39582 -0.297999
FixedParameters: 0 0 0

#Transform 150
Transform: AffineTransform_float_3_3
Parameters: 0.999872 0.0150028 -0.00547536 -0.0150281 0.999876 -0.0045783 0.00540662 0.00466071 0.999974 0.313143 1.70483 -0.737891
FixedParameters: 0 0 0

#Transform 151
Transform: AffineTransform_float_3_3
Parameters: 0.999992 -0.000796126 0.00377959 0.00081287 0.999989 -0.00446496 -0.0037754 0.00446804 0.999983 -0.14237 1.42569 -0.436827
FixedParameters: 0 0 0

#Transform 152
Transform: AffineTransform_float_3_3
Parameters: 0.999998 0.000673871 0.00183504 -0.00066313 0.999983 -0.00591823 -0.00183896 0.00591677 0.999981 -0.0599064 1.44422 -0.39171
FixedParameters: 0 0 0

#Transform 153
Transform: AffineTransform_float_3_3
Parameters: 0.999998 0.00119729 0.00150588 -0.00118671 0.999976 -0.0068128 -0.00151412 0.0068112 0.999975 -0.0454025 1.42264 -0.356124
FixedParameters: 0 0 0

#Transform 154
Transform: AffineTransform_float_3_3
Parameters: 0.999999 0.00159193 0.000959979 -0.00158408 0.999965 -0.00820054 -0.000973023 0.00819947 0.999966 -0.0538681 1.43972 -0.288294
FixedParameters: 0 0 0

#Transform 155
Transform: AffineTransform_float_3_3
Parameters: 0.999998 0.00157051 0.000287623 -0.00156749 0.999963 -0.00852446 -0.000301373 0.00852454 0.999963 -0.0655874 1.44107 -0.240864
FixedParameters: 0 0 0

#Transform 156
Transform: AffineTransform_float_3_3
Parameters: 0.999998 0.0019073 0.000482304 -0.0019037 0.99996 -0.00876394 -0.000498703 0.00876307 0.999962 -0.0660928 1.47313 -0.229591
FixedParameters: 0 0 0

#Transform 157
Transform: AffineTransform_float_3_3
Parameters: 0.999998 0.00199858 0.000238257 -0.00199542 0.999944 -0.0103855 -0.000258736 0.0103845 0.999946 -0.0786844 1.45828 -0.133163
FixedParameters: 0 0 0

#Transform 158
Transform: AffineTransform_float_3_3
Parameters: 0.999998 0.00165131 9.91137e-05 -0.00165069 0.999926 -0.0120472 -0.000118894 0.0120468 0.999928 -0.102405 1.42236 -0.0414302
FixedParameters: 0 0 0

#Transform 159
Transform: AffineTransform_float_3_3
Parameters: 0.999998 0.00196383 0.000316031 -0.00196017 0.999929 -0.0117076 -0.000338972 0.0117074 0.999932 -0.106361 1.42112 -0.050453
FixedParameters: 0 0 0

#Transform 160
Transform: AffineTransform_float_3_3
Parameters: 0.999998 0.00175554 0.000785703 -0.00174345 0.999894 -0.0144574 -0.000811289 0.0144556 0.999895 -0.117744 1.50965 0.0527703
FixedParameters: 0 0 0

#Transform 161
Transform: AffineTransform_float_3_3
Parameters: 0.999999 0.00130798 -0.000249416 -0.00131103 0.99992 -0.0125357 0.000233583 0.0125363 0.999922 -0.113771 1.46643 0.0254677
FixedParameters: 0 0 0

#Transform 162
Transform: AffineTransform_float_3_3
Parameters: 0.999997 0.00211471 0.000351767 -0.00210929 0.999914 -0.0128918 -0.000379223 0.0128912 0.999917 -0.0979163 1.45373 0.0264975
FixedParameters: 0 0 0

#Transform 163
Transform: AffineTransform_float_3_3
Parameters: 0.999999 0.00183588 5.61895e-05 -0.00183512 0.999914 -0.0129721 -7.98118e-05 0.0129719 0.999916 -0.0961617 1.38165 0.0691914
FixedParameters: 0 0 0

#Transform 164
Transform: AffineTransform_float_3_3
Parameters: 0.999999 0.0016803 0.000533526 -0.00167269 0.999909 -0.0134039 -0.00055647 0.0134031 0.99991 -0.107275 1.45747 0.0445932
FixedParameters: 0 0 0

#Transform 165
Transform: AffineTransform_float_3_3
Parameters: 0.999999 0.00170497 0.000646838 -0.00169603 0.999906 -0.0136211 -0.000670163 0.0136199 0.999907 -0.113137 1.48255 0.0519416
FixedParameters: 0 0 0

#Transform 166
Transform: AffineTransform_float_3_3
Parameters: 0.999999 0.00164073 0.000694451 -0.00163128 0.999903 -0.0137841 -0.000716553 0.0137828 0.999905 -0.114437 1.45227 0.0613576
FixedParameters: 0 0 0

#Transform 167
Transform: AffineTransform_float_3_3
Parameters: 0.999999 0.00137224 0.000446255 -0.00136677 0.999906 -0.0136906 -0.000464756 0.0136904 0.999906 -0.115947 1.47122 0.0518176
FixedParameters: 0 0 0

#Transform 168
Transform: AffineTransform_float_3_3
Parameters: 0.999999 0.00117643 0.00038896 -0.00117157 0.999906 -0.0136655 -0.000405048 0.0136655 0.999906 -0.123454 1.4785 0.0602661
FixedParameters: 0 0 0

#Transform 169
Transform: AffineTransform_float_3_3
Parameters: 0.999998 0.00149808 0.000790341 -0.00148692 0.999903 -0.0138412 -0.000810658 0.0138408 0.999904 -0.119003 1.49324 0.0441293
FixedParameters: 0 0 0

#Transform 170
Transform: AffineTransform_float_3_3
Parameters: 0.999999 0.00132326 0.000671048 -0.00131374 0.999907 -0.0136139 -0.000688949 0.0136131 0.999907 -0.12547 1.49208 0.0294354
FixedParameters: 0 0 0

#Transform 171
Transform: AffineTransform_float_3_3
Parameters: 0.999999 0.00143308 0.000434416 -0.00142692 0.999905 -0.0136946 -0.000453584 0.0136944 0.999906 -0.129909 1.53007 0.0365581
FixedParameters: 0 0 0

#Transform 172
Transform: AffineTransform_float_3_3
Parameters: 0.999998 0.00134446 0.00163579 -0.00132153 0.999906 -0.0136562 -0.0016542 0.0136538 0.999906 -0.112709 1.50789 0.0754135
FixedParameters: 0 0 0

#Transform 173
Transform: AffineTransform_float_3_3
Parameters: 0.999992 -0.00399541 -7.49733e-05 0.00399359 0.999897 -0.0137744 0.000130019 0.0137736 0.999905 -0.192175 1.47012 0.085653
FixedParameters: 0 0 0

#Transform 174
Transform: AffineTransform_float_3_3
Parameters: 0.999993 0.00355727 -0.000243078 -0.00355673 0.999993 0.00110287 0.000247922 -0.00110213 1 0.128336 1.71488 -0.86361
FixedParameters: 0 0 0

#Transform 175
Transform: AffineTransform_float_3_3
Parameters: 0.99999 0.00377496 -0.00239563 -0.00376904 0.99999 0.00248805 0.00240537 -0.00247894 0.999994 0.112958 1.83494 -0.946014
FixedParameters: 0 0 0

#Transform 176
Transform: AffineTransform_float_3_3
Parameters: 0.999992 0.00381715 -0.00163999 -0.00381785 0.999992 -0.000517743 0.00163801 0.000524257 0.999999 0.083443 1.76761 -0.736219
FixedParameters: 0 0 0

#Transform 177
Transform: AffineTransform_float_3_3
Parameters: 0.999998 0.00174785 -0.0015019 -0.00175715 0.999976 -0.00678538 0.00149011 0.00678762 0.999976 0.0423297 1.60752 -0.307044
FixedParameters: 0 0 0

#Transform 178
Transform: AffineTransform_float_3_3
Parameters: 0.999995 0.00225929 -0.00191569 -0.00228071 0.999939 -0.0108757 0.0018913 0.0108803 0.999939 -0.00194048 1.54559 -0.0695818
FixedParameters: 0 0 0

#Transform 179
Transform: AffineTransform_float_3_3
Parameters: 0.999993 0.00340958 -0.00148843 -0.00342142 0.999964 -0.00773596 0.00146257 0.00774104 0.999969 0.0171293 1.5325 -0.30923
FixedParameters: 0 0 0

#Transform 180
Transform: AffineTransform_float_3_3
Parameters: 0.999994 0.00339073 -0.00139081 -0.00340227 0.99996 -0.00818433 0.00136219 0.00818968 0.999966 0.0143716 1.53758 -0.274652
FixedParameters: 0 0 0

#Transform 181
Transform: AffineTransform_float_3_3
Parameters: 0.999992 0.00361204 -0.00138004 -0.00362296 0.999961 -0.00802406 0.00135096 0.00802894 0.999967 0.0257333 1.52465 -0.285212
FixedParameters: 0 0 0

#Transform 182
Transform: AffineTransform_float_3_3
Parameters: 0.999993 0.00348001 -0.00127382 -0.00348898 0.999968 -0.0071196 0.00124918 0.00712439 0.999974 0.0174548 1.55508 -0.40525
FixedParameters: 0 0 0

#Transform 183
Transform: AffineTransform_float_3_3
Parameters: 0.999991 0.00416845 -0.00134047 -0.00417956 0.999953 -0.00873448 0.00130453 0.00874052 0.999961 0.0200279 1.68407 -0.308597
FixedParameters: 0 0 0

#Transform 184
Transform: AffineTransform_float_3_3
Parameters: 0.999992 0.00366573 -0.00191532 -0.00368627 0.999936 -0.010692 0.00187568 0.010699 0.999941 -0.0143114 1.73776 -0.117066
FixedParameters: 0 0 0

#Transform 185
Transform: AffineTransform_float_3_3
Parameters: 0.99999 0.00413699 -0.00156693 -0.00415301 0.999938 -0.0103536 0.00152407 0.0103604 0.999945 0.0152505 1.5773 -0.121759
FixedParameters: 0 0 0

#Transform 186
Transform: AffineTransform_float_3_3
Parameters: 0.999986 0.00439056 -0.00275719 -0.00441744 0.99994 -0.010027 0.00271281 0.010039 0.999946 -0.0193806 1.64202 -0.2007
FixedParameters: 0 0 0

#Transform 187
Transform: AffineTransform_float_3_3
Parameters: 0.999992 0.00374476 -0.00127258 -0.00375625 0.999953 -0.00895129 0.00123942 0.00895571 0.999959 -0.0230862 1.62564 -0.297447
FixedParameters: 0 0 0

#Transform 188
Transform: AffineTransform_float_3_3
Parameters: 0.99999 0.00411991 -0.00194955 -0.00413611 0.999953 -0.00884903 0.00191346 0.00885698 0.999959 0.00635925 1.57475 -0.272707
FixedParameters: 0 0 0

#Transform 189
