#Insight Transform File V1.0
#Transform 0
Transform: AffineTransform_float_3_3
Parameters: 0.999999 0.000449523 0.000606353 -0.000450476 0.999999 0.000786726 -0.000605645 -0.000787272 0.999999 -0.0250992 0.0134033 0.463373
FixedParameters: 0 0 0

#Transform 1
Transform: AffineTransform_float_3_3
Parameters: 1 5.00566e-05 -7.99646e-05 -4.99433e-05 0.999999 0.000708004 8.00354e-05 -0.000707996 0.999999 0.0217411 0.0056453 -0.0211457
FixedParameters: 0 0 0

#Transform 2
Transform: AffineTransform_float_3_3
Parameters: 1 0.00014 8.652e-08 -0.00014 1 0.000618 8.652e-08 -0.000618 1 0.0120019 0.0187241 -0.0994802
FixedParameters: 0 0 0

#Transform 3
Transform: AffineTransform_float_3_3
Parameters: 1 -7.46076e-05 -0.000250117 7.53921e-05 0.999999 0.00156898 0.000249882 -0.00156902 0.999998 0.00173694 0.111352 -0.0916941
FixedParameters: 0 0 0

#Transform 4
Transform: AffineTransform_float_3_3
Parameters: 1 -7.49999e-05 -1.0545e-07 7.49999e-05 0.999999 0.001406 -1.0545e-07 -0.001406 0.999999 0.0172323 0.0718781 -0.10596
FixedParameters: 0 0 0

#Transform 5
Transform: AffineTransform_float_3_3
Parameters: 1 -7.48526e-05 -0.000111099 7.51472e-05 0.999999 0.00132699 0.0001109 -0.00132701 0.999999 0.0119543 0.0979839 -0.095623
FixedParameters: 0 0 0

#Transform 6
Transform: AffineTransform_float_3_3
Parameters: 1 -2.13321e-05 -0.000494029 2.16679e-05 0.999999 0.00135199 0.000493971 -0.00135201 0.999999 0.0147481 0.128639 -0.106956
FixedParameters: 0 0 0

#Transform 7
Transform: AffineTransform_float_3_3
Parameters: 1 -7.44482e-05 -0.000522079 7.55517e-05 1 0.00105696 0.000521921 -0.00105704 1 0.00630819 0.0500641 -0.102731
FixedParameters: 0 0 0

#Transform 8
Transform: AffineTransform_float_3_3
Parameters: 0.999999 -7.45559e-05 -0.000707046 7.54439e-05 1 0.000627946 0.000706952 -0.000628052 0.999999 0.0122907 0.131594 -0.114161
FixedParameters: 0 0 0

#Transform 9
Transform: AffineTransform_float_3_3
Parameters: 1 -0.000207416 -0.000530229 0.000208584 1 0.00110189 0.000529771 -0.00110111 1 0.0283121 0.0737311 -0.0745146
FixedParameters: 0 0 0

#Transform 10
Transform: AffineTransform_float_3_3
Parameters: 1 0.000103252 -0.00108507 -0.000103747 1 -0.000688888 0.00108493 0.000689112 0.999999 0.0175584 0.117422 -0.0956407
FixedParameters: 0 0 0

#Transform 11
Transform: AffineTransform_float_3_3
Parameters: 1 -1.76645e-05 -0.000644009 1.83355e-05 1 0.000520988 0.00064399 -0.000521011 0.999999 0.0237638 0.0652892 -0.0510227
FixedParameters: 0 0 0

#Transform 12
Transform: AffineTransform_float_3_3
Parameters: 1 -7.4784e-05 -0.000639025 7.52159e-05 1 0.000337952 0.000638974 -0.000338048 0.999999 0.0320659 0.0409762 -0.0338878
FixedParameters: 0 0 0

#Transform 13
Transform: AffineTransform_float_3_3
Parameters: 1 -5.56938e-05 -0.00042704 5.63061e-05 0.999999 0.000716976 0.00042696 -0.000717023 0.999999 0.0205434 0.0205982 -0.0187913
FixedParameters: 0 0 0

#Transform 14
Transform: AffineTransform_float_3_3
Parameters: 0.999999 0.000389499 -0.00133556 -0.000387502 1 0.00112152 0.00133644 -0.00112148 0.999999 0.0417865 0.0453384 -0.0144877
FixedParameters: 0 0 0

#Transform 15
Transform: AffineTransform_float_3_3
Parameters: 0.999999 0.000704871 -0.00127997 -0.000703128 0.999998 0.0014619 0.00128103 -0.0014611 0.999998 0.0333887 0.0104132 -0.0274137
FixedParameters: 0 0 0

#Transform 16
Transform: AffineTransform_float_3_3
Parameters: 0.999999 0.000704925 -0.00127994 -0.000703074 0.999998 0.0015039 0.00128106 -0.0015031 0.999998 0.0328055 0.009526 -0.0270005
FixedParameters: 0 0 0

#Transform 17
Transform: AffineTransform_float_3_3
Parameters: 0.999999 0.000760854 -0.00160913 -0.000758147 0.999999 0.00115222 0.00160987 -0.00115078 0.999998 0.0185417 0.0452523 -0.0375896
FixedParameters: 0 0 0

#Transform 18
Transform: AffineTransform_float_3_3
Parameters: 0.999999 0.000704745 -0.00128004 -0.000703255 0.999999 0.0013629 0.00128096 -0.0013621 0.999999 0.0286724 0.0310529 -0.040034
FixedParameters: 0 0 0

#Transform 19
Transform: AffineTransform_float_3_3
Parameters: 0.999999 0.000705696 -0.00161583 -0.000703306 0.999999 0.00166714 0.00161718 -0.00166686 0.999998 0.0245843 0.00258752 -0.0256187
FixedParameters: 0 0 0

#Transform 20
Transform: AffineTransform_float_3_3
Parameters: 0.999999 0.000704775 -0.00169927 -0.000703226 0.999999 0.0010442 0.00170074 -0.0010438 0.999998 0.0333252 0.036799 -0.0317397
FixedParameters: 0 0 0

#Transform 21
Transform: AffineTransform_float_3_3
Parameters: 0.999998 0.0007053 -0.00174507 -0.000703702 0.999999 0.00131723 0.00174593 -0.00131677 0.999997 0.0398556 -0.0139001 -0.0291005
FixedParameters: 0 0 0

#Transform 22
Transform: AffineTransform_float_3_3
Parameters: 0.999999 0.000705452 -0.00160793 -0.000703548 0.999998 0.00152513 0.00160907 -0.00152387 0.999997 0.0209504 -0.0326149 -0.0103436
FixedParameters: 0 0 0

#Transform 23
Transform: AffineTransform_float_3_3
Parameters: 0.999999 0.000705474 -0.00168797 -0.000703525 0.999998 0.00146619 0.00168903 -0.00146481 0.999998 0.0329099 0.00402393 -0.0109029
FixedParameters: 0 0 0

#Transform 24
Transform: AffineTransform_float_3_3
Parameters: 0.999999 0.000705585 -0.00169293 -0.000703415 0.999998 0.00152719 0.00169408 -0.00152581 0.999998 0.0401478 -0.0229929 -0.0102601
FixedParameters: 0 0 0

#Transform 25
Transform: AffineTransform_float_3_3
Parameters: 0.999999 0.000602883 -0.00128012 -0.000601117 0.999998 0.00147077 0.00128089 -0.00147023 0.999998 0.0396159 -0.0461099 -0.00138234
FixedParameters: 0 0 0

#Transform 26
Transform: AffineTransform_float_3_3
Parameters: 0.999998 0.000706205 -0.00177673 -0.000703794 0.999998 0.00180425 0.00177827 -0.00180275 0.999997 0.0295688 0.00283964 0.0123184
FixedParameters: 0 0 0

#Transform 27
Transform: AffineTransform_float_3_3
Parameters: 0.999997 4.39009e-05 -0.00244079 -3.00977e-05 0.999984 0.00569509 0.00244121 -0.00569491 0.999981 0.105236 -0.203744 0.113475
FixedParameters: 0 0 0

#Transform 28
Transform: AffineTransform_float_3_3
Parameters: 0.999992 0.001135 -0.00364252 -0.001114 0.999983 0.0057621 0.00364848 -0.0057579 0.999977 0.0912854 -0.131093 0.0641288
FixedParameters: 0 0 0

#Transform 29
Transform: AffineTransform_float_3_3
Parameters: 0.999994 0.00113355 -0.00346467 -0.00111445 0.999983 0.0056389 0.00347134 -0.0056351 0.999978 0.0644238 -0.0725183 0.0854643
FixedParameters: 0 0 0

#Transform 30
Transform: AffineTransform_float_3_3
Parameters: 0.999992 0.00102889 -0.0038012 -0.00101112 0.999989 0.00470388 0.0038058 -0.00470012 0.999981 0.0618294 -0.0337649 0.075893
FixedParameters: 0 0 0

#Transform 31
Transform: AffineTransform_float_3_3
Parameters: 0.999993 0.000633574 -0.00375441 -0.000618422 0.999991 0.00414835 0.0037576 -0.00414565 0.999985 0.0636872 -0.0795523 0.0447575
FixedParameters: 0 0 0

#Transform 32
Transform: AffineTransform_float_3_3
Parameters: 0.999993 0.000695145 -0.00348101 -0.000679854 0.999991 0.0043504 0.00348399 -0.00434761 0.999985 0.0675094 -0.0861828 0.0418338
FixedParameters: 0 0 0

#Transform 33
Transform: AffineTransform_float_3_3
Parameters: 0.999994 0.00114645 -0.0034776 -0.00113356 0.999992 0.00386597 0.00348141 -0.00386204 0.999987 0.0624278 -0.0376593 0.0509459
FixedParameters: 0 0 0

#Transform 34
Transform: AffineTransform_float_3_3
Parameters: 0.999994 0.000720902 -0.00345713 -0.000707099 0.999991 0.00402047 0.00345987 -0.00401853 0.999986 0.0743877 -0.0970159 0.0519452
FixedParameters: 0 0 0

#Transform 35
Transform: AffineTransform_float_3_3
Parameters: 0.999993 0.000663565 -0.00348326 -0.000649438 0.999991 0.00418029 0.00348574 -0.00417871 0.999985 0.0681755 -0.103029 0.0486664
FixedParameters: 0 0 0

#Transform 36
Transform: AffineTransform_float_3_3
Parameters: 0.999993 0.000721813 -0.00384925 -0.000707187 0.999993 0.00384875 0.00385175 -0.00384525 0.999985 0.0541654 -0.00159091 0.0347264
FixedParameters: 0 0 0

#Transform 37
Transform: AffineTransform_float_3_3
Parameters: 0.999991 0.00107975 -0.00394919 -0.00106125 0.99999 0.00449423 0.00395381 -0.00448977 0.999982 0.0514121 -0.111881 0.0537469
FixedParameters: 0 0 0

#Transform 38
Transform: AffineTransform_float_3_3
Parameters: 0.999992 0.0010036 -0.00388801 -0.000988398 0.999992 0.00401288 0.003892 -0.00400913 0.999985 0.0560711 -0.0786494 0.0491042
FixedParameters: 0 0 0

#Transform 39
Transform: AffineTransform_float_3_3
Parameters: 0.999991 0.00131894 -0.0041576 -0.00130506 0.999993 0.00335346 0.0041624 -0.00334754 0.999985 0.0491502 -0.0579541 0.0272509
FixedParameters: 0 0 0

#Transform 40
Transform: AffineTransform_float_3_3
Parameters: 0.999983 0.000610272 -0.00570154 -0.000605724 0.999999 0.000751466 0.00570246 -0.000747532 0.999984 0.0885267 0.0182402 -0.0362003
FixedParameters: 0 0 0

#Transform 41
Transform: AffineTransform_float_3_3
Parameters: 0.999979 0.00142056 -0.00631409 -0.00144344 0.999992 -0.00355096 0.00630891 0.00356003 0.999974 0.0344595 0.232559 -0.212769
FixedParameters: 0 0 0

#Transform 42
Transform: AffineTransform_float_3_3
Parameters: 0.999982 0.0011451 -0.00590598 -0.00114489 1 2.17621e-05 0.00590602 -1.42372e-05 0.999982 0.039645 0.101699 -0.0940403
FixedParameters: 0 0 0

#Transform 43
Transform: AffineTransform_float_3_3
Parameters: 0.999983 0.00114808 -0.00574099 -0.00114292 0.999999 0.000887577 0.00574201 -0.000881423 0.999983 0.0419998 0.0401788 -0.0402821
FixedParameters: 0 0 0

#Transform 44
Transform: AffineTransform_float_3_3
Parameters: 0.999985 0.000854402 -0.00528529 -0.000849596 1 0.000835502 0.00528571 -0.000830496 0.999985 0.0484186 0.00615688 -0.0412849
FixedParameters: 0 0 0

#Transform 45
Transform: AffineTransform_float_3_3
Parameters: 0.999986 0.000854655 -0.00524324 -0.000849343 0.999999 0.000890466 0.00524375 -0.000885531 0.999986 0.0593826 0.0602426 -0.0225345
FixedParameters: 0 0 0

#Transform 46
Transform: AffineTransform_float_3_3
Parameters: 0.999988 0.00113496 -0.00476682 -0.00113004 0.999999 0.0010434 0.00476818 -0.0010376 0.999988 0.026154 0.0399641 -0.0666528
FixedParameters: 0 0 0

#Transform 47
Transform: AffineTransform_float_3_3
Parameters: 0.999989 0.00104509 -0.00468709 -0.00104091 0.999999 0.000874889 0.00468791 -0.00087011 0.999988 0.0332418 0.0415768 -0.0546108
FixedParameters: 0 0 0

#Transform 48
Transform: AffineTransform_float_3_3
Parameters: 0.999988 0.000960137 -0.00493601 -0.000954865 0.999999 0.00104273 0.004937 -0.00103827 0.999988 0.0589791 0.00523542 -0.061149
FixedParameters: 0 0 0

#Transform 49
Transform: AffineTransform_float_3_3
Parameters: 0.999986 0.000917619 -0.00525242 -0.000919382 1 -0.000451178 0.00525158 0.000455826 0.999986 0.0595304 0.123472 -0.1098
FixedParameters: 0 0 0

#Transform 50
Transform: AffineTransform_float_3_3
Parameters: 0.999989 0.00141168 -0.0046218 -0.00141132 0.999999 0.000150525 0.00462221 -0.000143477 0.99999 0.0411451 0.0912416 -0.0875919
FixedParameters: 0 0 0

#Transform 51
Transform: AffineTransform_float_3_3
Parameters: 0.999989 0.00130392 -0.00461374 -0.00130308 0.999999 0.000203014 0.00461326 -0.000196987 0.99999 0.0381188 0.0722947 -0.0979682
FixedParameters: 0 0 0

#Transform 52
Transform: AffineTransform_float_3_3
Parameters: 0.999991 0.00104167 -0.00406232 -0.00103833 0.999999 0.000660224 0.00406269 -0.000655774 0.999992 0.0385152 0.0818823 -0.0774359
FixedParameters: 0 0 0

#Transform 53
Transform: AffineTransform_float_3_3
Parameters: 0.999992 0.000857708 -0.00394733 -0.000850291 0.999997 0.00195437 0.00394867 -0.00195063 0.999991 0.0363314 0.0134308 -0.0237114
FixedParameters: 0 0 0

#Transform 54
Transform: AffineTransform_float_3_3
Parameters: 0.999991 0.00122655 -0.00390732 -0.00121745 0.999997 0.00218977 0.00390967 -0.00218522 0.99999 0.039908 -0.0221104 -0.019582
FixedParameters: 0 0 0

#Transform 55
Transform: AffineTransform_float_3_3
Parameters: 0.999992 0.000854908 -0.00386892 -0.000850091 0.999999 0.0012703 0.00387008 -0.0012667 0.999991 0.0465743 0.0721697 -0.0399698
FixedParameters: 0 0 0

#Transform 56
Transform: AffineTransform_float_3_3
Parameters: 0.99999 0.00102905 -0.00420728 -0.00102195 0.999998 0.00167832 0.00420872 -0.00167368 0.999989 0.0474131 0.102075 -0.0395138
FixedParameters: 0 0 0

#Transform 57
Transform: AffineTransform_float_3_3
Parameters: 0.999992 0.000813973 -0.00374292 -0.000809026 0.999999 0.00133004 0.00374408 -0.00132696 0.999992 0.0126712 0.125002 -0.050525
FixedParameters: 0 0 0

#Transform 58
Transform: AffineTransform_float_3_3
Parameters: 0.999993 0.000503935 -0.00369633 -0.000499066 0.999999 0.00133585 0.00369667 -0.00133415 0.999993 0.0701798 -0.156917 0.0110648
FixedParameters: 0 0 0

#Transform 59
Transform: AffineTransform_float_3_3
Parameters: 0.999995 0.0002626 -0.00332296 -0.000261401 1 0.00018087 0.00332305 -0.000180128 0.999995 0.0718887 0.0389734 0.0218735
FixedParameters: 0 0 0

#Transform 60
Transform: AffineTransform_float_3_3
Parameters: 0.999994 0.000595002 -0.00343048 -0.000591999 1 0.000876036 0.00343052 -0.000873964 0.999993 0.0586489 -0.0564253 0.0173609
FixedParameters: 0 0 0

#Transform 61
Transform: AffineTransform_float_3_3
Parameters: 0.999994 0.000718712 -0.00344643 -0.000715287 1 0.00078847 0.00344656 -0.000785528 0.999994 0.047449 -0.00358599 -0.00469309
FixedParameters: 0 0 0

#Transform 62
Transform: AffineTransform_float_3_3
Parameters: 0.999992 0.00116887 -0.00368146 -0.00116412 0.999999 0.0013263 0.00368354 -0.00132171 0.999993 0.031531 0.0167358 -0.0294757
FixedParameters: 0 0 0

#Transform 63
Transform: AffineTransform_float_3_3
Parameters: 0.999992 0.000875952 -0.00388577 -0.000866047 0.999997 0.00256239 0.00388823 -0.00255862 0.999989 0.0393273 -0.0809116 0.00755793
FixedParameters: 0 0 0

#Transform 64
Transform: AffineTransform_float_3_3
Parameters: 0.999991 0.000534207 -0.00409843 -0.00052179 0.999996 0.00297917 0.00410057 -0.00297684 0.999987 0.0992102 -0.000815327 0.0673636
FixedParameters: 0 0 0

#Transform 65
Transform: AffineTransform_float_3_3
Parameters: 0.99999 0.000113221 -0.00445375 -0.000102781 0.999998 0.00229448 0.00445425 -0.00229452 0.999988 0.143791 -0.0792389 0.035249
FixedParameters: 0 0 0

#Transform 66
Transform: AffineTransform_float_3_3
Parameters: 0.999992 0.000393503 -0.00394536 -0.000386497 0.999998 0.00164854 0.00394664 -0.00164746 0.999991 0.101951 -0.0898631 0.0247294
FixedParameters: 0 0 0

#Transform 67
Transform: AffineTransform_float_3_3
Parameters: 0.999993 0.000799365 -0.00367784 -0.000793635 0.999998 0.00145993 0.00367916 -0.00145707 0.999992 0.0928801 -0.0800519 0.0187252
FixedParameters: 0 0 0

#Transform 68
Transform: AffineTransform_float_3_3
Parameters: 0.999992 0.00111822 -0.00368242 -0.00111378 0.999999 0.00141911 0.00368358 -0.00141589 0.999992 0.0782117 -0.0298237 0.0224069
FixedParameters: 0 0 0

#Transform 69
Transform: AffineTransform_float_3_3
Parameters: 0.999992 0.000799653 -0.00372479 -0.000794346 0.999998 0.00151897 0.00372621 -0.00151603 0.999992 0.0737804 -0.0541439 0.0362154
FixedParameters: 0 0 0

#Transform 70
Transform: AffineTransform_float_3_3
Parameters: 0.999993 0.00088802 -0.00362077 -0.000882979 0.999998 0.00138821 0.00362123 -0.00138479 0.999992 0.0744141 -0.00401752 0.0211288
FixedParameters: 0 0 0

#Transform 71
Transform: AffineTransform_float_3_3
Parameters: 0.999991 0.00112146 -0.00395045 -0.00111553 0.999999 0.00138542 0.00395255 -0.00138058 0.999991 0.06867 0.0300044 0.00599305
FixedParameters: 0 0 0

#Transform 72
Transform: AffineTransform_float_3_3
Parameters: 0.999992 0.00130807 -0.00373823 -0.00130293 0.999998 0.00135888 0.00373977 -0.00135412 0.999992 0.0702386 -0.0322586 0.00449321
FixedParameters: 0 0 0

#Transform 73
Transform: AffineTransform_float_3_3
Parameters: 0.999993 0.00124285 -0.00368204 -0.00123915 0.999999 0.000775568 0.00368296 -0.000770428 0.999993 0.0697646 0.00862029 -0.00306889
FixedParameters: 0 0 0

#Transform 74
Transform: AffineTransform_float_3_3
Parameters: 0.999992 0.00100415 -0.00367814 -0.00100085 0.999999 0.000857688 0.00367886 -0.000853312 0.999993 0.0667963 -0.0323735 0.00271562
FixedParameters: 0 0 0

#Transform 75
Transform: AffineTransform_float_3_3
Parameters: 0.999991 0.00139257 -0.00388936 -0.00138743 0.999999 0.00117741 0.00389063 -0.00117259 0.999991 0.0637526 -0.0386816 0.00599478
FixedParameters: 0 0 0

#Transform 76
Transform: AffineTransform_float_3_3
Parameters: 0.999991 0.00151511 -0.00390079 -0.00151189 0.999998 0.000800904 0.00390221 -0.000795094 0.999992 0.066453 0.00839934 0.00217965
FixedParameters: 0 0 0

#Transform 77
Transform: AffineTransform_float_3_3
Parameters: 0.999992 0.0015775 -0.00364449 -0.00157451 0.999999 0.000961746 0.00364551 -0.000956257 0.999993 0.054812 -0.0107623 0.00392485
FixedParameters: 0 0 0

#Transform 78
Transform: AffineTransform_float_3_3
Parameters: 0.999992 0.00157873 -0.00383506 -0.00157427 0.999998 0.00123605 0.00383695 -0.00122995 0.999992 0.0534281 -0.0425254 0.00364779
FixedParameters: 0 0 0

#Transform 79
Transform: AffineTransform_float_3_3
Parameters: 0.999991 0.00157772 -0.00387649 -0.00157428 0.999999 0.000962111 0.00387751 -0.000955891 0.999992 0.0493603 -0.00255038 -0.0020808
FixedParameters: 0 0 0

#Transform 80
Transform: AffineTransform_float_3_3
Parameters: 0.999991 0.00157886 -0.00393505 -0.00157414 0.999998 0.00123821 0.00393695 -0.0012318 0.999992 0.0451095 -0.0437693 0.00411667
FixedParameters: 0 0 0

#Transform 81
Transform: AffineTransform_float_3_3
Parameters: 0.999992 0.00157792 -0.0038674 -0.00157408 0.999998 0.0010161 0.0038686 -0.0010099 0.999992 0.0596126 -0.0313303 0.0117085
FixedParameters: 0 0 0

#Transform 82
Transform: AffineTransform_float_3_3
Parameters: 0.999992 0.00157884 -0.00382401 -0.00157417 0.999998 0.00126703 0.00382599 -0.00126097 0.999992 0.0573724 -0.0291178 0.0227925
FixedParameters: 0 0 0

#Transform 83
Transform: AffineTransform_float_3_3
Parameters: 0.999991 0.00157609 -0.00378313 -0.00157391 0.999998 0.000555959 0.00378387 -0.000550041 0.999992 0.0577504 0.00361476 0.0227752
FixedParameters: 0 0 0

#Transform 84
Transform: AffineTransform_float_3_3
Parameters: 0.999992 0.00157709 -0.00369869 -0.00157392 0.999999 0.000836828 0.00370031 -0.000831171 0.999993 0.0696625 0.0118194 0.00594703
FixedParameters: 0 0 0

#Transform 85
Transform: AffineTransform_float_3_3
Parameters: 0.999993 0.00130012 -0.0034682 -0.00129788 0.999999 0.000614505 0.00346979 -0.000609493 0.999994 0.0740466 -0.0248188 0.0162384
FixedParameters: 0 0 0

#Transform 86
Transform: AffineTransform_float_3_3
Parameters: 0.999993 0.00110241 -0.00340389 -0.00109959 0.999999 0.00100375 0.0034051 -0.000999252 0.999993 0.0878608 -0.0502282 0.0173565
FixedParameters: 0 0 0

#Transform 87
Transform: AffineTransform_float_3_3
Parameters: 0.999994 0.00110166 -0.00344915 -0.00109933 0.999999 0.000774797 0.00345085 -0.000770203 0.999994 0.0832627 -0.0203122 0.0202869
FixedParameters: 0 0 0

#Transform 88
Transform: AffineTransform_float_3_3
Parameters: 0.999993 0.00102087 -0.00339213 -0.00101812 0.999999 0.000849459 0.00339286 -0.000845542 0.999994 0.0729767 0.00036098 0.00555237
FixedParameters: 0 0 0

#Transform 89
Transform: AffineTransform_float_3_3
Parameters: 0.999993 0.00102383 -0.00343145 -0.00102218 1 0.000533511 0.00343154 -0.00053049 0.999994 0.0743935 0.0038775 -0.00248904
FixedParameters: 0 0 0

#Transform 90
Transform: AffineTransform_float_3_3
Parameters: 0.999994 0.00110087 -0.00347541 -0.00109913 1 0.000539824 0.00347559 -0.000536177 0.999994 0.0825956 0.00732632 0.00372175
FixedParameters: 0 0 0

#Transform 91
Transform: AffineTransform_float_3_3
Parameters: 0.999995 0.00100938 -0.00322888 -0.00100862 1 0.000119257 0.00322912 -0.000115741 0.999995 0.0830086 0.0230656 -0.00147566
FixedParameters: 0 0 0

#Transform 92
Transform: AffineTransform_float_3_3
Parameters: 0.999993 0.000945299 -0.00347692 -0.000945698 0.999999 8.82886e-05 0.00347708 -8.47136e-05 0.999994 0.0862765 0.0208662 -0.00192858
FixedParameters: 0 0 0

#Transform 93
Transform: AffineTransform_float_3_3
Parameters: 0.999993 0.000642582 -0.00366472 -0.000641416 0.999999 0.000433354 0.00366528 -0.000430648 0.999993 0.0937042 0.0310948 -0.0174318
FixedParameters: 0 0 0

#Transform 94
Transform: AffineTransform_float_3_3
Parameters: 0.999993 0.000641875 -0.00354484 -0.000641127 1 0.000247274 0.00354516 -0.000245726 0.999993 0.0930405 0.0101876 -0.000155285
FixedParameters: 0 0 0

#Transform 95
Transform: AffineTransform_float_3_3
Parameters: 0.999993 0.000907734 -0.00360307 -0.000907264 0.999999 -7.17316e-05 0.00360294 7.5271e-05 0.999994 0.0893312 0.0291096 -0.000922469
FixedParameters: 0 0 0

#Transform 96
Transform: AffineTransform_float_3_3
Parameters: 0.999993 0.000694937 -0.00363901 -0.000695064 1 -1.64708e-05 0.00363899 1.8529e-05 0.999994 0.092945 0.0483423 -0.000327377
FixedParameters: 0 0 0

#Transform 97
Transform: AffineTransform_float_3_3
Parameters: 0.999991 0.000166231 -0.00429684 -0.000161771 0.999999 0.000984704 0.00429616 -0.000984295 0.999991 0.148057 -0.0488568 0.0602166
FixedParameters: 0 0 0

#Transform 98
Transform: AffineTransform_float_3_3
Parameters: 0.999989 -0.000232991 -0.00483686 0.000230009 1 -0.00061912 0.00483615 0.00061788 0.999988 0.182748 0.0928787 0.0161702
FixedParameters: 0 0 0

#Transform 99
Transform: AffineTransform_float_3_3
Parameters: 0.999989 0.000176788 -0.00467205 -0.000178213 1 -0.00025917 0.00467195 0.000259829 0.999989 0.146304 0.0599404 0.0180377
FixedParameters: 0 0 0

#Transform 100
Transform: AffineTransform_float_3_3
Parameters: 0.999989 0.00105162 -0.00453532 -0.00105238 1 -0.00030223 0.00453468 0.000306772 0.999989 0.125225 0.039229 0.0180854
FixedParameters: 0 0 0

#Transform 101
Transform: AffineTransform_float_3_3
Parameters: 0.999988 0.00104999 -0.00481666 -0.00105301 1 -0.000621936 0.00481534 0.000627064 0.999988 0.108079 0.0976343 -0.0166697
FixedParameters: 0 0 0

#Transform 102
Transform: AffineTransform_float_3_3
Parameters: 0.999989 0.00127147 -0.00463897 -0.00127553 0.999999 -0.000758092 0.00463803 0.000764906 0.999989 0.106863 0.0832945 -0.0148229
FixedParameters: 0 0 0

#Transform 103
Transform: AffineTransform_float_3_3
Parameters: 0.999989 0.0013498 -0.00448496 -0.0013532 0.999999 -0.000709938 0.00448404 0.00071606 0.999989 0.101163 0.0523349 -0.000788729
FixedParameters: 0 0 0

#Transform 104
Transform: AffineTransform_float_3_3
Parameters: 0.99999 0.00137331 -0.00439179 -0.00137969 0.999998 -0.00129196 0.00439022 0.00129804 0.99999 0.0968268 0.109039 -0.0054918
FixedParameters: 0 0 0

#Transform 105
Transform: AffineTransform_float_3_3
Parameters: 0.999989 0.00126215 -0.00451564 -0.00126785 0.999999 -0.00129229 0.00451336 0.00129871 0.999989 0.107836 0.0933705 -0.0232971
FixedParameters: 0 0 0

#Transform 106
Transform: AffineTransform_float_3_3
Parameters: 0.999987 0.00156141 -0.00496908 -0.00156759 0.999998 -0.00132223 0.00496693 0.00132977 0.999987 0.0825021 0.0919907 -0.017957
FixedParameters: 0 0 0

#Transform 107
Transform: AffineTransform_float_3_3
Parameters: 0.999976 0.00252722 -0.00643088 -0.00253178 0.999996 -0.000734736 0.00642912 0.000751265 0.999979 0.093374 0.076678 0.00190263
FixedParameters: 0 0 0

#Transform 108
Transform: AffineTransform_float_3_3
Parameters: 0.999974 0.00156019 -0.00712189 -0.00151781 0.999982 0.00592597 0.00713111 -0.00591503 0.999957 0.129414 -0.217517 0.268493
FixedParameters: 0 0 0

#Transform 109
Transform: AffineTransform_float_3_3
Parameters: 0.999958 0.00170874 -0.00893585 -0.00163326 0.999962 0.00847594 0.00895015 -0.00846106 0.999924 0.202054 -0.669627 0.882466
FixedParameters: 0 0 0

#Transform 110
Transform: AffineTransform_float_3_3
Parameters: 0.999955 0.00112118 -0.00944405 -0.00106182 0.999979 0.00637532 0.00945095 -0.00636469 0.999935 0.235791 -0.351061 0.604136
FixedParameters: 0 0 0

#Transform 111
Transform: AffineTransform_float_3_3
Parameters: 0.999968 0.00212333 -0.00778483 -0.00212968 0.999998 -0.000849449 0.00778218 0.000865553 0.99997 0.124886 0.0996439 0.128939
FixedParameters: 0 0 0

#Transform 112
Transform: AffineTransform_float_3_3
Parameters: 0.999971 0.00215864 -0.00726958 -0.00217436 0.999996 -0.00210626 0.00726442 0.00212174 0.999972 0.109282 0.0548315 0.0795856
FixedParameters: 0 0 0

#Transform 113
Transform: AffineTransform_float_3_3
Parameters: 0.999971 0.0020363 -0.0073612 -0.0020557 0.999994 -0.00253394 0.0073568 0.00254905 0.999969 0.112684 0.0265341 0.0627128
FixedParameters: 0 0 0

#Transform 114
Transform: AffineTransform_float_3_3
Parameters: 0.999964 0.00235373 -0.0081357 -0.00238727 0.999989 -0.00408172 0.0081263 0.00410127 0.999958 0.115025 0.0141961 0.0391135
FixedParameters: 0 0 0

#Transform 115
Transform: AffineTransform_float_3_3
Parameters: 0.999954 0.00257907 -0.00924725 -0.00261194 0.999991 -0.00355101 0.00923875 0.00357499 0.999951 0.128025 0.0584419 0.0808709
FixedParameters: 0 0 0

#Transform 116
Transform: AffineTransform_float_3_3
Parameters: 0.999936 0.00273037 -0.0109177 -0.00276963 0.99999 -0.00352499 0.0109083 0.00355501 0.999934 0.175492 0.0281071 0.0944141
FixedParameters: 0 0 0

#Transform 117
Transform: AffineTransform_float_3_3
Parameters: 0.999913 0.00448818 -0.0123897 -0.00458083 0.999962 -0.00739389 0.0123553 0.0074491 0.999896 0.131151 0.171165 -0.0528438
FixedParameters: 0 0 0

#Transform 118
Transform: AffineTransform_float_3_3
Parameters: 0.999922 0.0041073 -0.0118428 -0.0041807 0.999972 -0.00620497 0.0118172 0.00625403 0.99991 0.108621 0.143322 -0.0755082
FixedParameters: 0 0 0

#Transform 119
Transform: AffineTransform_float_3_3
Parameters: 0.999906 0.00428983 -0.0130646 -0.00438816 0.999963 -0.00749438 0.0130314 0.00755162 0.999886 0.101465 0.163916 -0.106424
FixedParameters: 0 0 0

#Transform 120
Transform: AffineTransform_float_3_3
Parameters: 0.999918 0.00425577 -0.0120962 -0.00436022 0.999953 -0.00860296 0.0120588 0.00865503 0.99989 0.0896977 0.315008 -0.0747861
FixedParameters: 0 0 0

#Transform 121
Transform: AffineTransform_float_3_3
Parameters: 0.999919 0.00413222 -0.0120355 -0.00421977 0.999964 -0.0072768 0.0120045 0.0073272 0.999901 0.0755467 0.236209 -0.0748777
FixedParameters: 0 0 0

#Transform 122
Transform: AffineTransform_float_3_3
Parameters: 0.999911 0.00401027 -0.0127059 -0.00410973 0.999961 -0.00783247 0.0126741 0.00788452 0.999888 0.0923802 0.226738 -0.115038
FixedParameters: 0 0 0

#Transform 123
Transform: AffineTransform_float_3_3
Parameters: 0.999902 0.00437511 -0.0133349 -0.00449489 0.999949 -0.00897394 0.0132951 0.00903305 0.999871 0.0755825 0.294837 -0.167206
FixedParameters: 0 0 0

#Transform 124
Transform: AffineTransform_float_3_3
Parameters: 0.999899 0.00417427 -0.0135947 -0.00431073 0.999941 -0.0100434 0.0135523 0.0101016 0.999857 0.0750435 0.302682 -0.18076
FixedParameters: 0 0 0

#Transform 125
Transform: AffineTransform_float_3_3
Parameters: 0.999916 0.00379735 -0.0124472 -0.00391466 0.999949 -0.00936107 0.0124108 0.00940893 0.999878 0.066724 0.271621 -0.154659
FixedParameters: 0 0 0

#Transform 126
Transform: AffineTransform_float_3_3
Parameters: 0.999922 0.00378405 -0.0118876 -0.00388795 0.999955 -0.00873347 0.0118544 0.00877955 0.999891 0.0617523 0.251409 -0.111795
FixedParameters: 0 0 0

#Transform 127
Transform: AffineTransform_float_3_3
Parameters: 0.999918 0.0039043 -0.0122013 -0.0040187 0.999948 -0.00938974 0.0121647 0.00943827 0.999882 0.0630824 0.320007 -0.161216
FixedParameters: 0 0 0

#Transform 128
Transform: AffineTransform_float_3_3
Parameters: 0.999932 0.00324183 -0.0112551 -0.00335817 0.999941 -0.0103179 0.0112209 0.0103551 0.999884 0.0731213 0.273987 -0.194359
FixedParameters: 0 0 0

#Transform 129
Transform: AffineTransform_float_3_3
Parameters: 0.99995 0.00148591 -0.00982047 -0.00159109 0.999941 -0.0107019 0.00980451 0.0107171 0.999894 0.122302 0.336918 -0.204412
FixedParameters: 0 0 0

#Transform 130
Transform: AffineTransform_float_3_3
Parameters: 0.999946 0.00212493 -0.0101109 -0.00223006 0.999943 -0.01049 0.0100881 0.010513 0.999894 0.090476 0.364378 -0.225485
FixedParameters: 0 0 0

#Transform 131
Transform: AffineTransform_float_3_3
Parameters: 0.999949 0.00229667 -0.00977112 -0.00239734 0.999945 -0.0102691 0.00974786 0.0102919 0.999899 0.094992 0.311643 -0.240415
FixedParameters: 0 0 0

#Transform 132
Transform: AffineTransform_float_3_3
Parameters: 0.999946 0.00260295 -0.0100458 -0.00269305 0.999956 -0.00896043 0.0100222 0.00898758 0.99991 0.0758642 0.193151 -0.223098
FixedParameters: 0 0 0

#Transform 133
Transform: AffineTransform_float_3_3
Parameters: 0.999949 0.0026226 -0.00976201 -0.00271441 0.999953 -0.00936198 0.00973697 0.00938802 0.999908 0.0916652 0.276188 -0.217459
FixedParameters: 0 0 0

#Transform 134
Transform: AffineTransform_float_3_3
Parameters: 0.999957 0.00247275 -0.00900628 -0.00254926 0.999961 -0.00846541 0.00898571 0.00848759 0.999923 0.0845666 0.23865 -0.226281
FixedParameters: 0 0 0

#Transform 135
Transform: AffineTransform_float_3_3
Parameters: 0.999958 0.00238429 -0.00893073 -0.00245671 0.999964 -0.00813941 0.00891128 0.00816059 0.999927 0.0875784 0.244322 -0.170663
FixedParameters: 0 0 0

#Transform 136
Transform: AffineTransform_float_3_3
Parameters: 0.99996 0.00282148 -0.00855965 -0.00290453 0.99995 -0.00964353 0.00853235 0.00966847 0.999917 0.0638177 0.292878 -0.235697
FixedParameters: 0 0 0

#Transform 137
Transform: AffineTransform_float_3_3
Parameters: 0.999955 0.00302829 -0.00897269 -0.00311171 0.999951 -0.0093305 0.00894432 0.0093575 0.999916 0.0681412 0.305942 -0.225911
FixedParameters: 0 0 0

#Transform 138
Transform: AffineTransform_float_3_3
Parameters: 0.999958 0.00302546 -0.00862632 -0.00310554 0.999952 -0.0092226 0.00859769 0.0092484 0.999921 0.0566171 0.25848 -0.205261
FixedParameters: 0 0 0

#Transform 139
Transform: AffineTransform_float_3_3
Parameters: 0.999957 0.0032657 -0.00875561 -0.00334431 0.999955 -0.00894411 0.00872639 0.00897289 0.999921 0.0550772 0.247099 -0.178825
FixedParameters: 0 0 0

#Transform 140
Transform: AffineTransform_float_3_3
Parameters: 0.999958 0.00308889 -0.00860087 -0.00316011 0.999961 -0.00826616 0.00857513 0.00829283 0.999929 0.0524317 0.258046 -0.210163
FixedParameters: 0 0 0

#Transform 141
Transform: AffineTransform_float_3_3
Parameters: 0.99996 0.0032397 -0.00834564 -0.00330529 0.999964 -0.00782173 0.00831935 0.00784926 0.999934 0.0463609 0.227272 -0.205944
FixedParameters: 0 0 0

#Transform 142
Transform: AffineTransform_float_3_3
Parameters: 0.99996 0.00357293 -0.00817907 -0.00364107 0.999958 -0.00832255 0.00814893 0.00835245 0.999932 0.040154 0.244252 -0.194646
FixedParameters: 0 0 0

#Transform 143
Transform: AffineTransform_float_3_3
Parameters: 0.999959 0.0036943 -0.00828987 -0.0037647 0.999956 -0.00852914 0.00825813 0.00855986 0.99993 0.0401023 0.284884 -0.207684
FixedParameters: 0 0 0

#Transform 144
Transform: AffineTransform_float_3_3
Parameters: 0.999959 0.00360389 -0.00832039 -0.00367012 0.99996 -0.00806479 0.00829162 0.00809421 0.999933 0.0443888 0.236784 -0.143164
FixedParameters: 0 0 0

#Transform 145
Transform: AffineTransform_float_3_3
Parameters: 0.999956 0.0040978 -0.00852089 -0.00414221 0.999978 -0.00529394 0.00849912 0.00532907 0.999949 0.0520493 0.175861 -0.0524773
FixedParameters: 0 0 0

#Transform 146
Transform: AffineTransform_float_3_3
Parameters: 0.999949 0.0044822 -0.00912366 -0.0045238 0.99998 -0.00456596 0.00910335 0.00460704 0.999948 0.0791431 0.105484 -0.0287366
FixedParameters: 0 0 0

#Transform 147
Transform: AffineTransform_float_3_3
Parameters: 0.999943 0.00372411 -0.00994997 -0.00379789 0.999966 -0.00741763 0.00992203 0.00745537 0.999923 0.108196 0.200591 -0.122504
FixedParameters: 0 0 0

#Transform 148
Transform: AffineTransform_float_3_3
Parameters: 0.999942 0.00429447 -0.00989413 -0.00437053 0.999962 -0.0076252 0.00986087 0.0076678 0.999922 0.0676651 0.206692 -0.127421
FixedParameters: 0 0 0

#Transform 149
Transform: AffineTransform_float_3_3
Parameters: 0.99995 0.0045746 -0.00894775 -0.0046394 0.999962 -0.00730186 0.00891427 0.00734315 0.999934 0.0369375 0.146344 -0.116878
FixedParameters: 0 0 0

#Transform 150
Transform: AffineTransform_float_3_3
Parameters: 0.999953 0.00457027 -0.00862333 -0.00463973 0.999956 -0.00808437 0.00858569 0.00812362 0.99993 0.0307914 0.222417 -0.141914
FixedParameters: 0 0 0

#Transform 151
Transform: AffineTransform_float_3_3
Parameters: 0.999957 0.00500219 -0.00787345 -0.00505582 0.999964 -0.00682949 0.00783956 0.00686851 0.999945 0.00563863 0.199219 -0.12186
FixedParameters: 0 0 0

#Transform 152
Transform: AffineTransform_float_3_3
Parameters: 0.999952 0.00487345 -0.00843281 -0.00494054 0.999956 -0.00788871 0.00839418 0.00793028 0.999934 0.0212441 0.198878 -0.124211
FixedParameters: 0 0 0

#Transform 153
Transform: AffineTransform_float_3_3
Parameters: 0.999953 0.0051486 -0.00815103 -0.00521339 0.999955 -0.00789887 0.00810996 0.00794112 0.999935 0.00607927 0.229478 -0.178244
FixedParameters: 0 0 0

#Transform 154
Transform: AffineTransform_float_3_3
Parameters: 0.999951 0.00466045 -0.0086674 -0.00473254 0.999954 -0.00836839 0.0086276 0.00840862 0.999928 0.00203221 0.279438 -0.199164
FixedParameters: 0 0 0

#Transform 155
Transform: AffineTransform_float_3_3
Parameters: 0.999952 0.00385529 -0.00895418 -0.00391071 0.999973 -0.00621228 0.0089308 0.00624673 0.99994 -0.000631105 0.425574 -0.126286
FixedParameters: 0 0 0

#Transform 156
Transform: AffineTransform_float_3_3
Parameters: 0.999958 0.00291636 -0.00876622 -0.00292063 0.999995 -0.000401414 0.0087658 0.000427583 0.999962 -0.185619 0.520521 -0.486691
FixedParameters: 0 0 0

#Transform 157
Transform: AffineTransform_float_3_3
Parameters: 0.999964 0.00235473 -0.0081505 -0.00235227 0.999997 0.00022218 0.0081505 -0.000202815 0.999967 -0.0392093 -0.0179075 0.156401
FixedParameters: 0 0 0

#Transform 158
Transform: AffineTransform_float_3_3
Parameters: 0.999963 -0.000896269 -0.00852868 0.000983724 0.999946 0.010288 0.00851833 -0.010296 0.99991 0.0880372 -0.585765 0.801492
FixedParameters: 0 0 0

#Transform 159
Transform: AffineTransform_float_3_3
Parameters: 0.999958 -0.000760536 -0.00910976 0.000694466 0.999974 -0.00719462 0.00911523 0.00718836 0.999932 -0.037392 0.554897 -1.65983
FixedParameters: 0 0 0

#Transform 160
Transform: AffineTransform_float_3_3
Parameters: 0.999865 0.00143748 -0.0163592 -0.00133252 0.999978 0.00639566 0.0163678 -0.00637333 0.999845 -0.0039508 0.152635 0.730579
FixedParameters: 0 0 0

#Transform 161
Transform: AffineTransform_float_3_3
Parameters: 0.999922 0.00115123 -0.0124884 -0.00107676 0.999981 0.00594992 0.0124956 -0.00593508 0.999905 0.0601346 -0.063004 0.516425
FixedParameters: 0 0 0

#Transform 162
Transform: AffineTransform_float_3_3
Parameters: 0.999916 0.00320964 -0.0125592 -0.00325635 0.999987 -0.00375142 0.0125468 0.00379259 0.999914 -0.140934 0.946719 -1.11093
FixedParameters: 0 0 0

#Transform 163
Transform: AffineTransform_float_3_3
Parameters: 0.999877 0.0044239 -0.0150327 -0.00462209 0.999902 -0.0131691 0.0149723 0.0132369 0.999801 -0.218361 1.18819 -1.58656
FixedParameters: 0 0 0

#Transform 164
Transform: AffineTransform_float_3_3
Parameters: 0.999884 0.00500445 -0.0143799 -0.00530655 0.999763 -0.0210791 0.0142711 0.0211529 0.999675 -0.234994 1.04292 -1.76594
FixedParameters: 0 0 0

#Transform 165
Transform: AffineTransform_float_3_3
Parameters: 0.999918 0.0109276 -0.00669653 -0.0113084 0.998154 -0.0596802 0.00603145 0.0597509 0.998195 -0.188099 -1.89849 -2.35179
FixedParameters: 0 0 0

#Transform 166
Transform: AffineTransform_float_3_3
Parameters: 0.99997 0.00503079 -0.00592605 -0.00525221 0.99926 -0.0380981 0.00572998 0.038128 0.999257 -0.0910791 -0.800373 -0.652755
FixedParameters: 0 0 0

#Transform 167
Transform: AffineTransform_float_3_3
Parameters: 0.999981 0.00294733 -0.00532678 -0.00299667 0.999952 -0.00934021 0.00529922 0.00935579 0.999942 -0.106224 -0.1804 -0.141818
FixedParameters: 0 0 0

#Transform 168
Transform: AffineTransform_float_3_3
Parameters: 0.99995 0.0041681 -0.00907981 -0.0042579 0.999942 -0.00990383 0.00903819 0.00994216 0.999909 -0.24322 0.430041 -0.601927
FixedParameters: 0 0 0

#Transform 169
Transform: AffineTransform_float_3_3
Parameters: 0.999941 0.00334161 -0.0103314 -0.0034694 0.999916 -0.0124349 0.0102896 0.0124691 0.99987 -0.228115 0.570644 -0.734447
FixedParameters: 0 0 0

#Transform 170
Transform: AffineTransform_float_3_3
Parameters: 0.999925 0.00275471 -0.0119326 -0.00291329 0.999907 -0.0132682 0.0118953 0.0133018 0.999841 -0.231079 0.521656 -0.79695
FixedParameters: 0 0 0

#Transform 171
Transform: AffineTransform_float_3_3
Parameters: 0.999928 0.00324866 -0.0114975 -0.00341935 0.999884 -0.0148267 0.0114485 0.0148653 0.999824 -0.237097 0.684107 -0.859592
FixedParameters: 0 0 0

#Transform 172
Transform: AffineTransform_float_3_3
Parameters: 0.999939 0.00315465 -0.0106407 -0.00330834 0.999891 -0.0144247 0.0105933 0.0144593 0.99984 -0.234928 0.568582 -0.819518
FixedParameters: 0 0 0

#Transform 173
Transform: AffineTransform_float_3_3
Parameters: 0.999941 0.00329415 -0.0102998 -0.00345185 0.999877 -0.0153454 0.0102482 0.0153797 0.999829 -0.234104 0.628428 -0.83266
FixedParameters: 0 0 0

#Transform 174
Transform: AffineTransform_float_3_3
Parameters: 0.999941 0.00349369 -0.0103487 -0.00364932 0.999881 -0.0150271 0.0102953 0.0150639 0.999833 -0.248922 0.65703 -0.812972
FixedParameters: 0 0 0

#Transform 175
Transform: AffineTransform_float_3_3
Parameters: 0.999938 0.00329136 -0.0106477 -0.00344764 0.999885 -0.0147262 0.0105983 0.0147618 0.999835 -0.248337 0.648813 -0.849035
FixedParameters: 0 0 0

#Transform 176
Transform: AffineTransform_float_3_3
Parameters: 0.999933 0.0034101 -0.0110037 -0.00358791 0.999862 -0.0161886 0.0109473 0.0162264 0.999809 -0.247817 0.692084 -0.905128
FixedParameters: 0 0 0

#Transform 177
Transform: AffineTransform_float_3_3
Parameters: 0.99993 0.00337057 -0.0113418 -0.00355343 0.999864 -0.0161028 0.0112862 0.0161422 0.999806 -0.240857 0.662862 -0.89763
FixedParameters: 0 0 0

#Transform 178
Transform: AffineTransform_float_3_3
Parameters: 0.999932 0.00362567 -0.0110803 -0.00380533 0.999862 -0.0162069 0.0110197 0.0162481 0.999808 -0.245287 0.655245 -0.875951
FixedParameters: 0 0 0

#Transform 179
Transform: AffineTransform_float_3_3
Parameters: 0.999928 0.0037679 -0.0113403 -0.00396211 0.999845 -0.0171423 0.0112746 0.0171857 0.999788 -0.244382 0.711206 -0.901477
FixedParameters: 0 0 0

#Transform 180
Transform: AffineTransform_float_3_3
Parameters: 0.99993 0.00367883 -0.0111992 -0.00386617 0.999852 -0.0167369 0.0111368 0.0167791 0.999797 -0.24549 0.679501 -0.898244
FixedParameters: 0 0 0

#Transform 181
Transform: AffineTransform_float_3_3
Parameters: 0.999929 0.00393288 -0.0112372 -0.00412011 0.999852 -0.0166769 0.0111698 0.0167221 0.999798 -0.243815 0.6616 -0.907245
FixedParameters: 0 0 0

#Transform 182
Transform: AffineTransform_float_3_3
Parameters: 0.999919 0.00428978 -0.0119402 -0.00449922 0.999836 -0.0175517 0.0118627 0.0176033 0.999774 -0.257876 0.732982 -0.9155
FixedParameters: 0 0 0

#Transform 183
Transform: AffineTransform_float_3_3
Parameters: 0.999923 0.00399439 -0.0117544 -0.00419362 0.999848 -0.016921 0.0116856 0.016969 0.999787 -0.257364 0.674986 -0.890814
FixedParameters: 0 0 0

#Transform 184
Transform: AffineTransform_float_3_3
Parameters: 0.999919 0.00392497 -0.0120649 -0.00412203 0.999858 -0.0163496 0.0119991 0.0163974 0.999793 -0.257182 0.630191 -0.916153
FixedParameters: 0 0 0

#Transform 185
Transform: AffineTransform_float_3_3
Parameters: 0.999918 0.00436586 -0.0120713 -0.00457416 0.999841 -0.0172692 0.0119947 0.0173228 0.999778 -0.263862 0.686409 -0.9736
FixedParameters: 0 0 0

#Transform 186
Transform: AffineTransform_float_3_3
Parameters: 0.999916 0.00436582 -0.012257 -0.00457918 0.999838 -0.0174183 0.012179 0.0174736 0.999773 -0.260881 0.682821 -0.961906
FixedParameters: 0 0 0

#Transform 187
Transform: AffineTransform_float_3_3
Parameters: 0.999915 0.00448086 -0.0121897 -0.00469114 0.999839 -0.0173473 0.0121103 0.0174037 0.999775 -0.273091 0.694443 -0.955499
FixedParameters: 0 0 0

#Transform 188
Transform: AffineTransform_float_3_3
Parameters: 0.999916 0.00418461 -0.0122788 -0.00440839 0.999822 -0.0183044 0.0122002 0.0183576 0.999757 -0.269906 0.738691 -0.952194
