#Insight Transform File V1.0
#Transform 0
Transform: AffineTransform_float_3_3
Parameters: 1 2.9176e-05 0.000703992 -2.8824e-05 1 -0.00025002 -0.000704007 0.000249979 0.999999 -0.0533226 0.0182124 0.42325
FixedParameters: 0 0 0

#Transform 1
Transform: AffineTransform_float_3_3
Parameters: 0.999999 -0.000547344 0.000679723 0.000546656 0.999999 0.000506371 -0.000679277 -0.000506628 0.999999 -0.0194274 -0.0132279 0.095961
FixedParameters: 0 0 0

#Transform 2
Transform: AffineTransform_float_3_3
Parameters: 0.999999 -0.00054738 0.000537613 0.00054662 0.999999 0.000707294 -0.000537386 -0.000706705 0.999999 0.0370218 0.020184 -0.0166967
FixedParameters: 0 0 0

#Transform 3
Transform: AffineTransform_float_3_3
Parameters: 0.999999 -0.000587473 0.000537484 0.000587528 1 0.000878316 -0.000537516 -0.000878684 0.999999 0.033126 -0.0434993 -0.0432303
FixedParameters: 0 0 0

#Transform 4
Transform: AffineTransform_float_3_3
Parameters: 1 -0.000580227 0.000367641 0.000580772 0.999999 0.000619213 -0.000367359 -0.000618787 0.999999 0.0453829 -0.0113739 -0.0238994
FixedParameters: 0 0 0

#Transform 5
Transform: AffineTransform_float_3_3
Parameters: 1 -0.000580011 0.000115946 0.000579989 1 9.30672e-05 -0.000116054 -9.29327e-05 1 0.0526552 0.0567578 -0.0329325
FixedParameters: 0 0 0

#Transform 6
Transform: AffineTransform_float_3_3
Parameters: 0.999999 -0.000882001 -5.71952e-06 0.000881997 0.999999 -0.000318005 6.28047e-06 0.000317994 1 0.0280551 0.0712742 -0.0334885
FixedParameters: 0 0 0

#Transform 7
Transform: AffineTransform_float_3_3
Parameters: 1 -0.000580055 -0.000142775 0.000579944 1 -0.000388083 0.000143225 0.000387917 1 0.0530895 0.0123002 -0.0493884
FixedParameters: 0 0 0

#Transform 8
Transform: AffineTransform_float_3_3
Parameters: 1 -0.000580344 -0.000357442 0.000580655 1 -0.000962209 0.000358559 0.000961793 1 0.0718364 0.169373 -0.0296964
FixedParameters: 0 0 0

#Transform 9
Transform: AffineTransform_float_3_3
Parameters: 1 -0.000580131 -0.000288735 0.000580868 0.999999 -0.000456168 0.000289265 0.000455832 1 0.0649868 0.0531643 -0.0985774
FixedParameters: 0 0 0

#Transform 10
Transform: AffineTransform_float_3_3
Parameters: 0.999999 -0.000751426 -0.000353095 0.000750574 0.999999 -0.00120527 0.000353905 0.00120473 0.999999 0.0674415 0.21399 -0.150401
FixedParameters: 0 0 0

#Transform 11
Transform: AffineTransform_float_3_3
Parameters: 1 -0.000580302 -0.000331472 0.000580699 1 -0.000909193 0.000331528 0.000908808 0.999999 0.0697267 0.132504 -0.187082
FixedParameters: 0 0 0

#Transform 12
Transform: AffineTransform_float_3_3
Parameters: 1 -0.00100535 -0.000263672 0.00100465 0.999998 -0.00132127 0.000265327 0.00132073 0.999999 0.0527911 0.162799 -0.141182
FixedParameters: 0 0 0

#Transform 13
Transform: AffineTransform_float_3_3
Parameters: 0.999998 -0.00154529 -0.000779443 0.00154471 0.999998 -0.00165621 0.000781558 0.0016548 0.999999 0.0881284 0.241366 -0.138313
FixedParameters: 0 0 0

#Transform 14
Transform: AffineTransform_float_3_3
Parameters: 0.999998 -0.00154512 -0.000723614 0.00154388 0.999997 -0.00154512 0.000725385 0.00154388 0.999998 0.0671906 0.170284 -0.186867
FixedParameters: 0 0 0

#Transform 15
Transform: AffineTransform_float_3_3
Parameters: 0.999998 -0.0015447 -0.000403337 0.0015443 0.999998 -0.00172463 0.000406663 0.00172338 0.999999 0.0549562 0.216334 -0.189778
FixedParameters: 0 0 0

#Transform 16
Transform: AffineTransform_float_3_3
Parameters: 0.999999 -0.00113087 -0.00102594 0.00112913 0.999997 -0.00182016 0.00102806 0.00181884 0.999998 0.0759062 0.226206 -0.138938
FixedParameters: 0 0 0

#Transform 17
Transform: AffineTransform_float_3_3
Parameters: 0.999999 -0.0011067 -0.00100412 0.0011043 0.999998 -0.00169611 0.00100587 0.00169489 0.999998 0.0798361 0.217159 -0.193578
FixedParameters: 0 0 0

#Transform 18
Transform: AffineTransform_float_3_3
Parameters: 0.999999 -0.00110654 -0.000859024 0.00110446 0.999998 -0.00178795 0.000860976 0.00178705 0.999998 0.0714383 0.199197 -0.231875
FixedParameters: 0 0 0

#Transform 19
Transform: AffineTransform_float_3_3
Parameters: 0.999999 -0.00110703 -0.000877445 0.00110497 0.999996 -0.00231097 0.000879555 0.00231003 0.999997 0.0778258 0.277657 -0.212608
FixedParameters: 0 0 0

#Transform 20
Transform: AffineTransform_float_3_3
Parameters: 0.999999 -0.00110735 -0.000779677 0.00110465 0.999995 -0.00300486 0.000783323 0.00300414 0.999995 0.0685946 0.327266 -0.245401
FixedParameters: 0 0 0

#Transform 21
Transform: AffineTransform_float_3_3
Parameters: 0.999999 -0.00110712 -0.000819143 0.00110488 0.999996 -0.00258391 0.000821858 0.00258309 0.999997 0.0690749 0.313671 -0.278653
FixedParameters: 0 0 0

#Transform 22
Transform: AffineTransform_float_3_3
Parameters: 0.999999 -0.00110784 -0.000935641 0.00110415 0.999995 -0.00303604 0.000939356 0.00303496 0.999995 0.0685083 0.305169 -0.25558
FixedParameters: 0 0 0

#Transform 23
Transform: AffineTransform_float_3_3
Parameters: 0.999999 -0.00110855 -0.00100108 0.00110445 0.999993 -0.00353911 0.00100491 0.00353789 0.999993 0.0748236 0.343747 -0.210981
FixedParameters: 0 0 0

#Transform 24
Transform: AffineTransform_float_3_3
Parameters: 0.999999 -0.00110789 -0.000789963 0.00110511 0.999992 -0.00364888 0.000794037 0.00364812 0.999993 0.0677402 0.308241 -0.212702
FixedParameters: 0 0 0

#Transform 25
Transform: AffineTransform_float_3_3
Parameters: 0.999999 -0.0011074 -0.000614705 0.0011046 0.999992 -0.00388368 0.000619295 0.00388332 0.999993 0.0623176 0.284172 -0.203202
FixedParameters: 0 0 0

#Transform 26
Transform: AffineTransform_float_3_3
Parameters: 0.999999 -0.00110833 -0.000905939 0.00110467 0.999992 -0.00367 0.00091006 0.00366899 0.999993 0.0734334 0.314298 -0.226066
FixedParameters: 0 0 0

#Transform 27
Transform: AffineTransform_float_3_3
Parameters: 0.999999 -0.00110934 -0.000947946 0.00110466 0.999989 -0.00456505 0.000953052 0.00456395 0.999989 0.0782515 0.397438 -0.20188
FixedParameters: 0 0 0

#Transform 28
Transform: AffineTransform_float_3_3
Parameters: 0.999999 -0.00110938 -0.00109056 0.00110462 0.999992 -0.00400721 0.00109543 0.00400579 0.999992 0.0707276 0.332895 -0.201431
FixedParameters: 0 0 0

#Transform 29
Transform: AffineTransform_float_3_3
Parameters: 0.999999 -0.00111086 -0.00127994 0.00110514 0.999989 -0.00457142 0.00128506 0.00456958 0.999988 0.0756545 0.381584 -0.150125
FixedParameters: 0 0 0

#Transform 30
Transform: AffineTransform_float_3_3
Parameters: 0.999999 -0.00111082 -0.00142248 0.00110419 0.999991 -0.00408158 0.00142652 0.00408042 0.99999 0.0801815 0.293053 -0.197261
FixedParameters: 0 0 0

#Transform 31
Transform: AffineTransform_float_3_3
Parameters: 0.999998 -0.00111115 -0.00116215 0.00110485 0.999986 -0.0052783 0.00116785 0.00527671 0.999986 0.0757924 0.468294 -0.217633
FixedParameters: 0 0 0

#Transform 32
Transform: AffineTransform_float_3_3
Parameters: 0.999999 -0.00111293 -0.00149011 0.00110507 0.999986 -0.00531266 0.00149589 0.00531134 0.999985 0.0843809 0.409689 -0.254609
FixedParameters: 0 0 0

#Transform 33
Transform: AffineTransform_float_3_3
Parameters: 0.999999 -0.00111106 -0.00102748 0.00110494 0.999982 -0.00588214 0.00103352 0.00588086 0.999982 0.0663179 0.421125 -0.268219
FixedParameters: 0 0 0

#Transform 34
Transform: AffineTransform_float_3_3
Parameters: 0.999999 -0.00111506 -0.00140206 0.00110494 0.999974 -0.00715256 0.00140994 0.00715144 0.999974 0.0844924 0.51323 -0.252015
FixedParameters: 0 0 0

#Transform 35
Transform: AffineTransform_float_3_3
Parameters: 0.999999 -0.00111305 -0.00110294 0.00110495 0.999973 -0.00727023 0.00111106 0.00726877 0.999973 0.0673366 0.501224 -0.206863
FixedParameters: 0 0 0

#Transform 36
Transform: AffineTransform_float_3_3
Parameters: 0.999999 -0.00111202 -0.00105263 0.00110497 0.999978 -0.00665017 0.00106037 0.00664883 0.999978 0.0682644 0.436289 -0.249139
FixedParameters: 0 0 0

#Transform 37
Transform: AffineTransform_float_3_3
Parameters: 0.999998 -0.00111339 -0.00116705 0.00110461 0.999973 -0.00716729 0.00117495 0.0071657 0.999973 0.0721162 0.4856 -0.254685
FixedParameters: 0 0 0

#Transform 38
Transform: AffineTransform_float_3_3
Parameters: 0.999999 -0.00111292 -0.00110508 0.00110508 0.999974 -0.00714123 0.00111292 0.00714077 0.999974 0.0687943 0.504288 -0.244323
FixedParameters: 0 0 0

#Transform 39
Transform: AffineTransform_float_3_3
Parameters: 0.999998 -0.00119571 -0.00114497 0.00118729 0.99997 -0.00757636 0.00115403 0.00757562 0.99997 0.0679403 0.520863 -0.272168
FixedParameters: 0 0 0

#Transform 40
Transform: AffineTransform_float_3_3
Parameters: 0.999998 -0.00105337 -0.00134595 0.00104363 0.99997 -0.00768241 0.00135406 0.00768058 0.999969 0.0729011 0.505546 -0.29317
FixedParameters: 0 0 0

#Transform 41
Transform: AffineTransform_float_3_3
Parameters: 0.999998 -0.00128643 -0.00142073 0.00127457 0.999967 -0.00801982 0.00143027 0.00801817 0.999967 0.0711759 0.513681 -0.304644
FixedParameters: 0 0 0

#Transform 42
Transform: AffineTransform_float_3_3
Parameters: 0.999998 -0.00111994 -0.00155434 0.00110506 0.999954 -0.00957974 0.00156466 0.00957827 0.999953 0.0783019 0.62919 -0.267504
FixedParameters: 0 0 0

#Transform 43
Transform: AffineTransform_float_3_3
Parameters: 0.999998 -0.00112028 -0.00155107 0.00110472 0.999951 -0.00981973 0.00156192 0.00981727 0.99995 0.0724223 0.611646 -0.299317
FixedParameters: 0 0 0

#Transform 44
Transform: AffineTransform_float_3_3
Parameters: 0.999998 -0.0011223 -0.00175405 0.0011047 0.999951 -0.00983196 0.00176495 0.00983004 0.99995 0.0753727 0.597987 -0.295907
FixedParameters: 0 0 0

#Transform 45
Transform: AffineTransform_float_3_3
Parameters: 0.999998 -0.00112079 -0.00153359 0.00110421 0.999947 -0.0102567 0.00154541 0.0102553 0.999946 0.06671 0.627682 -0.302738
FixedParameters: 0 0 0

#Transform 46
Transform: AffineTransform_float_3_3
Parameters: 0.999999 -0.0011115 -0.000714996 0.0011045 0.999958 -0.00902679 0.000725 0.0090262 0.999959 0.0336073 0.64913 -0.305654
FixedParameters: 0 0 0

#Transform 47
Transform: AffineTransform_float_3_3
Parameters: 0.999999 -0.00111503 -0.0010656 0.00110497 0.999955 -0.00936518 0.00107639 0.0093638 0.999955 0.0510611 0.632109 -0.313604
FixedParameters: 0 0 0

#Transform 48
Transform: AffineTransform_float_3_3
Parameters: 0.999998 -0.00122251 -0.00104902 0.00121349 0.999958 -0.00901628 0.00105998 0.00901571 0.999959 0.045831 0.573208 -0.291401
FixedParameters: 0 0 0

#Transform 49
Transform: AffineTransform_float_3_3
Parameters: 0.999999 -0.00111759 -0.00139098 0.00110442 0.999958 -0.00901555 0.00140101 0.00901445 0.999959 0.0659795 0.611856 -0.261505
FixedParameters: 0 0 0

#Transform 50
Transform: AffineTransform_float_3_3
Parameters: 0.999999 -0.00111751 -0.00135075 0.0011045 0.999957 -0.00922651 0.00136025 0.0092245 0.999957 0.0622703 0.583884 -0.285488
FixedParameters: 0 0 0

#Transform 51
Transform: AffineTransform_float_3_3
Parameters: 0.999998 -0.00111556 -0.00117809 0.00110444 0.999959 -0.00892431 0.0011879 0.00892269 0.99996 0.0536264 0.56833 -0.284623
FixedParameters: 0 0 0

#Transform 52
Transform: AffineTransform_float_3_3
Parameters: 0.999998 -0.00111689 -0.00127468 0.00110512 0.999956 -0.00928842 0.00128432 0.00928758 0.999956 0.0534784 0.588004 -0.288324
FixedParameters: 0 0 0

#Transform 53
Transform: AffineTransform_float_3_3
Parameters: 0.999998 -0.00111691 -0.00120305 0.00110509 0.999951 -0.00985934 0.00121395 0.00985765 0.99995 0.0725738 0.639598 -0.324281
FixedParameters: 0 0 0

#Transform 54
Transform: AffineTransform_float_3_3
Parameters: 0.999998 -0.00111566 -0.00112453 0.00110434 0.999955 -0.00943125 0.00113547 0.00943074 0.999955 0.0650468 0.575196 -0.32264
FixedParameters: 0 0 0

#Transform 55
Transform: AffineTransform_float_3_3
Parameters: 0.999998 -0.0011174 -0.00126616 0.0011046 0.999952 -0.00975641 0.00127684 0.00975458 0.999951 0.0701451 0.633221 -0.319495
FixedParameters: 0 0 0

#Transform 56
Transform: AffineTransform_float_3_3
Parameters: 0.999999 -0.00106792 -0.00141259 0.00105408 0.999952 -0.00981551 0.00142342 0.0098145 0.999951 0.0746714 0.631179 -0.326608
FixedParameters: 0 0 0

#Transform 57
Transform: AffineTransform_float_3_3
Parameters: 0.999999 -0.00116867 -0.00140877 0.00115533 0.999952 -0.00966464 0.00142023 0.00966236 0.999953 0.0725409 0.59158 -0.312647
FixedParameters: 0 0 0

#Transform 58
Transform: AffineTransform_float_3_3
Parameters: 0.999998 -0.00112296 -0.00173853 0.00110504 0.999947 -0.010296 0.00175047 0.0102941 0.999946 0.0989184 0.631426 -0.294629
FixedParameters: 0 0 0

#Transform 59
Transform: AffineTransform_float_3_3
Parameters: 0.999999 -0.00112051 -0.00148845 0.0011045 0.999945 -0.0103787 0.00149954 0.0103773 0.999945 0.0879255 0.676876 -0.314503
FixedParameters: 0 0 0

#Transform 60
Transform: AffineTransform_float_3_3
Parameters: 0.999999 -0.00111809 -0.00134523 0.0011049 0.999953 -0.00969151 0.00135677 0.0096905 0.999952 0.0698347 0.589273 -0.337635
FixedParameters: 0 0 0

#Transform 61
Transform: AffineTransform_float_3_3
Parameters: 0.999998 -0.00111781 -0.00131925 0.00110419 0.999952 -0.00966947 0.00132974 0.00966853 0.999953 0.0805354 0.58676 -0.345761
FixedParameters: 0 0 0

#Transform 62
Transform: AffineTransform_float_3_3
Parameters: 0.999999 -0.00111918 -0.00136046 0.00110483 0.999945 -0.0103775 0.00137154 0.0103755 0.999945 0.0823507 0.708878 -0.308492
FixedParameters: 0 0 0

#Transform 63
Transform: AffineTransform_float_3_3
Parameters: 0.999998 -0.00105697 -0.00138343 0.00104302 0.999949 -0.0100615 0.00139456 0.0100595 0.999948 0.0748327 0.629565 -0.290932
FixedParameters: 0 0 0

#Transform 64
Transform: AffineTransform_float_3_3
Parameters: 0.999998 -0.00101794 -0.00159796 0.00100206 0.99995 -0.00994262 0.00160804 0.00994138 0.99995 0.0828299 0.639044 -0.262625
FixedParameters: 0 0 0

#Transform 65
Transform: AffineTransform_float_3_3
Parameters: 0.999998 -0.000935603 -0.00187621 0.000930396 0.999995 -0.00298575 0.00187878 0.00298325 0.999994 0.0636817 0.455861 -0.595313
FixedParameters: 0 0 0

#Transform 66
Transform: AffineTransform_float_3_3
Parameters: 0.99999 -0.00059839 -0.0045695 0.00057061 0.999982 -0.00599367 0.0045725 0.00599032 0.999971 0.178425 0.562001 -0.698344
FixedParameters: 0 0 0

#Transform 67
Transform: AffineTransform_float_3_3
Parameters: 0.999994 -0.000923305 -0.00348943 0.000902698 0.999981 -0.00610219 0.00349457 0.00609881 0.999976 0.14362 0.365424 -0.0879811
FixedParameters: 0 0 0

#Transform 68
Transform: AffineTransform_float_3_3
Parameters: 0.999994 -0.000871741 -0.00335969 0.000851257 0.99998 -0.0061699 0.00336532 0.0061671 0.999976 0.134454 0.453237 -0.121028
FixedParameters: 0 0 0

#Transform 69
Transform: AffineTransform_float_3_3
Parameters: 0.999993 -0.00100783 -0.00342164 0.000986162 0.999979 -0.00637741 0.00342835 0.00637359 0.999974 0.131354 0.414057 -0.18048
FixedParameters: 0 0 0

#Transform 70
Transform: AffineTransform_float_3_3
Parameters: 0.999993 -0.00100449 -0.00357248 0.000981501 0.999978 -0.00657255 0.00357953 0.00656845 0.999972 0.136611 0.46853 -0.211593
FixedParameters: 0 0 0

#Transform 71
Transform: AffineTransform_float_3_3
Parameters: 0.999993 -0.00106654 -0.00363532 0.00104046 0.999973 -0.00729583 0.00364268 0.00729116 0.999967 0.140646 0.501774 -0.200656
FixedParameters: 0 0 0

#Transform 72
Transform: AffineTransform_float_3_3
Parameters: 0.999995 -0.00105727 -0.00275443 0.00103973 0.99998 -0.00626289 0.00276056 0.00626011 0.999976 0.122116 0.483936 -0.198734
FixedParameters: 0 0 0

#Transform 73
Transform: AffineTransform_float_3_3
Parameters: 0.999994 -0.00106439 -0.00315989 0.0010396 0.999969 -0.00771233 0.00316811 0.00770867 0.999966 0.127192 0.489399 -0.202249
FixedParameters: 0 0 0

#Transform 74
Transform: AffineTransform_float_3_3
Parameters: 0.999994 -0.0010633 -0.00332764 0.0010397 0.999975 -0.0069955 0.00333535 0.0069925 0.99997 0.127831 0.479288 -0.200528
FixedParameters: 0 0 0

#Transform 75
Transform: AffineTransform_float_3_3
Parameters: 0.999994 -0.00102319 -0.00332796 0.000999807 0.999976 -0.00696337 0.00333504 0.00695963 0.99997 0.135361 0.482429 -0.191109
FixedParameters: 0 0 0

#Transform 76
Transform: AffineTransform_float_3_3
Parameters: 0.999994 -0.00122301 -0.00322987 0.00120399 0.999982 -0.00588093 0.00323713 0.00587608 0.999978 0.121269 0.466645 -0.264339
FixedParameters: 0 0 0

#Transform 77
Transform: AffineTransform_float_3_3
Parameters: 0.999989 -0.000754242 -0.00449619 0.00072475 0.999978 -0.00650232 0.0045018 0.00649867 0.999969 0.186283 0.514512 -0.412521
FixedParameters: 0 0 0

#Transform 78
Transform: AffineTransform_float_3_3
Parameters: 0.999989 -0.00123174 -0.00440133 0.00120426 0.99998 -0.00629937 0.00440867 0.00629364 0.999971 0.190215 0.459209 -0.245002
FixedParameters: 0 0 0

#Transform 79
Transform: AffineTransform_float_3_3
Parameters: 0.99999 -0.000855092 -0.0042354 0.000831906 0.999985 -0.00545057 0.0042406 0.00544742 0.999976 0.168899 0.487636 -0.445278
FixedParameters: 0 0 0

#Transform 80
Transform: AffineTransform_float_3_3
Parameters: 0.999979 0.000675047 -0.00636495 -0.000728949 0.999964 -0.00847753 0.00635904 0.00848246 0.999944 0.242787 0.716236 -0.609772
FixedParameters: 0 0 0

#Transform 81
Transform: AffineTransform_float_3_3
Parameters: 0.999989 -0.000805675 -0.00446344 0.000779324 0.999983 -0.00575054 0.00446855 0.00574746 0.999973 0.167976 0.376 -0.432528
FixedParameters: 0 0 0

#Transform 82
Transform: AffineTransform_float_3_3
Parameters: 0.99999 -0.00105176 -0.00437619 0.00102325 0.999978 -0.00656754 0.00438281 0.00656346 0.999969 0.164237 0.676536 -0.79076
FixedParameters: 0 0 0

#Transform 83
Transform: AffineTransform_float_3_3
Parameters: 0.999992 -0.000722046 -0.00389314 0.000683957 0.999952 -0.00976474 0.00389986 0.00976226 0.999944 0.113733 0.57207 -0.320772
FixedParameters: 0 0 0

#Transform 84
Transform: AffineTransform_float_3_3
Parameters: 0.999988 -0.00174993 -0.00452626 0.00170607 0.999951 -0.00969083 0.00454274 0.00968316 0.999943 0.159838 0.705734 -0.175071
FixedParameters: 0 0 0

#Transform 85
Transform: AffineTransform_float_3_3
Parameters: 0.999992 -0.0011002 -0.00382717 0.0010688 0.999967 -0.00814515 0.00383583 0.00814084 0.999959 0.115475 0.524369 -0.166412
FixedParameters: 0 0 0

#Transform 86
Transform: AffineTransform_float_3_3
Parameters: 0.999991 -0.000933665 -0.0042904 0.00089834 0.999965 -0.00830694 0.00429761 0.00830307 0.999957 0.144901 0.515948 -0.1795
FixedParameters: 0 0 0

#Transform 87
Transform: AffineTransform_float_3_3
Parameters: 0.99999 -0.000930943 -0.00420684 0.000898056 0.999969 -0.00782585 0.00421415 0.00782215 0.99996 0.138435 0.528087 -0.186793
FixedParameters: 0 0 0

#Transform 88
Transform: AffineTransform_float_3_3
Parameters: 0.999992 -0.00109118 -0.00399603 0.00105382 0.999957 -0.00929429 0.00400597 0.00928971 0.999949 0.141664 0.591305 -0.260503
FixedParameters: 0 0 0

#Transform 89
Transform: AffineTransform_float_3_3
Parameters: 0.999987 -0.000689958 -0.00493473 0.000628037 0.999921 -0.0125463 0.00494327 0.0125427 0.999909 0.115287 0.818183 -0.642517
FixedParameters: 0 0 0

#Transform 90
Transform: AffineTransform_float_3_3
Parameters: 0.999978 -0.00146471 -0.00645883 0.00136829 0.999888 -0.0149522 0.00648018 0.0149428 0.999868 0.180652 0.930479 -0.452162
FixedParameters: 0 0 0

#Transform 91
Transform: AffineTransform_float_3_3
Parameters: 0.999982 -0.000830039 -0.00595627 0.000748967 0.999908 -0.0135947 0.00596673 0.0135903 0.99989 0.183215 0.66561 -0.0950049
FixedParameters: 0 0 0

#Transform 92
Transform: AffineTransform_float_3_3
Parameters: 0.999974 -0.000764808 -0.00727366 0.000625205 0.999816 -0.0192041 0.00728635 0.019199 0.999789 0.237093 1.07114 -0.0697446
FixedParameters: 0 0 0

#Transform 93
Transform: AffineTransform_float_3_3
Parameters: 0.999971 -0.00113851 -0.00754848 0.000993483 0.999814 -0.0192521 0.00756953 0.0192439 0.999786 0.242896 0.977219 -0.115964
FixedParameters: 0 0 0

#Transform 94
Transform: AffineTransform_float_3_3
Parameters: 0.999971 -0.001137 -0.00760007 0.000987004 0.999805 -0.0197111 0.00762093 0.0197029 0.999777 0.244775 0.96714 -0.0479435
FixedParameters: 0 0 0

#Transform 95
Transform: AffineTransform_float_3_3
Parameters: 0.999972 -0.000983853 -0.00740364 0.000843142 0.999819 -0.0190038 0.00742136 0.0189972 0.999792 0.240108 0.948487 -0.0692818
FixedParameters: 0 0 0

#Transform 96
Transform: AffineTransform_float_3_3
Parameters: 0.999979 -0.000801119 -0.00639427 0.000692865 0.999855 -0.0170498 0.00640775 0.0170442 0.999834 0.214466 0.859132 -0.0872512
FixedParameters: 0 0 0

#Transform 97
Transform: AffineTransform_float_3_3
Parameters: 0.999977 -0.000581698 -0.0067908 0.000447295 0.999804 -0.0198205 0.0068012 0.0198165 0.99978 0.224125 0.940744 -0.140932
FixedParameters: 0 0 0

#Transform 98
Transform: AffineTransform_float_3_3
Parameters: 0.999978 -0.00066507 -0.00661478 0.000503925 0.999704 -0.0243219 0.00662922 0.0243181 0.999683 0.214793 1.2251 -0.12452
FixedParameters: 0 0 0

#Transform 99
Transform: AffineTransform_float_3_3
Parameters: 0.999974 -0.00100354 -0.00714594 0.000840455 0.999739 -0.0228526 0.00716708 0.0228454 0.999714 0.246874 0.981998 -0.0222189
FixedParameters: 0 0 0

#Transform 100
Transform: AffineTransform_float_3_3
Parameters: 0.999976 -0.000701897 -0.00698208 0.00054611 0.999751 -0.0223044 0.00699592 0.0223006 0.999727 0.234669 1.08541 -0.0539586
FixedParameters: 0 0 0

#Transform 101
Transform: AffineTransform_float_3_3
Parameters: 0.999972 -0.00106563 -0.00740079 0.000898361 0.999744 -0.0226173 0.00742321 0.0226097 0.999717 0.244184 1.02662 -0.0106325
FixedParameters: 0 0 0

#Transform 102
Transform: AffineTransform_float_3_3
Parameters: 0.999973 -0.000866503 -0.00722028 0.000693498 0.999712 -0.0239986 0.00723872 0.0239924 0.999686 0.234804 1.18328 -0.0512581
FixedParameters: 0 0 0

#Transform 103
Transform: AffineTransform_float_3_3
Parameters: 0.999974 -0.000995173 -0.0070785 0.000827841 0.999721 -0.0235804 0.00709949 0.0235745 0.999697 0.23095 1.01672 -0.0257956
FixedParameters: 0 0 0

#Transform 104
Transform: AffineTransform_float_3_3
Parameters: 0.99997 -0.000978461 -0.00762407 0.000789516 0.999692 -0.0248137 0.00764694 0.0248072 0.999663 0.245442 1.22983 -0.0993196
FixedParameters: 0 0 0

#Transform 105
Transform: AffineTransform_float_3_3
Parameters: 0.999966 -0.00103315 -0.00810547 0.000893845 0.999853 -0.0171518 0.00812252 0.0171442 0.99982 0.274258 0.769326 -0.0410199
FixedParameters: 0 0 0

#Transform 106
Transform: AffineTransform_float_3_3
Parameters: 0.999969 -0.00103569 -0.00780023 0.00087431 0.999786 -0.0207045 0.00781978 0.0206966 0.999755 0.258219 1.07863 -0.080091
FixedParameters: 0 0 0

#Transform 107
Transform: AffineTransform_float_3_3
Parameters: 0.999971 -0.00122329 -0.0075164 0.00105472 0.999746 -0.0224856 0.00754162 0.0224764 0.999719 0.239343 1.0798 -0.137284
FixedParameters: 0 0 0

#Transform 108
Transform: AffineTransform_float_3_3
Parameters: 0.999971 -0.00103253 -0.00764333 0.000856475 0.999736 -0.0229332 0.00766465 0.0229258 0.999708 0.259153 1.08769 -0.168
FixedParameters: 0 0 0

#Transform 109
Transform: AffineTransform_float_3_3
Parameters: 0.999969 -0.000953451 -0.00783488 0.00076054 0.999695 -0.0246577 0.00785614 0.0246503 0.999666 0.263411 1.17525 -0.195821
FixedParameters: 0 0 0

#Transform 110
Transform: AffineTransform_float_3_3
Parameters: 0.99997 -0.00107224 -0.00765796 0.000874758 0.999669 -0.0257135 0.00768303 0.0257055 0.99964 0.249717 1.2258 -0.189188
FixedParameters: 0 0 0

#Transform 111
Transform: AffineTransform_float_3_3
Parameters: 0.999972 -0.00100919 -0.00742038 0.000826797 0.999696 -0.0246488 0.00744364 0.0246422 0.999668 0.241458 1.13774 -0.224674
FixedParameters: 0 0 0

#Transform 112
Transform: AffineTransform_float_3_3
Parameters: 0.999972 -0.00106177 -0.00748966 0.000873248 0.999683 -0.0251623 0.00751335 0.0251557 0.999656 0.244295 1.18475 -0.233687
FixedParameters: 0 0 0

#Transform 113
Transform: AffineTransform_float_3_3
Parameters: 0.99997 -0.00109707 -0.00759213 0.000899936 0.999664 -0.0259116 0.00761787 0.0259044 0.999636 0.246218 1.23306 -0.204887
FixedParameters: 0 0 0

#Transform 114
Transform: AffineTransform_float_3_3
Parameters: 0.999973 -0.00107214 -0.00733536 0.000878848 0.999654 -0.0262822 0.00736164 0.0262748 0.999627 0.228797 1.23748 -0.225342
FixedParameters: 0 0 0

#Transform 115
Transform: AffineTransform_float_3_3
Parameters: 0.999971 -0.000921578 -0.00748502 0.00072042 0.999641 -0.0267561 0.00750696 0.0267498 0.999614 0.243261 1.22732 -0.218973
FixedParameters: 0 0 0

#Transform 116
Transform: AffineTransform_float_3_3
Parameters: 0.99997 -0.000924005 -0.00762356 0.000714988 0.999625 -0.0273723 0.00764643 0.0273667 0.999596 0.257707 1.29074 -0.148242
FixedParameters: 0 0 0

#Transform 117
Transform: AffineTransform_float_3_3
Parameters: 0.999974 -0.000671659 -0.0071574 0.000477351 0.999631 -0.0271641 0.00717262 0.0271599 0.999606 0.2411 1.26411 -0.213861
FixedParameters: 0 0 0

#Transform 118
Transform: AffineTransform_float_3_3
Parameters: 0.999973 -0.000248937 -0.00737497 5.10619e-05 0.99964 -0.0268271 0.00737902 0.0268259 0.999613 0.262344 1.23645 -0.294393
FixedParameters: 0 0 0

#Transform 119
Transform: AffineTransform_float_3_3
Parameters: 0.999973 -0.00109154 -0.00719116 0.000888466 0.999605 -0.0281081 0.00721882 0.0281009 0.999579 0.222968 1.33261 -0.205168
FixedParameters: 0 0 0

#Transform 120
Transform: AffineTransform_float_3_3
Parameters: 0.999979 -0.00140756 -0.00631464 0.00122846 0.999598 -0.0283494 0.00635137 0.0283407 0.999578 0.173921 1.30952 -0.240152
FixedParameters: 0 0 0

#Transform 121
Transform: AffineTransform_float_3_3
Parameters: 0.999978 -0.00132348 -0.00658153 0.00112751 0.999556 -0.0297671 0.00661849 0.0297589 0.999535 0.19159 1.36163 -0.210667
FixedParameters: 0 0 0

#Transform 122
Transform: AffineTransform_float_3_3
Parameters: 0.999977 -0.00141567 -0.0067201 0.0012223 0.999587 -0.0287369 0.00675892 0.0287281 0.999565 0.181794 1.31669 -0.180694
FixedParameters: 0 0 0

#Transform 123
Transform: AffineTransform_float_3_3
Parameters: 0.999979 -0.00141912 -0.00641522 0.00123588 0.999594 -0.0284596 0.00645279 0.0284505 0.999575 0.175605 1.31131 -0.231193
FixedParameters: 0 0 0

#Transform 124
Transform: AffineTransform_float_3_3
Parameters: 0.999979 -0.00132101 -0.00644383 0.00113599 0.99959 -0.02863 0.00647918 0.0286221 0.99957 0.167988 1.33342 -0.219673
FixedParameters: 0 0 0

#Transform 125
Transform: AffineTransform_float_3_3
Parameters: 0.999977 -0.00142479 -0.00672622 0.00123318 0.999595 -0.028433 0.0067648 0.028424 0.999573 0.194812 1.2885 -0.149467
FixedParameters: 0 0 0

#Transform 126
Transform: AffineTransform_float_3_3
Parameters: 0.999975 -0.00140366 -0.00701308 0.00122234 0.999666 -0.0258413 0.00704694 0.0258318 0.999642 0.202568 1.28935 -0.186114
FixedParameters: 0 0 0

#Transform 127
Transform: AffineTransform_float_3_3
Parameters: 0.999969 -0.00123955 -0.00769411 0.00108745 0.999806 -0.01967 0.00771687 0.019661 0.999777 0.252905 0.860267 0.168595
FixedParameters: 0 0 0

#Transform 128
Transform: AffineTransform_float_3_3
Parameters: 0.999984 6.46317e-05 -0.00575012 -0.000168368 0.999835 -0.0181523 0.00574789 0.0181527 0.999818 0.137543 0.831424 0.0970629
FixedParameters: 0 0 0

#Transform 129
Transform: AffineTransform_float_3_3
Parameters: 0.999979 -0.000669769 -0.00644583 0.000540248 0.999797 -0.0201129 0.00645717 0.0201091 0.999777 0.185227 1.04271 0.0860332
FixedParameters: 0 0 0

#Transform 130
Transform: AffineTransform_float_3_3
Parameters: 0.999978 -0.00101396 -0.0065867 0.000887037 0.999815 -0.0192493 0.00660529 0.0192427 0.999793 0.195715 0.859157 0.0416431
FixedParameters: 0 0 0

#Transform 131
Transform: AffineTransform_float_3_3
Parameters: 0.999978 -0.000818429 -0.00650038 0.000682579 0.999783 -0.0208089 0.00651561 0.0208041 0.999763 0.193189 1.0419 0.0606007
FixedParameters: 0 0 0

#Transform 132
Transform: AffineTransform_float_3_3
Parameters: 0.99998 -0.00103057 -0.006248 0.000900426 0.999785 -0.020706 0.00626799 0.0207 0.999766 0.187528 0.920446 0.0219936
FixedParameters: 0 0 0

#Transform 133
Transform: AffineTransform_float_3_3
Parameters: 0.999976 -0.00110956 -0.00682135 0.000959445 0.99976 -0.0218901 0.00684364 0.0218829 0.999737 0.215471 1.00215 0.129011
FixedParameters: 0 0 0

#Transform 134
Transform: AffineTransform_float_3_3
Parameters: 0.999974 -0.00150686 -0.00708401 0.00135315 0.999764 -0.0216732 0.00711499 0.0216639 0.99974 0.216704 0.905892 0.116123
FixedParameters: 0 0 0

#Transform 135
Transform: AffineTransform_float_3_3
Parameters: 0.999979 -0.00122561 -0.0064748 0.00107739 0.99974 -0.0227515 0.00650119 0.0227445 0.99972 0.19422 1.10887 0.0412539
FixedParameters: 0 0 0

#Transform 136
Transform: AffineTransform_float_3_3
Parameters: 0.99998 -0.00117388 -0.00632084 0.00102312 0.999715 -0.023821 0.00634717 0.023814 0.999697 0.189766 1.06857 0.0959983
FixedParameters: 0 0 0

#Transform 137
Transform: AffineTransform_float_3_3
Parameters: 0.999979 -0.00125306 -0.00627642 0.00110592 0.999726 -0.0233804 0.00630457 0.0233726 0.999707 0.18803 1.10995 0.0648513
FixedParameters: 0 0 0

#Transform 138
Transform: AffineTransform_float_3_3
Parameters: 0.999979 -0.00139916 -0.00629892 0.00124584 0.999705 -0.0242544 0.00633107 0.0242456 0.999686 0.185371 1.10938 0.085656
FixedParameters: 0 0 0

#Transform 139
Transform: AffineTransform_float_3_3
Parameters: 0.999979 -0.00152478 -0.00629049 0.00137021 0.999698 -0.0245371 0.00632652 0.0245279 0.999679 0.178376 1.08748 0.0249466
FixedParameters: 0 0 0

#Transform 140
Transform: AffineTransform_float_3_3
Parameters: 0.999982 -0.00111425 -0.00601985 0.00095574 0.999655 -0.0262282 0.00604714 0.0262217 0.999638 0.180828 1.24413 0.0659393
FixedParameters: 0 0 0

#Transform 141
Transform: AffineTransform_float_3_3
Parameters: 0.999989 -0.000586163 -0.0046691 0.000481841 0.999751 -0.0222785 0.0046809 0.0222765 0.999741 0.122739 1.14825 0.0356563
FixedParameters: 0 0 0

#Transform 142
Transform: AffineTransform_float_3_3
Parameters: 0.999978 -0.00119057 -0.00660344 0.00102541 0.99969 -0.0248703 0.00663155 0.0248627 0.999669 0.19703 1.16955 0.0879879
FixedParameters: 0 0 0

#Transform 143
Transform: AffineTransform_float_3_3
Parameters: 0.999976 -0.00126717 -0.00689959 0.00109582 0.99969 -0.0249012 0.00692943 0.0248928 0.999666 0.210403 1.07568 0.162154
FixedParameters: 0 0 0

#Transform 144
Transform: AffineTransform_float_3_3
Parameters: 0.999976 -0.0013277 -0.0068044 0.00115331 0.999675 -0.0254685 0.00683559 0.0254595 0.999653 0.206221 1.17164 0.0772796
FixedParameters: 0 0 0

#Transform 145
Transform: AffineTransform_float_3_3
Parameters: 0.999976 -0.000972035 -0.00678297 0.000794964 0.99966 -0.026054 0.00680601 0.026048 0.999637 0.204077 1.16668 0.0102347
FixedParameters: 0 0 0

#Transform 146
Transform: AffineTransform_float_3_3
Parameters: 0.999974 -0.00142832 -0.00707528 0.00124369 0.999661 -0.0259865 0.00710972 0.0259775 0.999638 0.218895 1.11197 0.0900133
FixedParameters: 0 0 0

#Transform 147
Transform: AffineTransform_float_3_3
Parameters: 0.999969 -0.00176931 -0.00766733 0.00157268 0.999672 -0.0255338 0.00771066 0.0255211 0.999644 0.253968 1.09032 0.0620406
FixedParameters: 0 0 0

#Transform 148
Transform: AffineTransform_float_3_3
Parameters: 0.99997 -0.00168942 -0.00758113 0.00148359 0.999634 -0.0270201 0.00762386 0.0270079 0.999606 0.24517 1.39967 0.0244636
FixedParameters: 0 0 0

#Transform 149
Transform: AffineTransform_float_3_3
Parameters: 0.999962 -0.0019978 -0.00850333 0.00177821 0.999666 -0.0257781 0.00855166 0.0257619 0.999631 0.282125 1.03514 0.151931
FixedParameters: 0 0 0

#Transform 150
Transform: AffineTransform_float_3_3
Parameters: 0.99997 -0.00178821 -0.00756902 0.00158079 0.999626 -0.0272938 0.00761497 0.0272812 0.999599 0.234045 1.18519 0.153465
FixedParameters: 0 0 0

#Transform 151
Transform: AffineTransform_float_3_3
Parameters: 0.999966 -0.00175228 -0.00797309 0.00151872 0.999569 -0.0292961 0.00802092 0.0292829 0.999539 0.245998 1.26233 0.228803
FixedParameters: 0 0 0

#Transform 152
Transform: AffineTransform_float_3_3
Parameters: 0.999966 -0.0018036 -0.00802183 0.00156839 0.999573 -0.0291565 0.00807115 0.0291424 0.999542 0.243917 1.23598 0.217804
FixedParameters: 0 0 0

#Transform 153
Transform: AffineTransform_float_3_3
Parameters: 0.999965 -0.00174549 -0.00820889 0.0014965 0.999539 -0.0303013 0.00825813 0.0302876 0.999507 0.250358 1.23357 0.190059
FixedParameters: 0 0 0

#Transform 154
Transform: AffineTransform_float_3_3
Parameters: 0.999965 -0.00193551 -0.00805615 0.00169046 0.999541 -0.0302477 0.00811183 0.0302333 0.99951 0.24463 1.31997 0.226862
FixedParameters: 0 0 0

#Transform 155
Transform: AffineTransform_float_3_3
Parameters: 0.999966 -0.00198794 -0.00801015 0.00174306 0.999534 -0.030471 0.00806684 0.030456 0.999503 0.236899 1.23928 0.185713
FixedParameters: 0 0 0

#Transform 156
Transform: AffineTransform_float_3_3
Parameters: 0.999965 -0.00183612 -0.00809208 0.00158487 0.999521 -0.0309319 0.0081449 0.0309171 0.999489 0.247948 1.33948 0.232577
FixedParameters: 0 0 0

#Transform 157
Transform: AffineTransform_float_3_3
Parameters: 0.999966 -0.00206062 -0.00789004 0.00182037 0.999536 -0.0303844 0.00794896 0.0303686 0.999507 0.23635 1.27676 0.14305
FixedParameters: 0 0 0

#Transform 158
Transform: AffineTransform_float_3_3
Parameters: 0.999964 -0.00218851 -0.00817472 0.00194052 0.999543 -0.0301629 0.00823626 0.030146 0.999511 0.2458 1.21858 0.240119
FixedParameters: 0 0 0

#Transform 159
Transform: AffineTransform_float_3_3
Parameters: 0.999966 -0.00211911 -0.00796284 0.00186989 0.999512 -0.0311619 0.00802515 0.031146 0.999482 0.236378 1.38141 0.215067
FixedParameters: 0 0 0

#Transform 160
Transform: AffineTransform_float_3_3
Parameters: 0.999963 -0.00208843 -0.00826708 0.00183457 0.999531 -0.0305453 0.00832691 0.0305287 0.999499 0.246998 1.26139 0.230567
FixedParameters: 0 0 0

#Transform 161
Transform: AffineTransform_float_3_3
Parameters: 0.999961 -0.0021446 -0.00853931 0.00188241 0.999528 -0.0306422 0.0086007 0.0306247 0.999494 0.274239 1.32284 0.201759
FixedParameters: 0 0 0

#Transform 162
Transform: AffineTransform_float_3_3
Parameters: 0.999962 -0.00215692 -0.00837132 0.00190606 0.999552 -0.0298671 0.00843267 0.0298499 0.999519 0.246702 1.235 0.188492
FixedParameters: 0 0 0

#Transform 163
Transform: AffineTransform_float_3_3
Parameters: 0.999963 -0.0018336 -0.00847214 0.0015754 0.999535 -0.0304305 0.00852388 0.0304155 0.999501 0.2418 1.34812 0.174342
FixedParameters: 0 0 0

#Transform 164
Transform: AffineTransform_float_3_3
Parameters: 0.999969 -0.00193118 -0.00769091 0.00168282 0.999482 -0.032146 0.0077491 0.0321321 0.999454 0.205714 1.42038 0.10799
FixedParameters: 0 0 0

#Transform 165
Transform: AffineTransform_float_3_3
Parameters: 0.99995 -0.00326355 -0.00943742 0.00297644 0.999535 -0.0303236 0.00953259 0.0302944 0.999495 0.294422 1.2381 0.282341
FixedParameters: 0 0 0

#Transform 166
Transform: AffineTransform_float_3_3
Parameters: 0.999959 -0.00224634 -0.00877063 0.00198667 0.999564 -0.0294676 0.00883236 0.0294484 0.999528 0.240715 1.38764 0.0635915
FixedParameters: 0 0 0

#Transform 167
Transform: AffineTransform_float_3_3
Parameters: 0.999965 -0.00183666 -0.00822367 0.00160533 0.999604 -0.0280882 0.00827234 0.0280738 0.999571 0.230333 1.19671 0.22183
FixedParameters: 0 0 0

#Transform 168
Transform: AffineTransform_float_3_3
Parameters: 0.999968 -0.00242226 -0.00763056 0.00218776 0.99953 -0.0305597 0.00770043 0.0305423 0.999504 0.215433 1.34771 0.226773
FixedParameters: 0 0 0

#Transform 169
Transform: AffineTransform_float_3_3
Parameters: 0.999957 -0.00244866 -0.00893524 0.00217435 0.999528 -0.0306197 0.00900578 0.0305993 0.999491 0.270147 1.29079 0.19116
FixedParameters: 0 0 0

#Transform 170
Transform: AffineTransform_float_3_3
Parameters: 0.999904 -0.00108863 -0.0137619 0.000862394 0.999864 -0.0164624 0.0137771 0.0164496 0.99977 0.435805 0.904884 -0.0895784
FixedParameters: 0 0 0

#Transform 171
Transform: AffineTransform_float_3_3
Parameters: 0.999977 -0.00104357 -0.00661506 0.000951423 0.999902 -0.0139826 0.00662895 0.0139754 0.999881 0.189233 0.728277 -0.111442
FixedParameters: 0 0 0

#Transform 172
Transform: AffineTransform_float_3_3
Parameters: 0.999976 -0.00134433 -0.00676198 0.00116668 0.999653 -0.0263065 0.00679504 0.0262985 0.999631 0.162574 1.36265 -0.221167
FixedParameters: 0 0 0

#Transform 173
Transform: AffineTransform_float_3_3
Parameters: 0.999951 -0.00237579 -0.00954451 0.0021542 0.999729 -0.0231807 0.00959748 0.0231593 0.999685 0.342117 0.952498 0.0734803
FixedParameters: 0 0 0

#Transform 174
Transform: AffineTransform_float_3_3
Parameters: 0.999971 -0.0023497 -0.00724347 0.00214429 0.999598 -0.0282753 0.00730753 0.0282596 0.999574 0.228273 1.34632 0.0203693
FixedParameters: 0 0 0

#Transform 175
Transform: AffineTransform_float_3_3
Parameters: 0.99995 -0.00340681 -0.00938169 0.00314421 0.999606 -0.0278869 0.00947232 0.0278561 0.999567 0.284358 1.28429 0.195133
FixedParameters: 0 0 0

#Transform 176
Transform: AffineTransform_float_3_3
Parameters: 0.999956 -0.00290169 -0.00891076 0.00264634 0.999588 -0.0285728 0.00898925 0.0285482 0.999552 0.265431 1.23874 0.185503
FixedParameters: 0 0 0

#Transform 177
Transform: AffineTransform_float_3_3
Parameters: 0.999946 -0.00303343 -0.00992522 0.00274758 0.999586 -0.0286458 0.0100078 0.0286172 0.999541 0.313505 1.2447 0.276403
FixedParameters: 0 0 0

#Transform 178
Transform: AffineTransform_float_3_3
Parameters: 0.999951 -0.00309432 -0.00932441 0.00280969 0.999536 -0.0303527 0.00941357 0.0303243 0.999496 0.288749 1.26747 0.19182
FixedParameters: 0 0 0

#Transform 179
Transform: AffineTransform_float_3_3
Parameters: 0.999955 -0.00251417 -0.00916206 0.00225183 0.999591 -0.0285139 0.00922994 0.0284921 0.999552 0.246418 1.43232 0.149744
FixedParameters: 0 0 0

#Transform 180
Transform: AffineTransform_float_3_3
Parameters: 0.999955 -0.00274365 -0.00908378 0.00248037 0.999582 -0.0288008 0.0091582 0.0287762 0.999544 0.276732 1.19672 0.118534
FixedParameters: 0 0 0

#Transform 181
Transform: AffineTransform_float_3_3
Parameters: 0.999953 -0.00238981 -0.00932616 0.0020942 0.999499 -0.0316 0.00939684 0.031579 0.999457 0.272159 1.55903 0.166417
FixedParameters: 0 0 0

#Transform 182
Transform: AffineTransform_float_3_3
Parameters: 0.999964 -0.000926599 -0.00836652 0.000656421 0.999482 -0.0321687 0.00839146 0.0321624 0.999448 0.179839 1.6837 0.233387
FixedParameters: 0 0 0

#Transform 183
Transform: AffineTransform_float_3_3
Parameters: 0.999929 -0.00328906 -0.0114396 0.00293695 0.999525 -0.0306578 0.0115344 0.0306212 0.999465 0.355184 1.46828 0.206435
FixedParameters: 0 0 0

#Transform 184
Transform: AffineTransform_float_3_3
Parameters: 0.999947 -0.00280587 -0.00992993 0.00258013 0.99974 -0.0226868 0.00999107 0.0226602 0.999694 0.305213 1.13086 0.0782325
FixedParameters: 0 0 0

#Transform 185
Transform: AffineTransform_float_3_3
Parameters: 0.999968 -0.00303383 -0.00740072 0.00288517 0.999795 -0.020038 0.00746028 0.020016 0.999772 0.254778 1.34898 -0.259377
FixedParameters: 0 0 0

#Transform 186
Transform: AffineTransform_float_3_3
Parameters: 0.999956 -0.00337966 -0.00873919 0.00314632 0.999641 -0.0266136 0.00882681 0.0265853 0.999607 0.277024 1.26155 -0.289796
FixedParameters: 0 0 0

#Transform 187
Transform: AffineTransform_float_3_3
Parameters: 0.999957 -0.00327734 -0.00868474 0.00300666 0.999516 -0.0309594 0.00878225 0.0309326 0.999483 0.277306 1.82893 -0.68334
FixedParameters: 0 0 0

#Transform 188
Transform: AffineTransform_float_3_3
Parameters: 0.999958 -0.00285131 -0.00872496 0.00257969 0.999517 -0.0309508 0.00880903 0.0309272 0.999483 0.277099 1.60606 -0.67159
FixedParameters: 0 0 0

#Transform 189
Transform: AffineTransform_float_3_3
Parameters: 0.999962 -0.00288226 -0.00816069 0.00262172 0.999493 -0.0317256 0.00824829 0.0317024 0.999464 0.270787 1.63031 -0.765029
FixedParameters: 0 0 0

#Transform 190
Transform: AffineTransform_float_3_3
Parameters: 0.99996 -0.0028787 -0.00854198 0.00258329 0.999404 -0.0344294 0.00863603 0.0344055 0.99937 0.26538 1.79629 -0.506265
FixedParameters: 0 0 0

