#Insight Transform File V1.0
#Transform 0
Transform: AffineTransform_float_3_3
Parameters: 1 2.9029e-08 -7.7e-05 2.9029e-08 1 0.000377 7.7e-05 -0.000377 1 -0.0033622 -0.00397483 0.229345
FixedParameters: 0 0 0

#Transform 1
Transform: AffineTransform_float_3_3
Parameters: 1 0.00039513 0.000151662 -0.00039587 0.999999 -0.000856059 -0.000151339 0.00085594 0.999999 0.00971174 0.147374 -0.0179004
FixedParameters: 0 0 0

#Transform 2
Transform: AffineTransform_float_3_3
Parameters: 1 6.963e-08 0.00033 6.963e-08 1 -0.000211 -0.00033 0.000211 1 -0.0063063 0.0031733 -0.0330045
FixedParameters: 0 0 0

#Transform 3
Transform: AffineTransform_float_3_3
Parameters: 1 -0.000196748 0.000650076 0.000196251 1 -0.000386872 -0.000649924 0.000387128 0.999999 0.00617978 0.0319665 -0.0164844
FixedParameters: 0 0 0

#Transform 4
Transform: AffineTransform_float_3_3
Parameters: 1 -0.000584985 0.00028903 0.000585014 1 -5.08309e-05 -0.00028897 5.1169e-05 1 -0.00305659 -0.0780974 -0.029823
FixedParameters: 0 0 0

#Transform 5
Transform: AffineTransform_float_3_3
Parameters: 1 -0.000332004 0.000143992 0.000331996 1 2.50478e-05 -0.000144008 -2.49522e-05 1 -0.00773583 -0.0390573 -0.0168727
FixedParameters: 0 0 0

#Transform 6
Transform: AffineTransform_float_3_3
Parameters: 1 -0.000238965 0.000176047 0.000239035 1 -0.000197958 -0.000176953 0.000197042 1 0.00213144 -0.00464322 -0.0481979
FixedParameters: 0 0 0

#Transform 7
Transform: AffineTransform_float_3_3
Parameters: 1 -0.000158016 0.000159984 0.000158984 1 0.000101025 -0.000160016 -0.000100975 1 -0.00166542 0.0101507 -0.0669196
FixedParameters: 0 0 0

#Transform 8
Transform: AffineTransform_float_3_3
Parameters: 1 -0.000128042 0.000159966 0.000127958 1 0.00026202 -0.000160034 -0.000261979 1 0.00330485 0.0121374 -0.0191278
FixedParameters: 0 0 0

#Transform 9
Transform: AffineTransform_float_3_3
Parameters: 1 -8.09227e-05 -0.00021003 8.10776e-05 1 0.000367983 0.00021097 -0.000368017 1 -0.00246876 -0.0710947 -0.0116101
FixedParameters: 0 0 0

#Transform 10
Transform: AffineTransform_float_3_3
Parameters: 1 1.89395e-05 0.000160007 -1.90605e-05 1 0.000377997 -0.000159993 -0.000378003 1 0.00169997 -0.0971304 -0.00587949
FixedParameters: 0 0 0

#Transform 11
Transform: AffineTransform_float_3_3
Parameters: 1 7.80574e-05 -6.09265e-05 -7.89425e-05 0.999999 0.000942004 6.10744e-05 -0.000941994 0.999999 0.0012232 -0.0903416 -0.00576298
FixedParameters: 0 0 0

#Transform 12
Transform: AffineTransform_float_3_3
Parameters: 1 1.97776e-05 0.000160028 -1.92224e-05 0.999999 0.00139 -0.000159973 -0.00139 0.999999 0.00713036 -0.147018 -0.00188453
FixedParameters: 0 0 0

#Transform 13
Transform: AffineTransform_float_3_3
Parameters: 1 0.000133285 -0.000285867 -0.000132714 0.999999 0.000998037 0.000286132 -0.000997961 0.999999 -0.00264185 -0.064257 0.0033458
FixedParameters: 0 0 0

#Transform 14
Transform: AffineTransform_float_3_3
Parameters: 1 0.000157329 -0.000199742 -0.000156671 0.999998 0.00164403 0.000200258 -0.00164397 0.999998 0.00246622 -0.116917 -0.00102983
FixedParameters: 0 0 0

#Transform 15
Transform: AffineTransform_float_3_3
Parameters: 1 0.000238489 -0.000301614 -0.000238512 0.999998 0.00161907 0.000301387 -0.00161993 0.999998 0.00175437 -0.0986566 0.0209812
FixedParameters: 0 0 0

#Transform 16
Transform: AffineTransform_float_3_3
Parameters: 1 3.93091e-05 -0.000191937 -3.86908e-05 0.999998 0.00161001 0.000192062 -0.00160999 0.999998 0.00856385 -0.108328 0.00881987
FixedParameters: 0 0 0

#Transform 17
Transform: AffineTransform_float_3_3
Parameters: 1 -0.000100627 -0.000191197 0.000101373 0.999998 0.00195398 0.000190802 -0.00195402 0.999998 0.01537 -0.132184 0.0134892
FixedParameters: 0 0 0

#Transform 18
Transform: AffineTransform_float_3_3
Parameters: 1 -0.00025201 5.54538e-06 0.000251991 0.999999 0.001804 -5.4546e-06 -0.001804 0.999999 0.0204673 -0.0652934 0.0190164
FixedParameters: 0 0 0

#Transform 19
Transform: AffineTransform_float_3_3
Parameters: 1 -0.000502301 0.000159054 0.0005017 0.999998 0.00188308 -0.000159945 -0.00188392 0.999998 0.034468 -0.112752 0.0171334
FixedParameters: 0 0 0

#Transform 20
Transform: AffineTransform_float_3_3
Parameters: 1 -0.000191546 0.000278626 0.000190454 0.999998 0.00195705 -0.000279373 -0.00195695 0.999998 0.0329857 -0.12409 -0.00234974
FixedParameters: 0 0 0

#Transform 21
Transform: AffineTransform_float_3_3
Parameters: 1 -0.000459954 -3.46219e-05 0.000459047 0.999999 0.00135198 3.43794e-05 -0.00135202 0.999999 0.0240969 -0.0766148 -0.00486626
FixedParameters: 0 0 0

#Transform 22
Transform: AffineTransform_float_3_3
Parameters: 1 -0.000466145 6.90296e-05 0.000465855 0.999997 0.00208203 -6.997e-05 -0.00208197 0.999998 0.0258222 -0.129675 0.0088628
FixedParameters: 0 0 0

#Transform 23
Transform: AffineTransform_float_3_3
Parameters: 1 -0.000401628 0.000271072 0.000400372 0.999997 0.00231311 -0.000271927 -0.00231289 0.999998 0.0302024 -0.130137 0.0100354
FixedParameters: 0 0 0

#Transform 24
Transform: AffineTransform_float_3_3
Parameters: 1 -0.000531501 0.000204703 0.000531498 0.999997 0.00244211 -0.000206298 -0.00244189 0.999997 0.0185221 -0.0675529 -0.000711191
FixedParameters: 0 0 0

#Transform 25
Transform: AffineTransform_float_3_3
Parameters: 0.999999 -0.000742504 0.000166772 0.000741495 0.999995 0.00300213 -0.000169227 -0.00300188 0.999996 0.0255393 -0.0141585 0.0412106
FixedParameters: 0 0 0

#Transform 26
Transform: AffineTransform_float_3_3
Parameters: 0.999999 -0.000725735 0.000220596 0.000725264 0.999994 0.00331416 -0.000223405 -0.00331384 0.999994 0.0228972 -0.161639 0.0461095
FixedParameters: 0 0 0

#Transform 27
Transform: AffineTransform_float_3_3
Parameters: 0.999999 -0.000804302 0.000392343 0.000802696 0.999994 0.00330632 -0.000395657 -0.00330669 0.999995 0.0248163 -0.129046 0.0480364
FixedParameters: 0 0 0

#Transform 28
Transform: AffineTransform_float_3_3
Parameters: 1 -0.000154713 -8.85031e-05 0.000154288 0.999994 0.00324898 8.84992e-05 -0.00324901 0.999994 0.0248951 -0.0587378 0.0355852
FixedParameters: 0 0 0

#Transform 29
Transform: AffineTransform_float_3_3
Parameters: 1 -0.000298024 0.000367171 0.000296977 0.999996 0.00278511 -0.000367828 -0.00278489 0.999996 0.0458088 -0.0975908 0.0161544
FixedParameters: 0 0 0

#Transform 30
Transform: AffineTransform_float_3_3
Parameters: 1 2.7075e-05 -5.09602e-05 -2.69249e-05 0.999999 0.001472 5.10397e-05 -0.001472 0.999999 0.034285 -0.0521708 -0.0103922
FixedParameters: 0 0 0

#Transform 31
Transform: AffineTransform_float_3_3
Parameters: 1 -0.000290284 0.00055085 0.000289717 1 0.000515159 -0.000550149 -0.00051484 0.999999 0.0287558 0.118071 -0.0862577
FixedParameters: 0 0 0

#Transform 32
Transform: AffineTransform_float_3_3
Parameters: 1 -0.000219381 0.000550848 0.000219619 0.999999 0.000692121 -0.000550152 -0.000691879 0.999999 0.037466 0.0428804 -0.0938472
FixedParameters: 0 0 0

#Transform 33
Transform: AffineTransform_float_3_3
Parameters: 1 -5.72271e-05 0.000495974 5.77728e-05 1 0.000458029 -0.000496026 -0.000457972 1 0.0510066 0.0356053 -0.0834975
FixedParameters: 0 0 0

#Transform 34
Transform: AffineTransform_float_3_3
Parameters: 0.999999 -0.000183747 0.000745816 0.000183252 0.999999 0.00100214 -0.000746184 -0.00100186 0.999999 0.0439347 0.165613 -0.173601
FixedParameters: 0 0 0

#Transform 35
Transform: AffineTransform_float_3_3
Parameters: 1 -0.000245778 0.000584673 0.000245222 0.999999 0.00133114 -0.000584327 -0.00133086 0.999999 0.0340807 0.0683517 -0.175844
FixedParameters: 0 0 0

#Transform 36
Transform: AffineTransform_float_3_3
Parameters: 0.999999 -0.000228788 0.000700743 0.000228211 1 0.00112516 -0.000701257 -0.00112484 0.999999 0.0361979 0.113905 -0.160689
FixedParameters: 0 0 0

#Transform 37
Transform: AffineTransform_float_3_3
Parameters: 1 0.000123869 0.000910155 -0.000125131 0.999999 0.00124289 -0.000909846 -0.00124311 0.999999 0.0445568 0.125926 -0.182381
FixedParameters: 0 0 0

#Transform 38
Transform: AffineTransform_float_3_3
Parameters: 0.999999 -1.66716e-05 0.000909988 1.63284e-05 0.999999 0.000738015 -0.000910012 -0.000737985 1 0.0426391 0.0974944 -0.134781
FixedParameters: 0 0 0

#Transform 39
Transform: AffineTransform_float_3_3
Parameters: 1 -0.00027919 0.000183712 0.000279811 1 0.00103205 -0.000183289 -0.00103195 1 0.0266675 0.10219 -0.204737
FixedParameters: 0 0 0

#Transform 40
Transform: AffineTransform_float_3_3
Parameters: 1 -0.000140134 0.000124849 0.000139867 1 0.00107602 -0.000124151 -0.00107598 1 0.0370268 0.0947054 -0.200161
FixedParameters: 0 0 0

#Transform 41
Transform: AffineTransform_float_3_3
Parameters: 1 0.000269272 0.000335585 -0.000269727 0.999997 0.00217191 -0.000334415 -0.00217209 0.999997 0.0297903 0.0858045 -0.126193
FixedParameters: 0 0 0

#Transform 42
Transform: AffineTransform_float_3_3
Parameters: 1 0.000216417 0.000910859 -0.00021958 0.999992 0.0039358 -0.000909143 -0.0039362 0.999992 0.052427 0.0407465 -0.203315
FixedParameters: 0 0 0

#Transform 43
Transform: AffineTransform_float_3_3
Parameters: 1 0.000368312 0.00109491 -0.000371687 0.999997 0.0024566 -0.00109309 -0.0024564 0.999997 0.0680217 0.0414785 -0.250408
FixedParameters: 0 0 0

#Transform 44
Transform: AffineTransform_float_3_3
Parameters: 0.999998 0.000291223 0.00165367 -0.000294777 0.999998 0.00228352 -0.00165333 -0.00228449 0.999996 0.0667417 0.149031 -0.296653
FixedParameters: 0 0 0

#Transform 45
Transform: AffineTransform_float_3_3
Parameters: 0.999998 -0.000550948 0.00160299 0.000548052 0.999998 0.00183888 -0.00160401 -0.00183812 0.999997 0.0658771 0.0516093 -0.23109
FixedParameters: 0 0 0

#Transform 46
Transform: AffineTransform_float_3_3
Parameters: 0.999999 -0.000127935 0.00134372 0.000125064 0.999997 0.00218417 -0.00134428 -0.00218383 0.999996 0.0555461 0.0616973 -0.254042
FixedParameters: 0 0 0

#Transform 47
Transform: AffineTransform_float_3_3
Parameters: 0.999999 -0.000204872 0.00125653 0.000202129 0.999998 0.00228526 -0.00125646 -0.00228474 0.999996 0.069215 0.0219468 -0.208615
FixedParameters: 0 0 0

#Transform 48
Transform: AffineTransform_float_3_3
Parameters: 0.999999 1.02581e-05 0.00133403 -1.37418e-05 0.999996 0.00280498 -0.00133397 -0.00280502 0.999995 0.0734833 0.0111219 -0.189766
FixedParameters: 0 0 0

#Transform 49
Transform: AffineTransform_float_3_3
Parameters: 1 3.74991e-06 0.00114602 -7.25004e-06 0.999996 0.00283599 -0.00114598 -0.00283601 0.999996 0.0699709 -0.0250862 -0.196972
FixedParameters: 0 0 0

#Transform 50
Transform: AffineTransform_float_3_3
Parameters: 0.999999 0.000110343 0.000890333 -0.000113659 0.999995 0.0029849 -0.000890664 -0.0029851 0.999995 0.0673656 0.0143171 -0.14538
FixedParameters: 0 0 0

#Transform 51
Transform: AffineTransform_float_3_3
Parameters: 0.999999 5.84533e-05 0.000794191 -6.0546e-05 0.999995 0.00320695 -0.000793809 -0.00320705 0.999994 0.0649244 -0.0581873 -0.140176
FixedParameters: 0 0 0

#Transform 52
Transform: AffineTransform_float_3_3
Parameters: 0.999999 8.93984e-05 0.000712331 -9.16003e-05 0.999994 0.00365294 -0.00071167 -0.00365307 0.999993 0.0639956 -0.0450962 -0.12738
FixedParameters: 0 0 0

#Transform 53
Transform: AffineTransform_float_3_3
Parameters: 0.999999 4.04351e-05 0.000807132 -4.35676e-05 0.999995 0.00317796 -0.000807865 -0.00317803 0.999994 0.0650153 -0.0141468 -0.136073
FixedParameters: 0 0 0

#Transform 54
Transform: AffineTransform_float_3_3
Parameters: 1 0.000192367 0.00109547 -0.000194633 0.999997 0.00240479 -0.00109454 -0.00240421 0.999997 0.0444013 -0.00212257 -0.176463
FixedParameters: 0 0 0

#Transform 55
Transform: AffineTransform_float_3_3
Parameters: 1 0.000259531 0.00111281 -0.000262469 0.999995 0.00311771 -0.00111219 -0.00311829 0.999994 0.0516875 -0.059386 -0.108306
FixedParameters: 0 0 0

#Transform 56
Transform: AffineTransform_float_3_3
Parameters: 1 -0.000177097 0.00110451 0.000173902 0.999996 0.0028032 -0.00110549 -0.00280281 0.999996 0.0610635 -0.0466845 -0.0765288
FixedParameters: 0 0 0

#Transform 57
Transform: AffineTransform_float_3_3
Parameters: 0.999999 0.000219109 0.000909458 -0.000220893 0.999998 0.0020808 -0.000909542 -0.0020802 0.999998 0.0497977 0.18324 -0.236995
FixedParameters: 0 0 0

#Transform 58
Transform: AffineTransform_float_3_3
Parameters: 1 4.98366e-05 0.000697084 -5.11632e-05 0.999998 0.00166896 -0.000696916 -0.00166904 0.999999 0.034418 0.194278 -0.280044
FixedParameters: 0 0 0

#Transform 59
Transform: AffineTransform_float_3_3
Parameters: 1 0.000286407 0.00118539 -0.000287593 0.999999 0.00134466 -0.00118462 -0.00134434 0.999999 0.0499124 0.169333 -0.273284
FixedParameters: 0 0 0

#Transform 60
Transform: AffineTransform_float_3_3
Parameters: 0.999999 -0.000200953 0.00123969 0.000199048 0.999998 0.00157525 -0.00123932 -0.00157475 0.999998 0.0445969 0.140908 -0.302834
FixedParameters: 0 0 0

#Transform 61
Transform: AffineTransform_float_3_3
Parameters: 1 0.000131214 0.00120731 -0.000133787 0.999998 0.00230884 -0.0012067 -0.00230816 0.999997 0.0484156 0.063578 -0.24653
FixedParameters: 0 0 0

#Transform 62
Transform: AffineTransform_float_3_3
Parameters: 0.999999 4.68263e-05 0.00132715 -5.11732e-05 0.999995 0.00314494 -0.00132685 -0.00314507 0.999994 0.0431945 -0.0088773 -0.181298
FixedParameters: 0 0 0

#Transform 63
Transform: AffineTransform_float_3_3
Parameters: 1 -0.00019233 0.00110325 0.000187671 0.999993 0.00392321 -0.00110374 -0.00392279 0.999991 0.0514733 0.012088 -0.172708
FixedParameters: 0 0 0

#Transform 64
Transform: AffineTransform_float_3_3
Parameters: 0.999999 -0.000146674 0.00098646 0.000142323 0.999993 0.00372414 -0.000987536 -0.00372386 0.999992 0.0424244 0.0270191 -0.169545
FixedParameters: 0 0 0

#Transform 65
Transform: AffineTransform_float_3_3
Parameters: 0.999999 -0.000129968 0.000949598 0.000127031 0.999995 0.00312412 -0.000950401 -0.00312488 0.999994 0.0402675 0.0875341 -0.165262
FixedParameters: 0 0 0

#Transform 66
Transform: AffineTransform_float_3_3
Parameters: 0.999999 4.75642e-05 0.000832203 -5.1439e-05 0.999992 0.00412896 -0.000832795 -0.00412904 0.999991 0.0367592 -0.0032854 -0.174086
FixedParameters: 0 0 0

#Transform 67
Transform: AffineTransform_float_3_3
Parameters: 1 4.70316e-05 0.000998195 -5.09677e-05 0.999992 0.00397595 -0.000997805 -0.00397605 0.999991 0.040406 -0.0367749 -0.141146
FixedParameters: 0 0 0

#Transform 68
Transform: AffineTransform_float_3_3
Parameters: 1 -4.65309e-05 0.00110582 4.24683e-05 0.999991 0.00409705 -0.00110618 -0.00409695 0.999991 0.0502014 0.0215723 -0.175224
FixedParameters: 0 0 0

#Transform 69
Transform: AffineTransform_float_3_3
Parameters: 0.999999 4.81968e-05 0.000717194 -5.18063e-05 0.999993 0.00390897 -0.000717803 -0.00390904 0.999992 0.0514819 -0.0160569 -0.145758
FixedParameters: 0 0 0

#Transform 70
Transform: AffineTransform_float_3_3
Parameters: 0.999999 4.72649e-05 0.000945194 -5.17342e-05 0.999992 0.00395195 -0.000944802 -0.00395205 0.999991 0.0667706 0.0182106 -0.120563
FixedParameters: 0 0 0

#Transform 71
Transform: AffineTransform_float_3_3
Parameters: 1 4.89737e-05 0.000579175 -5.10256e-05 0.999994 0.00349897 -0.000578825 -0.00349903 0.999993 0.0448622 0.00380314 -0.12978
FixedParameters: 0 0 0

#Transform 72
Transform: AffineTransform_float_3_3
Parameters: 1 0.00024427 0.00047689 -0.000245727 0.999994 0.00363189 -0.000475111 -0.00363212 0.999994 0.0378389 -0.0213706 -0.174883
FixedParameters: 0 0 0

#Transform 73
Transform: AffineTransform_float_3_3
Parameters: 0.999999 0.000386856 0.000666249 -0.000389142 0.999994 0.00321974 -0.00066475 -0.00322026 0.999994 0.0500754 0.0343035 -0.162956
FixedParameters: 0 0 0

#Transform 74
Transform: AffineTransform_float_3_3
Parameters: 0.999999 0.000195399 0.000932761 -0.000199602 0.999992 0.00386181 -0.000932236 -0.00386218 0.999992 0.0442738 0.00655119 -0.17759
FixedParameters: 0 0 0

#Transform 75
Transform: AffineTransform_float_3_3
Parameters: 0.999999 0.000262951 0.000805002 -0.000266049 0.999993 0.00378978 -0.000803997 -0.00379021 0.999992 0.0374255 -0.0286473 -0.141077
FixedParameters: 0 0 0

#Transform 76
Transform: AffineTransform_float_3_3
Parameters: 0.999999 0.000536328 0.000590438 -0.000538674 0.999989 0.00453368 -0.000588564 -0.00453432 0.99999 0.0389878 0.0243276 -0.136206
FixedParameters: 0 0 0

#Transform 77
Transform: AffineTransform_float_3_3
Parameters: 0.999999 0.000526441 0.000579335 -0.000529562 0.99999 0.0044257 -0.000577662 -0.00442631 0.99999 0.0350005 -0.00542116 -0.163991
FixedParameters: 0 0 0

#Transform 78
Transform: AffineTransform_float_3_3
Parameters: 0.999999 0.000486977 0.000702106 -0.000490026 0.99999 0.00431165 -0.000700893 -0.00431234 0.99999 0.0370941 -0.0566118 -0.126975
FixedParameters: 0 0 0

#Transform 79
Transform: AffineTransform_float_3_3
Parameters: 0.999999 0.00053028 0.00066717 -0.000532718 0.999991 0.00408165 -0.000664831 -0.00408235 0.999992 0.024247 0.0886 -0.146474
FixedParameters: 0 0 0

#Transform 80
Transform: AffineTransform_float_3_3
Parameters: 0.999999 0.000271914 0.000964162 -0.000276085 0.999991 0.00423974 -0.000962838 -0.00424027 0.999991 0.0118869 0.0402054 -0.216028
FixedParameters: 0 0 0

#Transform 81
Transform: AffineTransform_float_3_3
Parameters: 0.999999 0.000119187 0.000817565 -0.000122811 0.999989 0.0046659 -0.000816436 -0.0046651 0.999989 0.0224245 -0.00218001 -0.165923
FixedParameters: 0 0 0

#Transform 82
Transform: AffineTransform_float_3_3
Parameters: 0.999999 0.00023515 0.000904275 -0.000239848 0.999985 0.00536678 -0.000902725 -0.00536721 0.999985 0.0295502 -0.0189319 -0.126922
FixedParameters: 0 0 0

#Transform 83
Transform: AffineTransform_float_3_3
Parameters: 1 0.000244115 0.00110686 -0.000247885 0.999994 0.00351073 -0.00110614 -0.00351127 0.999993 0.0332936 0.165381 -0.201363
FixedParameters: 0 0 0

#Transform 84
Transform: AffineTransform_float_3_3
Parameters: 1 -2.77531e-05 0.00103796 2.62468e-05 0.999998 0.00168903 -0.00103805 -0.00168897 0.999998 0.0481715 0.228383 -0.260595
FixedParameters: 0 0 0

#Transform 85
Transform: AffineTransform_float_3_3
Parameters: 1 -0.000174524 0.000674865 0.000173475 0.999999 0.000777117 -0.000675135 -0.000776882 1 0.0566384 0.0228976 -0.227745
FixedParameters: 0 0 0

#Transform 86
Transform: AffineTransform_float_3_3
Parameters: 1 0.0001505 0.00103793 -0.0001505 1 -0.000482157 -0.00103807 0.000481844 1 0.0399205 -0.00331345 -0.20418
FixedParameters: 0 0 0

#Transform 87
Transform: AffineTransform_float_3_3
Parameters: 0.999999 -0.000153323 0.00103137 0.000149674 0.999991 0.00419016 -0.00103264 -0.00418984 0.99999 0.0219246 -0.284123 -0.0522014
FixedParameters: 0 0 0

#Transform 88
Transform: AffineTransform_float_3_3
Parameters: 1 4.26658e-05 8.41703e-05 -4.33336e-05 0.999992 0.003975 -8.38284e-05 -0.003975 0.999992 0.0182278 -0.122373 -0.0282915
FixedParameters: 0 0 0

#Transform 89
Transform: AffineTransform_float_3_3
Parameters: 1 0.000249295 0.00101092 -0.000253706 0.999993 0.00366675 -0.00101008 -0.00366725 0.999993 0.00300986 -0.0137169 -0.0549251
FixedParameters: 0 0 0

#Transform 90
Transform: AffineTransform_float_3_3
Parameters: 1 -8.61618e-05 0.000528652 8.38367e-05 0.999991 0.00408804 -0.000529347 -0.00408795 0.999991 0.0113414 -0.0522253 -0.0598139
FixedParameters: 0 0 0

#Transform 91
Transform: AffineTransform_float_3_3
Parameters: 1 0.000762445 0.000632095 -0.000764556 0.999992 0.00405252 -0.000628906 -0.00405348 0.999991 0.0389804 -0.0459781 -0.0238624
FixedParameters: 0 0 0

#Transform 92
Transform: AffineTransform_float_3_3
Parameters: 1 0.000472487 0.000915822 -0.00047651 0.999993 0.00383957 -0.000913177 -0.00384044 0.999992 0.00979397 0.0611198 -0.038585
FixedParameters: 0 0 0

#Transform 93
Transform: AffineTransform_float_3_3
Parameters: 1 0.000452588 0.000941164 -0.000454411 0.999996 0.00256357 -0.000939839 -0.00256443 0.999997 0.00274637 0.313626 -0.179789
FixedParameters: 0 0 0

#Transform 94
Transform: AffineTransform_float_3_3
Parameters: 0.999999 0.000447579 0.000769998 -0.00045142 0.99999 0.00444765 -0.000767999 -0.00444834 0.99999 -0.00819727 0.0518776 -0.153575
FixedParameters: 0 0 0

#Transform 95
Transform: AffineTransform_float_3_3
Parameters: 1 0.000229044 0.00106008 -0.000233956 0.999989 0.00467776 -0.00105892 -0.00467725 0.999989 0.00482826 0.0531233 -0.123133
FixedParameters: 0 0 0

#Transform 96
Transform: AffineTransform_float_3_3
Parameters: 0.999999 0.00033055 0.000848353 -0.000333453 0.999991 0.00407072 -0.00084765 -0.00407028 0.999992 0.016527 0.117935 -0.15222
FixedParameters: 0 0 0

#Transform 97
Transform: AffineTransform_float_3_3
Parameters: 0.999999 0.000516258 0.00113271 -0.000520743 0.999995 0.00330541 -0.00113128 -0.00330659 0.999994 0.0127567 0.215125 -0.179459
FixedParameters: 0 0 0

#Transform 98
Transform: AffineTransform_float_3_3
Parameters: 0.999998 0.000365661 0.00157225 -0.000371339 0.999994 0.00339742 -0.00157075 -0.00339758 0.999993 0.0344057 0.0844012 -0.179656
FixedParameters: 0 0 0

#Transform 99
Transform: AffineTransform_float_3_3
Parameters: 0.999999 0.000260293 0.00152416 -0.000266706 0.999991 0.0044016 -0.00152284 -0.0044024 0.999989 0.0359259 0.0637956 -0.16432
FixedParameters: 0 0 0

#Transform 100
Transform: AffineTransform_float_3_3
Parameters: 1 9.58755e-05 0.00113445 -0.000101127 0.99999 0.00451789 -0.00113456 -0.00451811 0.999989 0.0255891 0.0708837 -0.140202
FixedParameters: 0 0 0

#Transform 101
Transform: AffineTransform_float_3_3
Parameters: 1 6.61379e-05 0.00118634 -7.28604e-05 0.999988 0.00494192 -0.00118565 -0.00494208 0.999987 0.03832 0.0188877 -0.156335
FixedParameters: 0 0 0

#Transform 102
Transform: AffineTransform_float_3_3
Parameters: 0.999999 0.000693744 0.00128041 -0.000700259 0.999988 0.00489211 -0.00127759 -0.00489289 0.999987 0.0313013 0.080701 -0.172729
FixedParameters: 0 0 0

#Transform 103
Transform: AffineTransform_float_3_3
Parameters: 0.999999 0.000286958 0.00133953 -0.000294044 0.999986 0.00525961 -0.00133847 -0.00526039 0.999986 0.0133988 0.0780824 -0.153947
FixedParameters: 0 0 0

#Transform 104
Transform: AffineTransform_float_3_3
Parameters: 0.999999 0.000379144 0.00151599 -0.000387857 0.999987 0.00518542 -0.00151401 -0.00518558 0.999986 0.0282105 -0.0267424 -0.115425
FixedParameters: 0 0 0

#Transform 105
Transform: AffineTransform_float_3_3
Parameters: 0.999999 7.45992e-05 0.00150438 -8.24036e-05 0.999988 0.00491988 -0.00150461 -0.00492012 0.999987 0.0324053 0.0251173 -0.0910786
FixedParameters: 0 0 0

#Transform 106
Transform: AffineTransform_float_3_3
Parameters: 0.999999 0.000220989 0.00125825 -0.00022801 0.999985 0.00557472 -0.00125675 -0.00557528 0.999983 0.0333297 0.0055192 -0.0895999
FixedParameters: 0 0 0

#Transform 107
Transform: AffineTransform_float_3_3
Parameters: 0.999999 0.000512534 0.00127702 -0.000520466 0.999982 0.00585334 -0.00127398 -0.00585366 0.999982 0.0428394 -0.00387266 -0.0739953
FixedParameters: 0 0 0

#Transform 108
Transform: AffineTransform_float_3_3
Parameters: 0.999999 0.000510698 0.00145031 -0.000520307 0.999979 0.00642126 -0.00144769 -0.00642175 0.999979 0.0403265 0.0262747 -0.112044
FixedParameters: 0 0 0

#Transform 109
Transform: AffineTransform_float_3_3
Parameters: 0.999998 0.000509713 0.00186584 -0.000520288 0.999984 0.00551704 -0.00186316 -0.00551796 0.999983 0.0413691 0.0940143 -0.129424
FixedParameters: 0 0 0

#Transform 110
Transform: AffineTransform_float_3_3
Parameters: 0.999998 0.00050915 0.00196185 -0.000520851 0.999984 0.00553399 -0.00195915 -0.00553501 0.999983 0.0523482 0.0717511 -0.161899
FixedParameters: 0 0 0

#Transform 111
Transform: AffineTransform_float_3_3
Parameters: 0.999999 2.34697e-05 0.00153015 -3.25294e-05 0.999985 0.00557496 -0.00152984 -0.00557505 0.999984 0.0565377 0.00384195 -0.080059
FixedParameters: 0 0 0

#Transform 112
Transform: AffineTransform_float_3_3
Parameters: 0.999998 0.000640454 0.00154756 -0.000649548 0.999984 0.005528 -0.00154443 -0.00552899 0.999983 0.0620633 0.150563 -0.114504
FixedParameters: 0 0 0

#Transform 113
Transform: AffineTransform_float_3_3
Parameters: 0.999998 0.000510009 0.00150742 -0.000519995 0.999978 0.00663522 -0.00150458 -0.00663577 0.999977 0.0584411 -0.0266088 -0.120098
FixedParameters: 0 0 0

#Transform 114
Transform: AffineTransform_float_3_3
Parameters: 0.999997 0.000506135 0.00208142 -0.000520861 0.999977 0.00666593 -0.00207757 -0.00666706 0.999975 0.0750249 0.0653711 -0.106397
FixedParameters: 0 0 0

#Transform 115
Transform: AffineTransform_float_3_3
Parameters: 0.999998 0.000237179 0.00188566 -0.000249823 0.999977 0.00680154 -0.00188434 -0.00680246 0.999975 0.0820489 0.0103394 -0.100105
FixedParameters: 0 0 0

#Transform 116
Transform: AffineTransform_float_3_3
Parameters: 0.999998 9.81392e-05 0.0022387 -0.000112862 0.999978 0.00663877 -0.0022383 -0.00663924 0.999976 0.0901195 0.0183111 -0.106727
FixedParameters: 0 0 0

#Transform 117
Transform: AffineTransform_float_3_3
Parameters: 0.999997 7.97733e-05 0.00218457 -9.3229e-05 0.999979 0.00651281 -0.00218444 -0.00651319 0.999977 0.0898995 0.0591311 -0.102685
FixedParameters: 0 0 0

#Transform 118
Transform: AffineTransform_float_3_3
Parameters: 0.999997 4.98732e-05 0.00242936 -6.51242e-05 0.99998 0.00622686 -0.00242864 -0.00622713 0.999977 0.0917734 0.0443435 -0.115505
FixedParameters: 0 0 0

#Transform 119
Transform: AffineTransform_float_3_3
Parameters: 0.999998 0.000102116 0.00204757 -0.000112882 0.999986 0.00531678 -0.00204643 -0.00531622 0.999984 0.0883854 0.126422 -0.142115
FixedParameters: 0 0 0

#Transform 120
Transform: AffineTransform_float_3_3
Parameters: 0.999998 0.000170247 0.00225416 -0.000185753 0.999978 0.0065466 -0.00225283 -0.0065464 0.999976 0.09597 0.0363138 -0.14005
FixedParameters: 0 0 0

#Transform 121
Transform: AffineTransform_float_3_3
Parameters: 0.999997 5.8562e-05 0.00213344 -7.34346e-05 0.999977 0.00676786 -0.00213255 -0.00676814 0.999975 0.0790728 -0.0473792 -0.0974452
FixedParameters: 0 0 0

#Transform 122
Transform: AffineTransform_float_3_3
Parameters: 0.999997 5.88855e-05 0.00221142 -7.31114e-05 0.999979 0.00638285 -0.00221058 -0.00638314 0.999977 0.0930588 -0.0158182 -0.0617568
FixedParameters: 0 0 0

#Transform 123
Transform: AffineTransform_float_3_3
Parameters: 0.999997 6.4441e-05 0.00237051 -8.1555e-05 0.999975 0.00698582 -0.00236949 -0.00698617 0.999973 0.0958819 0.0465962 -0.117927
FixedParameters: 0 0 0

#Transform 124
Transform: AffineTransform_float_3_3
Parameters: 0.999997 0.000205231 0.00215835 -0.000218765 0.999979 0.00638054 -0.00215665 -0.00638146 0.999978 0.0938904 -0.00947719 -0.0932001
FixedParameters: 0 0 0

#Transform 125
Transform: AffineTransform_float_3_3
Parameters: 0.999998 6.03083e-05 0.00210044 -7.36885e-05 0.999978 0.00651886 -0.00209956 -0.00651914 0.999976 0.087289 0.0609215 -0.113265
FixedParameters: 0 0 0

#Transform 126
Transform: AffineTransform_float_3_3
Parameters: 0.999998 8.16794e-06 0.00197509 -2.08314e-05 0.999979 0.00649697 -0.00197491 -0.00649703 0.999977 0.0888669 0.0775823 -0.149102
FixedParameters: 0 0 0

#Transform 127
Transform: AffineTransform_float_3_3
Parameters: 0.999997 0.000507769 0.00236866 -0.000520235 0.999986 0.00516678 -0.00236634 -0.00516721 0.999984 0.0935612 0.24831 -0.228103
FixedParameters: 0 0 0

#Transform 128
Transform: AffineTransform_float_3_3
Parameters: 0.999997 0.000213814 0.00243329 -0.000228191 0.999983 0.00583146 -0.00243271 -0.00583154 0.99998 0.0819111 0.108644 -0.187473
FixedParameters: 0 0 0

#Transform 129
Transform: AffineTransform_float_3_3
Parameters: 0.999997 -7.2358e-05 0.0023656 5.76392e-05 0.999981 0.00606915 -0.00236639 -0.00606884 0.999979 0.0877505 0.000840511 -0.142675
FixedParameters: 0 0 0

#Transform 130
Transform: AffineTransform_float_3_3
Parameters: 0.999997 0.000100771 0.00236665 -0.000115233 0.999982 0.00601374 -0.00236635 -0.00601326 0.999979 0.0986326 0.0966361 -0.136176
FixedParameters: 0 0 0

#Transform 131
Transform: AffineTransform_float_3_3
Parameters: 0.999997 0.000236768 0.00236747 -0.000251236 0.999982 0.00601342 -0.00236653 -0.00601358 0.999979 0.10884 0.0537084 -0.156515
FixedParameters: 0 0 0

#Transform 132
Transform: AffineTransform_float_3_3
Parameters: 0.999997 0.000258155 0.00236778 -0.000273847 0.999977 0.00669437 -0.00236622 -0.00669463 0.999975 0.112836 -0.0350001 -0.0887907
FixedParameters: 0 0 0

#Transform 133
Transform: AffineTransform_float_3_3
Parameters: 0.999996 2.03017e-05 0.00286817 -3.76971e-05 0.999983 0.00582192 -0.00286783 -0.00582208 0.999979 0.0870114 0.113677 -0.151523
FixedParameters: 0 0 0

#Transform 134
Transform: AffineTransform_float_3_3
Parameters: 0.999997 9.59885e-05 0.00236652 -0.000108013 0.999987 0.00507576 -0.00236648 -0.00507624 0.999985 0.0886364 0.219161 -0.208772
FixedParameters: 0 0 0

#Transform 135
Transform: AffineTransform_float_3_3
Parameters: 0.999997 9.42862e-05 0.00269356 -0.00010871 0.999985 0.00546273 -0.00269245 -0.00546328 0.999982 0.0943972 0.126559 -0.194196
FixedParameters: 0 0 0

#Transform 136
Transform: AffineTransform_float_3_3
Parameters: 0.999997 -2.72914e-05 0.00273689 1.17079e-05 0.999985 0.00558705 -0.00273711 -0.00558695 0.99998 0.0988515 0.11549 -0.20397
FixedParameters: 0 0 0

#Transform 137
Transform: AffineTransform_float_3_3
Parameters: 0.999997 0.000108134 0.00270164 -0.000123867 0.999985 0.00550269 -0.00270136 -0.00550331 0.999981 0.099272 0.111554 -0.161797
FixedParameters: 0 0 0

#Transform 138
Transform: AffineTransform_float_3_3
Parameters: 0.999998 -3.59086e-05 0.00229981 2.00899e-05 0.999976 0.00691707 -0.0023002 -0.00691694 0.999974 0.0997944 0.0223282 -0.131036
FixedParameters: 0 0 0

#Transform 139
Transform: AffineTransform_float_3_3
Parameters: 0.999998 0.000505791 0.00200564 -0.000520211 0.999974 0.00708997 -0.00200236 -0.00709103 0.999973 0.0955302 0.0365246 -0.126905
FixedParameters: 0 0 0

#Transform 140
Transform: AffineTransform_float_3_3
Parameters: 0.999997 0.000508014 0.00208795 -0.000519986 0.999984 0.00574393 -0.00208505 -0.00574508 0.999982 0.103397 0.162137 -0.0810268
FixedParameters: 0 0 0

#Transform 141
Transform: AffineTransform_float_3_3
Parameters: 0.999998 0.000760826 0.00211652 -0.00077617 0.999974 0.00717737 -0.00211048 -0.00717962 0.999972 0.0984386 -0.0581949 -0.0988956
FixedParameters: 0 0 0

#Transform 142
Transform: AffineTransform_float_3_3
Parameters: 0.999998 0.00050446 0.00222259 -0.000520543 0.999976 0.00699686 -0.00221941 -0.00699814 0.999973 0.10166 0.0201592 -0.0684263
FixedParameters: 0 0 0

#Transform 143
Transform: AffineTransform_float_3_3
Parameters: 0.999998 0.000326029 0.00189646 -0.000339975 0.999973 0.00737137 -0.00189455 -0.00737163 0.999971 0.0890479 0.0416437 -0.0725414
FixedParameters: 0 0 0

#Transform 144
Transform: AffineTransform_float_3_3
Parameters: 0.999998 0.000506947 0.0018616 -0.000520056 0.999975 0.00701804 -0.0018584 -0.00701895 0.999973 0.0963315 0.0265892 -0.108178
FixedParameters: 0 0 0

#Transform 145
Transform: AffineTransform_float_3_3
Parameters: 0.999998 0.000506654 0.00183673 -0.000520348 0.999974 0.00727306 -0.00183326 -0.00727394 0.999972 0.0878553 0.0524642 -0.142366
FixedParameters: 0 0 0

#Transform 146
Transform: AffineTransform_float_3_3
Parameters: 0.999998 0.000317048 0.00170646 -0.000329949 0.999971 0.00759545 -0.00170354 -0.00759555 0.999969 0.0765556 0.0137801 -0.153186
FixedParameters: 0 0 0

#Transform 147
Transform: AffineTransform_float_3_3
Parameters: 0.999998 -9.95082e-05 0.00168631 8.64937e-05 0.999972 0.00741615 -0.00168669 -0.00741584 0.999971 0.0772828 0.0481671 -0.12924
FixedParameters: 0 0 0

#Transform 148
Transform: AffineTransform_float_3_3
Parameters: 0.999998 0.000277795 0.00166808 -0.000290205 0.999973 0.00732153 -0.00166592 -0.00732147 0.999972 0.0858955 -0.00793595 -0.123563
FixedParameters: 0 0 0

#Transform 149
Transform: AffineTransform_float_3_3
Parameters: 0.999999 2.88224e-05 0.00179224 -4.11759e-05 0.999977 0.00679494 -0.00179176 -0.00679506 0.999976 0.080879 0.0925681 -0.139447
FixedParameters: 0 0 0

#Transform 150
Transform: AffineTransform_float_3_3
Parameters: 0.999998 8.35732e-05 0.00192653 -9.44235e-05 0.999983 0.00593183 -0.00192547 -0.00593217 0.99998 0.0736602 0.190596 -0.226961
FixedParameters: 0 0 0

#Transform 151
Transform: AffineTransform_float_3_3
Parameters: 0.999997 -3.87921e-05 0.00247382 2.52123e-05 0.999985 0.00557508 -0.00247318 -0.00557493 0.999982 0.0795635 0.191583 -0.22339
FixedParameters: 0 0 0

#Transform 152
Transform: AffineTransform_float_3_3
Parameters: 0.999997 2.7546e-05 0.0024742 -4.14526e-05 0.999983 0.00584191 -0.0024738 -0.00584208 0.99998 0.092492 0.14588 -0.238989
FixedParameters: 0 0 0

#Transform 153
Transform: AffineTransform_float_3_3
Parameters: 0.999997 -0.000140064 0.00247319 0.000124936 0.999982 0.00609033 -0.00247381 -0.00608968 0.999979 0.0882958 0.104541 -0.208918
FixedParameters: 0 0 0

#Transform 154
Transform: AffineTransform_float_3_3
Parameters: 0.999997 -3.67446e-05 0.00247383 2.12602e-05 0.999982 0.00596007 -0.00247317 -0.00595993 0.999979 0.101724 0.126501 -0.1914
FixedParameters: 0 0 0

#Transform 155
Transform: AffineTransform_float_3_3
Parameters: 0.999996 3.93236e-05 0.0028333 -5.66741e-05 0.99998 0.00623886 -0.0028327 -0.00623913 0.999976 0.0917215 0.0671148 -0.197682
FixedParameters: 0 0 0

#Transform 156
Transform: AffineTransform_float_3_3
Parameters: 0.999998 2.1903e-05 0.0022792 -3.71022e-05 0.999978 0.00662394 -0.00227981 -0.00662407 0.999976 0.0899734 0.0827367 -0.191659
FixedParameters: 0 0 0

#Transform 157
Transform: AffineTransform_float_3_3
Parameters: 0.999997 -0.000187469 0.00238898 0.000174532 0.999984 0.00563644 -0.00239002 -0.00563657 0.999982 0.076278 0.173607 -0.181179
FixedParameters: 0 0 0

#Transform 158
Transform: AffineTransform_float_3_3
Parameters: 0.999997 -0.000125002 0.00217634 0.000112999 0.999985 0.00551426 -0.00217666 -0.00551374 0.999983 0.0836507 0.191865 -0.229261
FixedParameters: 0 0 0

#Transform 159
Transform: AffineTransform_float_3_3
Parameters: 0.999997 0.000158652 0.00247496 -0.000173349 0.999983 0.00579859 -0.00247404 -0.00579841 0.99998 0.0953323 0.14793 -0.272848
FixedParameters: 0 0 0

#Transform 160
Transform: AffineTransform_float_3_3
Parameters: 0.999996 1.03183e-05 0.00288711 -2.76866e-05 0.999984 0.00577795 -0.00288789 -0.00577806 0.999979 0.08735 0.148653 -0.230858
FixedParameters: 0 0 0

#Transform 161
Transform: AffineTransform_float_3_3
Parameters: 0.999996 -0.00012223 0.0027973 0.000105767 0.999981 0.00615832 -0.00279871 -0.00615868 0.999977 0.0841615 0.0868019 -0.163638
FixedParameters: 0 0 0

#Transform 162
Transform: AffineTransform_float_3_3
Parameters: 0.999996 -1.56692e-05 0.00260795 -1.66961e-06 0.999977 0.00677502 -0.00260805 -0.00677498 0.999973 0.0823353 0.0603996 -0.138381
FixedParameters: 0 0 0

#Transform 163
Transform: AffineTransform_float_3_3
Parameters: 0.999997 0.000137454 0.00247697 -0.000153545 0.999977 0.00668064 -0.00247603 -0.00668136 0.999974 0.0657079 0.0754869 -0.126702
FixedParameters: 0 0 0

#Transform 164
Transform: AffineTransform_float_3_3
Parameters: 0.999998 -0.000115952 0.00204206 9.80394e-05 0.999962 0.00878922 -0.00204394 -0.00878879 0.99996 0.0761471 -0.0109798 -0.10919
FixedParameters: 0 0 0

#Transform 165
Transform: AffineTransform_float_3_3
Parameters: 0.999997 3.52936e-05 0.00219833 -5.17135e-05 0.999971 0.0076009 -0.00219867 -0.00760009 0.999968 0.0644268 0.217678 -0.156645
FixedParameters: 0 0 0

#Transform 166
Transform: AffineTransform_float_3_3
Parameters: 0.999997 4.53884e-05 0.00239232 -5.96118e-05 0.999982 0.00610888 -0.00239168 -0.00610813 0.999979 0.0831822 0.356765 -0.258093
FixedParameters: 0 0 0

#Transform 167
Transform: AffineTransform_float_3_3
Parameters: 0.999998 -7.36263e-05 0.00231351 5.53696e-05 0.999971 0.00761815 -0.00231449 -0.00761785 0.999969 0.0736756 -0.0999714 -0.135234
FixedParameters: 0 0 0

#Transform 168
Transform: AffineTransform_float_3_3
Parameters: 0.999997 -7.50303e-05 0.0023646 6.0967e-05 0.999983 0.00593316 -0.0023654 -0.00593284 0.999979 0.0644043 0.152398 -0.187808
FixedParameters: 0 0 0

#Transform 169
Transform: AffineTransform_float_3_3
Parameters: 0.999996 -4.37955e-05 0.00303779 2.42029e-05 0.999981 0.0061871 -0.00303821 -0.0061869 0.999976 0.0724521 0.156335 -0.193035
FixedParameters: 0 0 0

#Transform 170
Transform: AffineTransform_float_3_3
Parameters: 1 -7.10967e-05 0.00108556 6.39003e-05 0.999978 0.00653607 -0.00108644 -0.00653592 0.999978 0.0707722 0.110654 -0.218394
FixedParameters: 0 0 0

#Transform 171
Transform: AffineTransform_float_3_3
Parameters: 0.999997 1.3475e-05 0.00240514 -2.8524e-05 0.999979 0.00645495 -0.00240487 -0.00645505 0.999977 0.0633819 0.0962138 -0.202601
FixedParameters: 0 0 0

#Transform 172
Transform: AffineTransform_float_3_3
Parameters: 0.999997 3.3893e-05 0.00215125 -4.71053e-05 0.999982 0.00609292 -0.00215075 -0.00609309 0.999979 0.0783984 0.13957 -0.193669
FixedParameters: 0 0 0

#Transform 173
Transform: AffineTransform_float_3_3
Parameters: 0.999998 8.14403e-05 0.00206153 -9.4562e-05 0.999981 0.00609282 -0.00206146 -0.00609318 0.99998 0.0764142 0.0570294 -0.188471
FixedParameters: 0 0 0

#Transform 174
Transform: AffineTransform_float_3_3
Parameters: 0.999996 0.000319712 0.00253171 -0.000333285 0.999986 0.00525017 -0.00252928 -0.00525083 0.999983 0.0835346 0.198696 -0.204964
FixedParameters: 0 0 0

#Transform 175
Transform: AffineTransform_float_3_3
Parameters: 0.999997 4.06766e-05 0.00253027 -5.53215e-05 0.999984 0.00566088 -0.00252973 -0.00566112 0.999981 0.0861807 0.15978 -0.219799
FixedParameters: 0 0 0

#Transform 176
Transform: AffineTransform_float_3_3
Parameters: 0.999998 7.76881e-05 0.00225654 -9.23081e-05 0.99998 0.00634281 -0.00225546 -0.00634319 0.999978 0.0660439 0.0998823 -0.176858
FixedParameters: 0 0 0

#Transform 177
Transform: AffineTransform_float_3_3
Parameters: 0.999998 9.16263e-05 0.00188364 -0.000103369 0.999979 0.00656982 -0.00188236 -0.00657018 0.999976 0.0597353 0.121251 -0.135969
FixedParameters: 0 0 0

#Transform 178
Transform: AffineTransform_float_3_3
Parameters: 0.999998 0.000145251 0.00187003 -0.000157748 0.999976 0.00681872 -0.00186897 -0.00681928 0.999975 0.066368 0.0542862 -0.138512
FixedParameters: 0 0 0

#Transform 179
Transform: AffineTransform_float_3_3
Parameters: 0.999998 0.000232175 0.00164157 -0.00024282 0.999978 0.00659661 -0.00163943 -0.00659739 0.999977 0.063941 0.128105 -0.195241
FixedParameters: 0 0 0

#Transform 180
Transform: AffineTransform_float_3_3
Parameters: 0.999998 0.000134859 0.00206269 -0.000145144 0.999988 0.00491771 -0.00206231 -0.00491729 0.999986 0.0600645 0.181783 -0.209665
FixedParameters: 0 0 0

#Transform 181
Transform: AffineTransform_float_3_3
Parameters: 0.999997 0.00050764 0.00206508 -0.000520359 0.999982 0.00598894 -0.00206192 -0.00599006 0.99998 0.0700853 0.130871 -0.167226
FixedParameters: 0 0 0

#Transform 182
Transform: AffineTransform_float_3_3
Parameters: 0.999999 0.000509045 0.00174623 -0.000519954 0.99998 0.0062791 -0.00174277 -0.0062799 0.999979 0.0644962 0.114757 -0.190577
FixedParameters: 0 0 0

#Transform 183
Transform: AffineTransform_float_3_3
Parameters: 0.999998 0.000373452 0.0020645 -0.000387552 0.999979 0.00656622 -0.0020625 -0.00656679 0.999977 0.0697502 0.117826 -0.201797
FixedParameters: 0 0 0

#Transform 184
Transform: AffineTransform_float_3_3
Parameters: 0.999997 0.000236226 0.00251963 -0.000253775 0.999978 0.00665838 -0.00251836 -0.00665961 0.999974 0.0785045 0.100548 -0.166307
FixedParameters: 0 0 0

#Transform 185
Transform: AffineTransform_float_3_3
Parameters: 0.999996 0.000224689 0.00255068 -0.000242308 0.999974 0.00718141 -0.00254832 -0.0071816 0.999971 0.0925277 0.0631251 -0.140876
FixedParameters: 0 0 0

#Transform 186
Transform: AffineTransform_float_3_3
Parameters: 0.999997 0.000501533 0.00238396 -0.000520459 0.99997 0.00775178 -0.00237904 -0.00775322 0.999967 0.0837213 0.012093 -0.117762
FixedParameters: 0 0 0

#Transform 187
Transform: AffineTransform_float_3_3
Parameters: 0.999999 0.000508891 0.00166144 -0.000520107 0.999977 0.00669314 -0.00165756 -0.00669385 0.999976 0.0672673 0.186907 -0.143557
FixedParameters: 0 0 0

#Transform 188
Transform: AffineTransform_float_3_3
