# transform file /out/sourcedata/freesurfer/sub-v1s23x0050557_ses-1/mri/transforms/cc_up.lta
# created by oesteban on Wed Mar 11 22:08:58 2026

type      = 0 # LINEAR_VOX_TO_VOX
nxforms   = 1
mean      = 126.0000 113.0000 118.0000
sigma     = 10000.0000
1 4 4
9.960685372352600e-01 -2.055001631379128e-02 -8.616938441991806e-02 1.402905178070068e+01 
2.047354914247990e-02 9.997888207435608e-01 -1.771156326867640e-03 2.965767860412598e+01 
8.618758618831635e-02 -1.164153218269348e-10 9.962789416313171e-01 6.639597892761230e+00 
0.000000000000000e+00 0.000000000000000e+00 0.000000000000000e+00 1.000000000000000e+00 
src volume info
valid = 1  # volume info valid
filename = /out/sourcedata/freesurfer/sub-v1s23x0050557_ses-1/mri/norm.mgz
volume = 256 256 256
voxelsize = 1.000000000000000e+00 1.000000000000000e+00 1.000000000000000e+00
xras   = -1.000000000000000e+00 0.000000000000000e+00 0.000000000000000e+00
yras   = 0.000000000000000e+00 0.000000000000000e+00 -1.000000000000000e+00
zras   = 0.000000000000000e+00 1.000000000000000e+00 0.000000000000000e+00
cras   = 5.538493347167969e+01 -3.952842712402344e+01 5.108618164062500e+01
dst volume info
valid = 1  # volume info valid
filename = /out/sourcedata/freesurfer/sub-v1s23x0050557_ses-1/mri/norm.mgz
volume = 256 256 256
voxelsize = 1.000000000000000e+00 1.000000000000000e+00 1.000000000000000e+00
xras   = -1.000000000000000e+00 0.000000000000000e+00 0.000000000000000e+00
yras   = 0.000000000000000e+00 0.000000000000000e+00 -1.000000000000000e+00
zras   = 0.000000000000000e+00 1.000000000000000e+00 0.000000000000000e+00
cras   = 5.538493347167969e+01 -3.952842712402344e+01 5.108618164062500e+01
