#Insight Transform File V1.0
#Transform 0
Transform: AffineTransform_float_3_3
Parameters: 0.999999 -4.51059e-05 0.00142009 4.78952e-05 0.999998 -0.00203893 -0.00141991 0.00203807 0.999997 -0.00660431 -0.0420733 0.413708
FixedParameters: 0 0 0

#Transform 1
Transform: AffineTransform_float_3_3
Parameters: 1 0.000257335 0.000349754 -0.000257665 1 -0.000958091 -0.000350247 0.000957911 1 -0.0104615 0.0576517 -0.0491096
FixedParameters: 0 0 0

#Transform 2
Transform: AffineTransform_float_3_3
Parameters: 1 -2.72e-08 0.000136 -2.72e-08 1 0.0002 -0.000136 -0.0002 1 0.0105453 -0.0337552 -0.069363
FixedParameters: 0 0 0

#Transform 3
Transform: AffineTransform_float_3_3
Parameters: 1 -0.00012004 0.000557991 0.00011996 1 7.10669e-05 -0.000558008 -7.0933e-05 1 0.0174459 -0.0136174 -0.0409878
FixedParameters: 0 0 0

#Transform 4
Transform: AffineTransform_float_3_3
Parameters: 1 -3.5778e-08 0.000267 -3.5778e-08 1 0.000134 -0.000267 -0.000134 1 0.0182051 0.0542662 -0.0585745
FixedParameters: 0 0 0

#Transform 5
Transform: AffineTransform_float_3_3
Parameters: 1 -5.51003e-05 0.000135959 5.48996e-05 0.999999 0.000738007 -0.000136041 -0.000737992 0.999999 0.0285326 -0.0490557 -0.043573
FixedParameters: 0 0 0

#Transform 6
Transform: AffineTransform_float_3_3
Parameters: 1 -6.2152e-08 0.000136 -6.2152e-08 1 0.000457 -0.000136 -0.000457 1 0.02693 0.0305225 -0.0204563
FixedParameters: 0 0 0

#Transform 7
Transform: AffineTransform_float_3_3
Parameters: 1 -4.017e-08 0.000195 -4.017e-08 1 0.000206 -0.000195 -0.000206 1 0.0158903 0.00898265 -0.0543615
FixedParameters: 0 0 0

#Transform 8
Transform: AffineTransform_float_3_3
Parameters: 1 -7.9704e-08 0.000243 -7.9704e-08 1 0.000328 -0.000243 -0.000328 1 0.0152543 -0.0634096 -0.0158855
FixedParameters: 0 0 0

#Transform 9
Transform: AffineTransform_float_3_3
Parameters: 1 0.000120892 0.000136096 -0.000121107 0.999999 0.000789983 -0.000135904 -0.000790016 0.999999 0.0213444 0.0737652 -0.0442151
FixedParameters: 0 0 0

#Transform 10
Transform: AffineTransform_float_3_3
Parameters: 1 5.49265e-05 0.00013603 -5.50734e-05 1 0.000539992 -0.00013597 -0.000540007 1 0.0133591 -0.0437432 -0.0235203
FixedParameters: 0 0 0

#Transform 11
Transform: AffineTransform_float_3_3
Parameters: 1 -2.093e-09 2.3e-05 -2.093e-09 1 9.1e-05 -2.3e-05 -9.1e-05 1 0.0136991 -0.029567 -0.00691261
FixedParameters: 0 0 0

#Transform 12
Transform: AffineTransform_float_3_3
Parameters: 1 -1.3192e-08 0.000136 -1.3192e-08 1 9.7e-05 -0.000136 -9.7e-05 1 0.0164962 0.0236616 -0.0116745
FixedParameters: 0 0 0

#Transform 13
Transform: AffineTransform_float_3_3
Parameters: 1 1.0105e-08 -4.7e-05 1.0105e-08 1 0.000215 4.7e-05 -0.000215 1 0.0083793 -0.0783746 -0.00315555
FixedParameters: 0 0 0

#Transform 14
Transform: AffineTransform_float_3_3
Parameters: 1 8.2144e-08 0.000136 8.2144e-08 1 -0.000604 -0.000136 0.000604 1 0.00286402 -0.0212361 0.00930307
FixedParameters: 0 0 0

#Transform 15
Transform: AffineTransform_float_3_3
Parameters: 1 0.000160002 -3.69917e-05 -0.000159998 1 5.20059e-05 3.70083e-05 -5.19941e-05 1 0.01198 0.00896249 0.000343131
FixedParameters: 0 0 0

#Transform 16
Transform: AffineTransform_float_3_3
Parameters: 1 0.000204953 0.000136071 -0.000205047 1 0.000347972 -0.000135929 -0.000348028 1 0.0101578 -0.0735238 0.0021976
FixedParameters: 0 0 0

#Transform 17
Transform: AffineTransform_float_3_3
Parameters: 1 0.000153041 0.000135953 -0.000152958 1 -0.000305021 -0.000136047 0.000304979 1 0.0139726 -0.00960608 0.000242475
FixedParameters: 0 0 0

#Transform 18
Transform: AffineTransform_float_3_3
Parameters: 1 0.00027902 0.000135959 -0.00027898 1 -0.000148038 -0.000136041 0.000147962 1 0.0162474 0.0273858 -0.00698233
FixedParameters: 0 0 0

#Transform 19
Transform: AffineTransform_float_3_3
Parameters: 1 0.000374005 -4.39615e-05 -0.000373996 1 0.000103016 4.30389e-05 -0.000103984 1 0.0133053 -0.0987261 0.0217666
FixedParameters: 0 0 0

#Transform 20
Transform: AffineTransform_float_3_3
Parameters: 1 0.00034502 0.000163958 -0.00034498 1 -0.000122057 -0.000164042 0.000121943 1 0.00752458 0.0315765 -0.00516226
FixedParameters: 0 0 0

#Transform 21
Transform: AffineTransform_float_3_3
Parameters: 1 -6.7896e-08 0.000164 -6.7896e-08 1 0.000414 -0.000164 -0.000414 1 0.0225707 -0.0851883 -0.00658371
FixedParameters: 0 0 0

#Transform 22
Transform: AffineTransform_float_3_3
Parameters: 1 7.0112e-08 0.000224 7.0112e-08 1 -0.000313 -0.000224 0.000313 1 0.0179239 -0.00937827 -0.00618314
FixedParameters: 0 0 0

#Transform 23
Transform: AffineTransform_float_3_3
Parameters: 1 0.000238883 0.000313089 -0.000239116 1 0.000371925 -0.000312911 -0.000372075 1 0.0459389 -0.0375954 -0.0010125
FixedParameters: 0 0 0

#Transform 24
Transform: AffineTransform_float_3_3
Parameters: 1 9.64194e-05 0.00104596 -9.55805e-05 1 -0.0004011 -0.00104604 0.000400899 1 0.0483058 -0.086451 -0.0164047
FixedParameters: 0 0 0

#Transform 25
Transform: AffineTransform_float_3_3
Parameters: 1 2.5047e-08 9.9e-05 2.5047e-08 1 -0.000253 -9.9e-05 0.000253 1 0.0283892 -0.133034 0.057661
FixedParameters: 0 0 0

#Transform 26
Transform: AffineTransform_float_3_3
Parameters: 1 0.000240932 0.000399041 -0.000241068 1 0.000170904 -0.000398959 -0.000171096 1 0.0211448 0.0598411 -0.015798
FixedParameters: 0 0 0

#Transform 27
Transform: AffineTransform_float_3_3
Parameters: 1 0.000191067 0.000295956 -0.000190932 1 -0.000228056 -0.000296043 0.000227943 1 0.0129936 -0.0886223 0.00592945
FixedParameters: 0 0 0

#Transform 28
Transform: AffineTransform_float_3_3
Parameters: 1 0.000292001 -5.93956e-06 -0.000291999 1 0.000207002 6.06044e-06 -0.000206998 1 0.0165475 0.0213826 -0.00575658
FixedParameters: 0 0 0

#Transform 29
Transform: AffineTransform_float_3_3
Parameters: 1 0.000189982 5.00695e-05 -0.000190018 1 0.00036599 -4.99305e-05 -0.000366009 1 0.0220353 -0.0573661 -0.0106743
FixedParameters: 0 0 0

#Transform 30
Transform: AffineTransform_float_3_3
Parameters: 1 0.000498856 0.000399179 -0.000499143 1 0.000358801 -0.000398821 -0.000359199 1 -0.00636404 -0.0885175 0.0182028
FixedParameters: 0 0 0

#Transform 31
Transform: AffineTransform_float_3_3
Parameters: 1 0.00103995 -8.7624e-05 -0.00104005 1 -0.000599909 8.7376e-05 0.000600091 1 -0.0436008 -0.0138272 -0.0115437
FixedParameters: 0 0 0

#Transform 32
Transform: AffineTransform_float_3_3
Parameters: 0.999999 0.000831977 -0.00013614 -0.000832022 0.999999 -0.000167887 0.00013586 0.000168113 1 -0.0231081 -0.106014 0.0227978
FixedParameters: 0 0 0

#Transform 33
Transform: AffineTransform_float_3_3
Parameters: 0.999999 0.000825985 -0.000103117 -0.000826014 0.999999 -0.000141915 0.000102883 0.000142085 1 -0.0206914 -0.067413 0.0285477
FixedParameters: 0 0 0

#Transform 34
Transform: AffineTransform_float_3_3
Parameters: 0.999999 0.000825959 0.000245137 -0.00082604 0.999999 0.000165798 -0.000244864 -0.000165202 1 -0.0080915 -0.0294427 -0.00485259
FixedParameters: 0 0 0

#Transform 35
Transform: AffineTransform_float_3_3
Parameters: 0.999999 0.000707783 0.00066223 -0.000707215 0.999999 0.000325532 -0.000661769 -0.000326468 0.999999 0.00896508 -0.123278 0.00931695
FixedParameters: 0 0 0

#Transform 36
Transform: AffineTransform_float_3_3
Parameters: 1 0.000520054 0.000911969 -0.000519946 1 -5.94742e-05 -0.000912031 5.85257e-05 0.999999 0.0173452 0.000364879 -0.0022356
FixedParameters: 0 0 0

#Transform 37
Transform: AffineTransform_float_3_3
Parameters: 1 0.000532753 0.000448293 -0.000533246 0.999999 0.000550761 -0.000447706 -0.000551238 0.999999 0.0160897 -0.0771837 -0.00845379
FixedParameters: 0 0 0

#Transform 38
Transform: AffineTransform_float_3_3
Parameters: 0.999999 0.000418129 0.000661918 -0.000417871 1 -0.000195277 -0.000662081 0.000194723 1 0.0335838 -0.0615173 -0.0119651
FixedParameters: 0 0 0

#Transform 39
Transform: AffineTransform_float_3_3
Parameters: 1 0.000538936 0.000246139 -0.000538063 1 0.000257868 -0.000245861 -0.000258132 1 0.0289163 -0.00352868 -0.0152605
FixedParameters: 0 0 0

#Transform 40
Transform: AffineTransform_float_3_3
Parameters: 1 0.000608772 0.000248558 -0.000609227 1 0.00091685 -0.000247441 -0.000917152 1 0.0151859 -0.104219 -0.00509391
FixedParameters: 0 0 0

#Transform 41
Transform: AffineTransform_float_3_3
Parameters: 1 0.000409945 0.000412055 -0.000410055 1 0.000133831 -0.000411945 -0.000134169 1 0.0202606 -0.00665612 0.00464991
FixedParameters: 0 0 0

#Transform 42
Transform: AffineTransform_float_3_3
Parameters: 1 0.000553568 0.0003996 -0.000553432 1 0.00108278 -0.000398401 -0.00108322 1 0.0220445 -0.107778 0.00852309
FixedParameters: 0 0 0

#Transform 43
Transform: AffineTransform_float_3_3
Parameters: 0.999999 0.000500767 0.000662176 -0.000500233 1 0.000351669 -0.000661824 -0.000351331 0.999999 0.0272992 -0.0415975 0.00952024
FixedParameters: 0 0 0

#Transform 44
Transform: AffineTransform_float_3_3
Parameters: 1 0.000400972 8.01411e-05 -0.000401028 1 0.000351968 -7.98588e-05 -0.000352032 1 0.0230981 -0.0269791 -0.0152433
FixedParameters: 0 0 0

#Transform 45
Transform: AffineTransform_float_3_3
Parameters: 0.999999 0.000480641 0.000551313 -0.000481359 0.999999 0.000650734 -0.000551686 -0.000651265 0.999999 0.0336666 -0.0988824 0.0149443
FixedParameters: 0 0 0

#Transform 46
Transform: AffineTransform_float_3_3
Parameters: 1 0.000403834 0.00037318 -0.000404166 1 0.000444849 -0.00037282 -0.00044515 1 0.0290752 -0.00121657 -0.00241473
FixedParameters: 0 0 0

#Transform 47
Transform: AffineTransform_float_3_3
Parameters: 0.999999 0.00082574 0.000281763 -0.00082526 0.999999 0.000923768 -0.000281237 -0.000924232 0.999999 0.0117556 -0.123848 0.0320233
FixedParameters: 0 0 0

#Transform 48
Transform: AffineTransform_float_3_3
Parameters: 0.999999 0.000825941 0.000373129 -0.000826058 0.999999 0.000156692 -0.00037287 -0.000157308 1 0.00748091 0.00121423 0.00806978
FixedParameters: 0 0 0

#Transform 49
Transform: AffineTransform_float_3_3
Parameters: 0.999999 0.000825708 0.000241002 -0.000825292 0.999999 0.0012138 -0.000239998 -0.0012142 0.999999 -0.00451157 -0.0750586 0.0216829
FixedParameters: 0 0 0

#Transform 50
Transform: AffineTransform_float_3_3
Parameters: 0.999999 0.000669737 0.00037347 -0.000670261 0.999999 0.000701749 -0.000372529 -0.000702249 0.999999 0.0123606 -0.0710861 0.0349435
FixedParameters: 0 0 0

#Transform 51
Transform: AffineTransform_float_3_3
Parameters: 1 0.000549918 0.000117385 -0.000550081 0.999999 0.000699935 -0.000116615 -0.000700064 0.999999 0.0238121 -0.00918532 -0.0201262
FixedParameters: 0 0 0

#Transform 52
Transform: AffineTransform_float_3_3
Parameters: 0.999999 0.000825562 0.000373968 -0.000825438 0.999999 0.00117269 -0.000373033 -0.00117231 0.999999 0.0249849 -0.10165 0.0293022
FixedParameters: 0 0 0

#Transform 53
Transform: AffineTransform_float_3_3
Parameters: 0.999999 0.000608727 0.000373444 -0.000609272 0.999999 0.000729772 -0.000372555 -0.000730226 0.999999 0.0299864 0.00198726 0.0127942
FixedParameters: 0 0 0

#Transform 54
Transform: AffineTransform_float_3_3
Parameters: 0.999999 0.000682706 0.000311645 -0.000683295 1 0.000944788 -0.000311354 -0.000945214 1 0.021615 -0.143404 0.0533826
FixedParameters: 0 0 0

#Transform 55
Transform: AffineTransform_float_3_3
Parameters: 1 0.000574727 0.000373419 -0.000575272 0.999999 0.000729785 -0.00037258 -0.000730214 0.999999 0.0232426 -0.0403335 0.0363366
FixedParameters: 0 0 0

#Transform 56
Transform: AffineTransform_float_3_3
Parameters: 0.999999 0.000825833 0.000373367 -0.000826165 0.999999 0.000444691 -0.000372632 -0.000445308 1 0.00743191 -0.041058 -0.00288892
FixedParameters: 0 0 0

#Transform 57
Transform: AffineTransform_float_3_3
Parameters: 0.999999 0.000771621 0.000230274 -0.000772379 0.999999 0.00165082 -0.000228725 -0.00165118 0.999998 0.010227 -0.103443 0.0816687
FixedParameters: 0 0 0

#Transform 58
Transform: AffineTransform_float_3_3
Parameters: 0.999999 0.000634096 0.000474871 -0.000633903 1 -0.000203301 -0.000475129 0.000203699 1 0.0205376 0.0051038 0.00283823
FixedParameters: 0 0 0

#Transform 59
Transform: AffineTransform_float_3_3
Parameters: 1 0.000825795 0.000592286 -0.000826205 0.999999 0.000345511 -0.000592714 -0.000346489 1 0.0132664 -0.133566 0.0249448
FixedParameters: 0 0 0

#Transform 60
Transform: AffineTransform_float_3_3
Parameters: 1 0.000304991 0.000387007 -0.000305009 1 2.3882e-05 -0.000386993 -2.4118e-05 1 0.0237654 0.00099681 -0.00106462
FixedParameters: 0 0 0

#Transform 61
Transform: AffineTransform_float_3_3
Parameters: 0.999999 0.000276827 0.00140203 -0.000277172 1 0.000122612 -0.00140197 -0.000123388 0.999999 0.017177 -0.124494 -0.0285548
FixedParameters: 0 0 0

#Transform 62
Transform: AffineTransform_float_3_3
Parameters: 1 0.000277647 0.000450602 -0.000277352 0.999999 -0.00143512 -0.000451399 0.00143587 0.999999 0.0239146 0.0645821 -0.249091
FixedParameters: 0 0 0

#Transform 63
Transform: AffineTransform_float_3_3
Parameters: 0.999999 0.000799795 0.000447808 -0.000797203 0.999991 -0.00399536 -0.000451188 0.00399464 0.999992 -0.0260305 -0.0378943 -0.243233
FixedParameters: 0 0 0

#Transform 64
Transform: AffineTransform_float_3_3
Parameters: 0.999999 0.000707414 0.000519078 -0.000705585 0.999996 -0.00272037 -0.000520921 0.00271963 0.999996 -0.00471754 0.00409857 -0.177508
FixedParameters: 0 0 0

#Transform 65
Transform: AffineTransform_float_3_3
Parameters: 1 0.000278754 0.00113957 -0.000277247 0.999999 -0.00153932 -0.00113943 0.00153868 0.999998 0.00433933 -0.115498 -0.065159
FixedParameters: 0 0 0

#Transform 66
Transform: AffineTransform_float_3_3
Parameters: 1 0.000687518 0.000699513 -0.000685485 0.999998 -0.00216648 -0.000700488 0.00216652 0.999998 -0.00533979 -0.0170064 -0.133011
FixedParameters: 0 0 0

#Transform 67
Transform: AffineTransform_float_3_3
Parameters: 1 0.00077008 0.000859033 -0.00076892 0.999999 -0.00125666 -0.000859967 0.00125634 0.999999 -0.0136093 -0.114552 -0.0601031
FixedParameters: 0 0 0

#Transform 68
Transform: AffineTransform_float_3_3
Parameters: 1 0.000551661 0.000438168 -0.000551339 0.999998 -0.00150824 -0.000438832 0.00150776 0.999999 -0.00363101 -0.0209068 -0.0598098
FixedParameters: 0 0 0

#Transform 69
Transform: AffineTransform_float_3_3
Parameters: 1 0.000551634 0.000739529 -0.000551368 1 -0.000856409 -0.000739473 0.000856593 1 -0.0192795 -0.1451 -0.0225436
FixedParameters: 0 0 0

#Transform 70
Transform: AffineTransform_float_3_3
Parameters: 0.999999 0.000552232 0.000739081 -0.000550768 0.999999 -0.00166641 -0.000739918 0.00166559 0.999999 -0.00966101 -0.0299931 -0.0488534
FixedParameters: 0 0 0

#Transform 71
Transform: AffineTransform_float_3_3
Parameters: 0.999999 0.000551309 0.000739769 -0.000551691 1 -0.000418408 -0.00073923 0.000417592 0.999999 -0.0234398 -0.137343 -0.00506078
FixedParameters: 0 0 0

#Transform 72
Transform: AffineTransform_float_3_3
Parameters: 0.999999 0.000552107 0.000739173 -0.000550892 0.999998 -0.00149841 -0.000739825 0.00149759 0.999998 -0.0157996 -0.0386694 -0.0201964
FixedParameters: 0 0 0

#Transform 73
Transform: AffineTransform_float_3_3
Parameters: 1 0.000551258 0.000382628 -0.000550742 0.999999 -0.00067421 -0.000382371 0.000673789 0.999999 -0.029444 -0.124712 -2.76597e-05
FixedParameters: 0 0 0

#Transform 74
Transform: AffineTransform_float_3_3
Parameters: 0.999999 0.000658421 0.000488433 -0.00065758 1 -0.000861321 -0.000488566 0.000860679 0.999999 -0.0326858 -0.09393 0.0220072
FixedParameters: 0 0 0

#Transform 75
Transform: AffineTransform_float_3_3
Parameters: 1 0.000551368 0.000328384 -0.000551633 0.999999 -0.00111818 -0.000328617 0.00111882 1 -0.0188784 -0.0155941 -0.0309353
FixedParameters: 0 0 0

#Transform 76
Transform: AffineTransform_float_3_3
Parameters: 1 0.000551505 0.000381271 -0.000551494 0.999999 -0.00132321 -0.00038273 0.00132379 0.999999 -0.0197535 -0.162003 0.0351171
FixedParameters: 0 0 0

#Transform 77
Transform: AffineTransform_float_3_3
Parameters: 1 0.000240141 0.000223849 -0.000239859 1 -0.000629053 -0.000224151 0.000628946 1 -0.0030389 -0.0616272 -0.00547971
FixedParameters: 0 0 0

#Transform 78
Transform: AffineTransform_float_3_3
Parameters: 1 0.000242217 0.000287817 -0.000241782 0.999999 -0.000755069 -0.000288183 0.00075493 0.999999 -0.00729651 -0.112853 0.0108889
FixedParameters: 0 0 0

#Transform 79
Transform: AffineTransform_float_3_3
Parameters: 1 0.000281363 0.000452774 -0.000280636 0.999999 -0.000802127 -0.000453225 0.000802872 0.999999 -0.00385127 -0.0751448 0.0107398
FixedParameters: 0 0 0

#Transform 80
Transform: AffineTransform_float_3_3
Parameters: 1 0.000248342 0.000260675 -0.000247658 0.999999 -0.00131006 -0.000261325 0.00130994 0.999999 0.00158434 -0.177855 0.048539
FixedParameters: 0 0 0

#Transform 81
Transform: AffineTransform_float_3_3
Parameters: 1 0.000401343 0.000328582 -0.000400657 1 -0.00104313 -0.000329419 0.00104387 1 -0.000912427 -0.0747021 0.0245798
FixedParameters: 0 0 0

#Transform 82
Transform: AffineTransform_float_3_3
Parameters: 0.999999 0.000551579 0.000740569 -0.000551421 0.999999 -0.000781409 -0.000740431 0.000781592 1 -0.0306065 -0.232428 0.078999
FixedParameters: 0 0 0

#Transform 83
Transform: AffineTransform_float_3_3
Parameters: 1 0.000230181 0.00024583 -0.000229819 0.999999 -0.000738056 -0.00024517 0.000737943 0.999999 -0.00811793 -0.0481516 0.0411598
FixedParameters: 0 0 0

#Transform 84
Transform: AffineTransform_float_3_3
Parameters: 1 0.000206925 0.00051203 -0.000207075 1 0.000146894 -0.000511969 -0.000147106 1 -0.0135457 -0.182491 0.164231
FixedParameters: 0 0 0

#Transform 85
Transform: AffineTransform_float_3_3
Parameters: 1 0.00012018 0.000245912 -0.00011982 0.999999 -0.000731029 -0.000246088 0.00073097 0.999999 -0.00233579 -0.0610973 0.107495
FixedParameters: 0 0 0

#Transform 86
Transform: AffineTransform_float_3_3
Parameters: 1 0.000119845 0.000297062 -0.000120155 1 0.000520964 -0.000296937 -0.000521035 1 -0.00327644 -0.188104 0.164163
FixedParameters: 0 0 0

#Transform 87
Transform: AffineTransform_float_3_3
Parameters: 1 0.000120169 0.000170881 -0.000119831 0.999999 -0.00099002 -0.000171119 0.000989978 0.999999 -0.0030424 -0.0461962 0.0522599
FixedParameters: 0 0 0

#Transform 88
Transform: AffineTransform_float_3_3
Parameters: 1 0.000334979 0.000172042 -0.000335021 1 0.000123942 -0.000171959 -0.000123058 1 -0.0134596 -0.161302 0.121985
FixedParameters: 0 0 0

#Transform 89
Transform: AffineTransform_float_3_3
Parameters: 1 0.000299014 5.09148e-05 -0.000298985 1 -0.000285015 -5.10852e-05 0.000284985 1 0.00107425 -0.0778352 0.103244
FixedParameters: 0 0 0

#Transform 90
Transform: AffineTransform_float_3_3
Parameters: 1 0.000464172 0.000245675 -0.000463828 0.999999 -0.000701114 -0.000245326 0.000701886 0.999999 0.00506988 -0.130403 0.0623977
FixedParameters: 0 0 0

#Transform 91
Transform: AffineTransform_float_3_3
Parameters: 1 0.000652077 0.000245794 -0.000651922 0.999999 -0.00031516 -0.000245206 0.00031584 1 -0.0197218 -0.152068 0.122286
FixedParameters: 0 0 0

#Transform 92
Transform: AffineTransform_float_3_3
Parameters: 0.999999 0.000724226 0.000245333 -0.000723774 1 -0.000921178 -0.000245666 0.000920822 0.999999 -0.021494 -0.0340763 0.0724484
FixedParameters: 0 0 0

#Transform 93
Transform: AffineTransform_float_3_3
Parameters: 1 0.000637876 0.000305258 -0.000637123 0.999999 0.000403805 -0.000305742 -0.000404195 1 -0.0104854 -0.21459 0.197621
FixedParameters: 0 0 0

#Transform 94
Transform: AffineTransform_float_3_3
Parameters: 1 0.000484116 9.34032e-05 -0.000483885 0.999999 -0.00123305 -9.35967e-05 0.00123296 0.999999 -0.00423506 -0.0576521 0.0883787
FixedParameters: 0 0 0

#Transform 95
Transform: AffineTransform_float_3_3
Parameters: 1 0.000692988 0.000106079 -0.000693012 1 0.000113926 -0.000105921 -0.000114073 1 -0.0210244 -0.192601 0.180571
FixedParameters: 0 0 0

#Transform 96
Transform: AffineTransform_float_3_3
Parameters: 1 0.000939861 0.000259508 -0.000940141 1 0.000539756 -0.000259492 -0.000540244 1 -0.0356783 -0.0897098 0.202297
FixedParameters: 0 0 0

#Transform 97
Transform: AffineTransform_float_3_3
Parameters: 1 0.000690015 3.77143e-05 -0.000689984 0.999999 -0.000414026 -3.72856e-05 0.000413974 1 -0.0247629 -0.168442 0.138403
FixedParameters: 0 0 0

#Transform 98
Transform: AffineTransform_float_3_3
Parameters: 1 0.000546038 3.74584e-05 -0.000545963 1 -0.000992021 -3.75416e-05 0.000991981 1 -0.0185714 -0.116365 0.159895
FixedParameters: 0 0 0

#Transform 99
Transform: AffineTransform_float_3_3
Parameters: 1 0.000689976 -2.95671e-05 -0.000690025 1 -0.00082198 2.94328e-05 0.000822021 0.999999 -0.0299664 -0.199695 0.0594809
FixedParameters: 0 0 0

#Transform 100
Transform: AffineTransform_float_3_3
Parameters: 0.999999 0.000879984 3.83537e-05 -0.000880014 0.999999 0.000401966 -3.76462e-05 -0.000402033 1 -0.03208 -0.0604274 0.10976
FixedParameters: 0 0 0

#Transform 101
Transform: AffineTransform_float_3_3
Parameters: 1 -0.000437005 0.000536996 0.000436995 1 9.23466e-06 -0.000537004 -9.76533e-06 1 0.0526782 -0.180993 0.163622
FixedParameters: 0 0 0

#Transform 102
Transform: AffineTransform_float_3_3
Parameters: 1 -0.000436884 7.66606e-05 0.000437114 0.999999 -0.00151197 -7.53391e-05 0.00151203 0.999999 -0.023371 -0.0125439 -0.00572286
FixedParameters: 0 0 0

#Transform 103
Transform: AffineTransform_float_3_3
Parameters: 1 8.85304e-05 0.000315852 -8.74709e-05 0.999998 -0.00167903 -0.000315147 0.00167897 0.999998 -0.0453226 -0.0698363 0.0251755
FixedParameters: 0 0 0

#Transform 104
Transform: AffineTransform_float_3_3
Parameters: 1 -0.000149526 0.000411173 0.000150474 1 -0.00115394 -0.000410827 0.00115406 0.999999 -0.0073001 -0.092778 0.0475417
FixedParameters: 0 0 0

#Transform 105
Transform: AffineTransform_float_3_3
Parameters: 1 0.000102051 0.000322984 -0.000101949 1 -0.000159033 -0.000323016 0.000158967 1 -0.0261943 -0.0883426 0.12501
FixedParameters: 0 0 0

#Transform 106
Transform: AffineTransform_float_3_3
Parameters: 1 -5.69625e-05 0.000463005 5.70375e-05 1 -8.09736e-05 -0.000462995 8.10264e-05 1 -0.00716774 -0.0946196 0.117601
FixedParameters: 0 0 0

#Transform 107
Transform: AffineTransform_float_3_3
Parameters: 1 0.000129121 0.000462966 -0.000128879 1 -0.00026106 -0.000463034 0.00026094 1 -0.0191162 -0.142598 0.183782
FixedParameters: 0 0 0

#Transform 108
Transform: AffineTransform_float_3_3
Parameters: 1 0.000260984 3.0136e-05 -0.000261016 1 0.000520992 -2.9864e-05 -0.000521008 1 -0.017252 -0.0597573 0.175642
FixedParameters: 0 0 0

#Transform 109
Transform: AffineTransform_float_3_3
Parameters: 1 0.000387066 -5.25158e-05 -0.000386933 0.999999 0.00125102 5.34841e-05 -0.00125098 0.999999 -0.0206803 -0.15692 0.243117
FixedParameters: 0 0 0

#Transform 110
Transform: AffineTransform_float_3_3
Parameters: 0.999999 0.000387558 -0.000668677 -0.000386441 0.999999 0.000835259 0.000669323 -0.000834741 1 -0.0340455 -0.0363124 0.2076
FixedParameters: 0 0 0

#Transform 111
Transform: AffineTransform_float_3_3
Parameters: 1 0.000387058 -0.000174871 -0.000386942 1 0.000332068 0.000175128 -0.000331932 1 -0.0394174 -0.190693 0.223609
FixedParameters: 0 0 0

#Transform 112
Transform: AffineTransform_float_3_3
Parameters: 1 0.000443019 -0.000494983 -0.000442981 1 3.82193e-05 0.000495017 -3.77807e-05 1 -0.0438434 -0.0531635 0.225184
FixedParameters: 0 0 0

#Transform 113
Transform: AffineTransform_float_3_3
Parameters: 1 0.000387012 -1.77272e-05 -0.000386987 0.999999 0.000705007 1.82728e-05 -0.000704993 1 -0.037853 -0.133782 0.229276
FixedParameters: 0 0 0

#Transform 114
Transform: AffineTransform_float_3_3
Parameters: 1 -3.3033e-05 0.00010499 3.2967e-05 1 0.000314003 -0.00010501 -0.000313997 1 -0.0151527 -0.102404 0.254244
FixedParameters: 0 0 0

#Transform 115
Transform: AffineTransform_float_3_3
Parameters: 1 2.6023e-05 -1.59626e-05 -2.5977e-05 0.999999 0.001438 1.60374e-05 -0.001438 0.999999 -0.0177782 -0.0897557 0.246495
FixedParameters: 0 0 0

#Transform 116
Transform: AffineTransform_float_3_3
Parameters: 1 0.000287953 2.65123e-05 -0.000288046 0.999999 0.00177899 -2.54876e-05 -0.00177901 0.999999 -0.0434745 -0.182148 0.326743
FixedParameters: 0 0 0

#Transform 117
Transform: AffineTransform_float_3_3
Parameters: 1 0.000182972 2.61967e-05 -0.000183028 1 0.001075 -2.58033e-05 -0.00107501 1 -0.0374989 -0.0690159 0.234984
FixedParameters: 0 0 0

#Transform 118
Transform: AffineTransform_float_3_3
Parameters: 1 -3.3035e-05 2.59555e-05 3.29649e-05 0.999999 0.001348 -2.60445e-05 -0.001348 0.999999 -0.017387 -0.182498 0.271918
FixedParameters: 0 0 0

#Transform 119
Transform: AffineTransform_float_3_3
Parameters: 1 0.000481551 -0.000441399 -0.000480448 0.999999 0.00124821 0.0004426 -0.00124779 0.999999 -0.0463159 -0.0445015 0.243127
FixedParameters: 0 0 0

#Transform 120
Transform: AffineTransform_float_3_3
Parameters: 1 0.000157268 -0.000152724 -0.000156731 0.999999 0.00175603 0.000153276 -0.00175598 0.999999 -0.0252376 -0.183175 0.290519
FixedParameters: 0 0 0

#Transform 121
Transform: AffineTransform_float_3_3
Parameters: 1 0.000163398 -0.000347813 -0.000162601 1 0.00114506 0.000348186 -0.00114494 1 -0.0323608 -0.0434824 0.241923
FixedParameters: 0 0 0

#Transform 122
Transform: AffineTransform_float_3_3
Parameters: 1 0.000404946 2.68221e-05 -0.000405054 0.999998 0.00202999 -2.61778e-05 -0.00203001 0.999998 -0.0395408 -0.169595 0.303371
FixedParameters: 0 0 0

#Transform 123
Transform: AffineTransform_float_3_3
Parameters: 1 0.000151421 -0.000555886 -0.000150579 0.999999 0.000757084 0.000556114 -0.000756916 1 -0.0257035 -0.0668794 0.263909
FixedParameters: 0 0 0

#Transform 124
Transform: AffineTransform_float_3_3
Parameters: 1 -3.23771e-05 -0.00068003 3.26229e-05 1 0.000915979 0.00067997 -0.000916023 1 -0.0283587 -0.0846715 0.219694
FixedParameters: 0 0 0

#Transform 125
Transform: AffineTransform_float_3_3
Parameters: 1 -3.24293e-05 -0.000510037 3.25707e-05 1 0.00111898 0.000509964 -0.00111902 0.999999 -0.0331379 -0.137553 0.286765
FixedParameters: 0 0 0

#Transform 126
Transform: AffineTransform_float_3_3
Parameters: 0.999999 -3.18995e-05 -0.000914039 3.21004e-05 1 0.00120397 0.000913962 -0.00120403 0.999999 -0.0423056 -0.0638417 0.241488
FixedParameters: 0 0 0

#Transform 127
Transform: AffineTransform_float_3_3
Parameters: 0.999998 0.000188863 -0.00157354 -0.000185135 0.999997 0.00245529 0.00157446 -0.00245471 0.999995 -0.0437588 -0.173601 0.355028
FixedParameters: 0 0 0

#Transform 128
Transform: AffineTransform_float_3_3
Parameters: 1 -3.1065e-05 -0.00116005 3.29348e-05 0.999998 0.00166796 0.00115995 -0.00166804 0.999998 -0.0374258 -0.0384885 0.252063
FixedParameters: 0 0 0

#Transform 129
Transform: AffineTransform_float_3_3
Parameters: 1 -3.02704e-05 -0.00116007 3.27294e-05 0.999997 0.00235296 0.00115993 -0.00235304 0.999996 -0.0354603 -0.203984 0.371862
FixedParameters: 0 0 0

#Transform 130
Transform: AffineTransform_float_3_3
Parameters: 1 -3.093e-05 -0.00108606 3.30699e-05 0.999998 0.00190596 0.00108594 -0.00190603 0.999997 -0.0194764 -0.0540962 0.30015
FixedParameters: 0 0 0

#Transform 131
Transform: AffineTransform_float_3_3
Parameters: 1 -3.16059e-05 -0.000679066 3.2396e-05 0.999998 0.00205298 0.000679935 -0.00205302 0.999997 -0.0223316 -0.0694729 0.213767
FixedParameters: 0 0 0

#Transform 132
Transform: AffineTransform_float_3_3
Parameters: 0.999999 -3.13338e-05 -0.000776069 3.2666e-05 0.999997 0.00214698 0.000775932 -0.00214703 0.999998 -0.0305138 -0.107015 0.307644
FixedParameters: 0 0 0

#Transform 133
Transform: AffineTransform_float_3_3
Parameters: 0.999999 0.000361803 -0.000704077 -0.000360197 0.999996 0.00255925 0.000704924 -0.00255875 0.999997 -0.0572136 -0.0579679 0.264827
FixedParameters: 0 0 0

#Transform 134
Transform: AffineTransform_float_3_3
Parameters: 1 0.000500594 -0.000887543 -0.000497406 0.999995 0.00291944 0.000889457 -0.00291956 0.999996 -0.0584773 -0.155955 0.348134
FixedParameters: 0 0 0

#Transform 135
Transform: AffineTransform_float_3_3
Parameters: 1 0.000409699 -0.00097729 -0.000408299 0.999998 0.0017384 0.000978711 -0.0017376 0.999998 -0.0654153 -0.000987591 0.232001
FixedParameters: 0 0 0

#Transform 136
Transform: AffineTransform_float_3_3
Parameters: 0.999999 0.000844515 -0.000490114 -0.000844485 0.999999 0.00104941 0.000490887 -0.00104959 1 -0.0831228 -0.175333 0.285943
FixedParameters: 0 0 0

#Transform 137
Transform: AffineTransform_float_3_3
Parameters: 1 0.000165001 -1.89906e-05 -0.000164999 1 5.70031e-05 1.90094e-05 -5.69969e-05 1 -0.056176 -0.0991341 0.195063
FixedParameters: 0 0 0

#Transform 138
Transform: AffineTransform_float_3_3
Parameters: 1 0.000338448 0.000348566 -0.000337553 0.999999 -0.00128412 -0.000348434 0.00128388 0.999999 -0.055318 -0.0833792 0.0858754
FixedParameters: 0 0 0

#Transform 139
Transform: AffineTransform_float_3_3
Parameters: 1 0.000290858 -0.000190217 -0.000291142 0.999999 -0.000745944 0.000189783 0.000746055 0.999999 -0.0749137 -0.000508304 0.100022
FixedParameters: 0 0 0

#Transform 140
Transform: AffineTransform_float_3_3
Parameters: 1 0.000573869 -0.000353212 -0.00057413 1 -0.000368797 0.000352788 0.000369202 1 -0.0820816 -0.173726 0.170307
FixedParameters: 0 0 0

#Transform 141
Transform: AffineTransform_float_3_3
Parameters: 0.999999 0.000771103 -0.000352773 -0.000770896 0.999999 0.000294272 0.000352226 -0.000293728 1 -0.101222 -0.0323241 0.208638
FixedParameters: 0 0 0

#Transform 142
Transform: AffineTransform_float_3_3
Parameters: 0.999999 0.00073192 -0.000353164 -0.000732079 0.999999 -0.000223741 0.000352836 0.000224258 1 -0.0983201 -0.145728 0.181025
FixedParameters: 0 0 0

#Transform 143
Transform: AffineTransform_float_3_3
Parameters: 0.999999 0.000651028 -0.000337946 -0.000650972 1 8.322e-05 0.000338054 -8.27799e-05 1 -0.105345 -0.0988433 0.279643
FixedParameters: 0 0 0

#Transform 144
Transform: AffineTransform_float_3_3
Parameters: 0.999999 0.000651628 -0.000642363 -0.000651372 1 0.000977419 0.000642637 -0.000977582 1 -0.108187 -0.276477 0.395066
FixedParameters: 0 0 0

#Transform 145
Transform: AffineTransform_float_3_3
Parameters: 1 0.000512068 -0.000167792 -0.000511931 1 0.000407086 0.000168208 -0.000406914 1 -0.113762 -0.119789 0.298759
FixedParameters: 0 0 0

#Transform 146
Transform: AffineTransform_float_3_3
Parameters: 1 0.000650996 2.89773e-06 -0.000651002 0.999999 0.001379 -1.10227e-06 -0.001379 0.999999 -0.147418 -0.106314 0.405428
FixedParameters: 0 0 0

#Transform 147
Transform: AffineTransform_float_3_3
Parameters: 0.999999 0.000879991 -0.000414017 -0.000880007 0.999999 -1.96357e-05 0.000413982 2.03643e-05 1 -0.180572 -0.225887 0.329756
FixedParameters: 0 0 0

#Transform 148
Transform: AffineTransform_float_3_3
Parameters: 1 0.000779385 -0.00094068 -0.000779614 0.999999 0.000410733 0.000941319 -0.000409266 0.999999 -0.173375 -0.0901313 0.383155
FixedParameters: 0 0 0

#Transform 149
Transform: AffineTransform_float_3_3
Parameters: 1 0.000829117 -0.000858923 -0.000827883 0.999999 0.00129971 0.000860077 -0.00129929 0.999999 -0.17571 -0.254435 0.442206
FixedParameters: 0 0 0

#Transform 150
Transform: AffineTransform_float_3_3
Parameters: 1 0.000651939 -0.000905325 -0.000651062 1 0.00103659 0.000905676 -0.00103641 0.999999 -0.153818 -0.0868478 0.405674
FixedParameters: 0 0 0

#Transform 151
Transform: AffineTransform_float_3_3
Parameters: 1 0.000828214 -0.000700568 -0.000826786 0.999998 0.00173158 0.000702432 -0.00173042 0.999999 -0.176798 -0.240916 0.448186
FixedParameters: 0 0 0

#Transform 152
Transform: AffineTransform_float_3_3
Parameters: 0.999999 0.00111356 -0.00139776 -0.00111144 0.999999 0.00111355 0.00139924 -0.00111144 0.999998 -0.132671 0.0409416 0.34129
FixedParameters: 0 0 0

#Transform 153
Transform: AffineTransform_float_3_3
Parameters: 0.999998 0.00130417 -0.00107337 -0.00130183 0.999997 0.0020204 0.00107663 -0.0020196 0.999998 -0.155252 -0.284438 0.536789
FixedParameters: 0 0 0

#Transform 154
Transform: AffineTransform_float_3_3
Parameters: 0.999998 0.000949851 -0.00127915 -0.000946146 0.999995 0.00300821 0.00128285 -0.00300678 0.999994 -0.128757 -0.198646 0.577435
FixedParameters: 0 0 0

#Transform 155
Transform: AffineTransform_float_3_3
Parameters: 0.999998 0.00087435 -0.00133616 -0.00086965 0.999995 0.00325317 0.00133883 -0.00325183 0.999994 -0.126008 -0.180598 0.600452
FixedParameters: 0 0 0

#Transform 156
Transform: AffineTransform_float_3_3
Parameters: 0.999998 0.00115304 -0.00127836 -0.00114895 0.999995 0.00315948 0.00128264 -0.00315853 0.999994 -0.147557 -0.126784 0.543524
FixedParameters: 0 0 0

#Transform 157
Transform: AffineTransform_float_3_3
Parameters: 0.999999 0.000873459 -0.0010772 -0.000869541 0.999994 0.00320794 0.00107979 -0.00320706 0.999995 -0.139201 -0.203213 0.579902
FixedParameters: 0 0 0

#Transform 158
Transform: AffineTransform_float_3_3
Parameters: 0.999999 0.000872616 -0.00116705 -0.000870384 0.999997 0.00224002 0.00116895 -0.00223898 0.999997 -0.142895 -0.0763247 0.468028
FixedParameters: 0 0 0

#Transform 159
Transform: AffineTransform_float_3_3
Parameters: 0.999999 0.000873738 -0.00101379 -0.000870261 0.999993 0.00368188 0.00101721 -0.00368111 0.999992 -0.147915 -0.25408 0.63096
FixedParameters: 0 0 0

#Transform 160
Transform: AffineTransform_float_3_3
Parameters: 0.999999 0.000950913 -0.00122274 -0.000948085 0.999996 0.00238116 0.00122526 -0.00237984 0.999997 -0.145801 -0.0757345 0.510607
FixedParameters: 0 0 0

#Transform 161
Transform: AffineTransform_float_3_3
Parameters: 0.999999 0.000874117 -0.00115189 -0.000869883 0.999993 0.00357001 0.00115511 -0.00356899 0.999993 -0.131596 -0.225432 0.629305
FixedParameters: 0 0 0

#Transform 162
Transform: AffineTransform_float_3_3
Parameters: 0.999999 0.00100938 -0.00146499 -0.00100462 0.999995 0.00298648 0.00146801 -0.00298552 0.999995 -0.13775 -0.101277 0.60732
FixedParameters: 0 0 0

#Transform 163
Transform: AffineTransform_float_3_3
Parameters: 0.999998 0.00113417 -0.00159162 -0.00112783 0.999992 0.0038728 0.00159638 -0.0038712 0.999991 -0.153552 -0.249158 0.663867
FixedParameters: 0 0 0

#Transform 164
Transform: AffineTransform_float_3_3
Parameters: 0.999998 0.000875276 -0.00165722 -0.000869725 0.999994 0.00318144 0.00165977 -0.00318055 0.999993 -0.14655 -0.0977354 0.650973
FixedParameters: 0 0 0

#Transform 165
Transform: AffineTransform_float_3_3
Parameters: 0.999998 0.00151909 -0.00142353 -0.00151291 0.999989 0.00427016 0.00143047 -0.00426783 0.99999 -0.165294 -0.250606 0.711733
FixedParameters: 0 0 0

#Transform 166
Transform: AffineTransform_float_3_3
Parameters: 0.999998 0.00174633 -0.0014044 -0.00174068 0.999992 0.00378445 0.0014106 -0.00378255 0.999992 -0.171862 -0.117986 0.708171
FixedParameters: 0 0 0

#Transform 167
Transform: AffineTransform_float_3_3
Parameters: 0.999997 0.00153549 -0.00193207 -0.00152751 0.999992 0.00387396 0.00193793 -0.00387104 0.99999 -0.159506 -0.197462 0.650076
FixedParameters: 0 0 0

#Transform 168
Transform: AffineTransform_float_3_3
Parameters: 0.999996 0.00149408 -0.00230614 -0.00148492 0.999991 0.00393444 0.00231186 -0.00393156 0.999989 -0.164291 -0.167078 0.685892
FixedParameters: 0 0 0

#Transform 169
Transform: AffineTransform_float_3_3
Parameters: 0.999996 0.00175336 -0.00219915 -0.00174664 0.999993 0.00334585 0.00220485 -0.00334215 0.999992 -0.170271 -0.159499 0.631655
FixedParameters: 0 0 0

#Transform 170
Transform: AffineTransform_float_3_3
Parameters: 0.999997 0.00157726 -0.00214314 -0.00157174 0.999996 0.00245238 0.00214686 -0.00244962 0.999994 -0.183051 -0.188322 0.623727
FixedParameters: 0 0 0

#Transform 171
Transform: AffineTransform_float_3_3
Parameters: 0.999996 0.00196614 -0.00227972 -0.00195986 0.999995 0.00269148 0.00228528 -0.00268652 0.999994 -0.208097 -0.196816 0.512128
FixedParameters: 0 0 0

#Transform 172
Transform: AffineTransform_float_3_3
Parameters: 0.999997 0.00155447 -0.0021545 -0.00155153 0.999997 0.00161035 0.0021575 -0.00160665 0.999997 -0.189608 -0.0269275 0.445947
FixedParameters: 0 0 0

#Transform 173
Transform: AffineTransform_float_3_3
Parameters: 0.999997 0.00155699 -0.00177276 -0.00155101 0.999993 0.00337376 0.00177824 -0.00337024 0.999992 -0.164038 -0.171178 0.492124
FixedParameters: 0 0 0

#Transform 174
Transform: AffineTransform_float_3_3
Parameters: 0.999997 0.00156041 -0.00219334 -0.0015516 0.999989 0.00428342 0.00219967 -0.00428058 0.999989 -0.16399 -0.0920262 0.573646
FixedParameters: 0 0 0

#Transform 175
Transform: AffineTransform_float_3_3
Parameters: 0.999999 0.000974092 -0.00154142 -0.000969908 0.999996 0.0026525 0.00154458 -0.0026515 0.999996 -0.132731 -0.382225 0.802789
FixedParameters: 0 0 0

#Transform 176
Transform: AffineTransform_float_3_3
Parameters: 1 0.000416643 -0.000560523 -0.000416357 1 0.00114623 0.000561477 -0.00114577 0.999999 -0.156673 -0.315239 0.77581
FixedParameters: 0 0 0

#Transform 177
Transform: AffineTransform_float_3_3
Parameters: 0.999999 0.000804161 -0.000531755 -0.000803837 0.999999 0.000304427 0.000532245 -0.000304572 1 -0.140174 -0.288382 0.499375
FixedParameters: 0 0 0

#Transform 178
Transform: AffineTransform_float_3_3
Parameters: 0.999998 0.00052182 0.00149776 -0.000524178 0.999999 0.00145522 -0.00149624 -0.00145578 0.999998 -0.179395 -0.0892446 0.450702
FixedParameters: 0 0 0

#Transform 179
Transform: AffineTransform_float_3_3
Parameters: 0.999999 0.000669532 0.000617595 -0.000670466 0.999997 0.00237959 -0.000615406 -0.00237941 0.999997 -0.172845 -0.170594 0.539477
FixedParameters: 0 0 0

#Transform 180
Transform: AffineTransform_float_3_3
Parameters: 0.999999 0.000969281 0.000260688 -0.000969719 0.999995 0.00277175 -0.000258314 -0.00277125 0.999996 -0.200446 -0.0692975 0.530298
FixedParameters: 0 0 0

#Transform 181
Transform: AffineTransform_float_3_3
Parameters: 1 0.00111424 0.00022579 -0.00111476 0.999993 0.00339975 -0.000221211 -0.00340025 0.999994 -0.204668 -0.207434 0.553511
FixedParameters: 0 0 0

#Transform 182
Transform: AffineTransform_float_3_3
Parameters: 1 0.00108246 0.000221663 -0.00108254 0.999997 0.00245976 -0.000219338 -0.00246024 0.999997 -0.206349 -0.0988474 0.484621
FixedParameters: 0 0 0

#Transform 183
Transform: AffineTransform_float_3_3
Parameters: 0.999999 0.00108138 0.000691533 -0.00108262 0.999996 0.00234025 -0.000689467 -0.00234175 0.999997 -0.17843 -0.143261 0.417839
FixedParameters: 0 0 0

#Transform 184
Transform: AffineTransform_float_3_3
Parameters: 0.999999 0.000749951 0.000461079 -0.000750048 0.999999 0.000105654 -0.00046092 -0.000106346 1 -0.178156 -0.159019 0.402669
FixedParameters: 0 0 0

#Transform 185
Transform: AffineTransform_float_3_3
Parameters: 0.999999 0.000687716 0.000275711 -0.000688285 0.999999 0.00103281 -0.000275289 -0.00103319 1 -0.180628 -0.0269872 0.436617
FixedParameters: 0 0 0

#Transform 186
Transform: AffineTransform_float_3_3
Parameters: 0.999999 0.00081562 -0.000244944 -0.00081438 0.999997 0.0025222 0.000247054 -0.0025218 0.999997 -0.171458 -0.181992 0.448272
FixedParameters: 0 0 0

#Transform 187
Transform: AffineTransform_float_3_3
Parameters: 1 0.00104676 9.76025e-05 -0.00104624 0.999997 0.0024859 -9.43993e-05 -0.0024861 0.999997 -0.178291 -0.0845047 0.49
FixedParameters: 0 0 0

#Transform 188
Transform: AffineTransform_float_3_3
Parameters: 0.999999 0.000862408 -0.000146619 -0.000861593 0.999996 0.00276113 0.000148379 -0.00276087 0.999996 -0.176156 -0.155781 0.510068
FixedParameters: 0 0 0

#Transform 189
Transform: AffineTransform_float_3_3
Parameters: 0.999999 0.00130743 -0.000145144 -0.00130657 0.999995 0.00295019 0.000148855 -0.00294981 0.999995 -0.223304 -0.135378 0.546707
FixedParameters: 0 0 0

#Transform 190
Transform: AffineTransform_float_3_3
Parameters: 0.999999 0.00147509 -0.000402005 -0.00147391 0.999995 0.0027096 0.000405995 -0.00270941 0.999996 -0.2111 -0.107023 0.525528
FixedParameters: 0 0 0

#Transform 191
Transform: AffineTransform_float_3_3
Parameters: 0.999999 0.00146432 -0.000421437 -0.00146368 0.999994 0.00311762 0.000426564 -0.00311638 0.999995 -0.225782 -0.13292 0.597633
FixedParameters: 0 0 0

#Transform 192
Transform: AffineTransform_float_3_3
Parameters: 0.999999 0.00125611 -0.000551468 -0.00125488 0.999997 0.00201669 0.000554532 -0.00201631 0.999998 -0.206826 -0.143388 0.492708
FixedParameters: 0 0 0

#Transform 193
