#Insight Transform File V1.0
#Transform 0
Transform: AffineTransform_float_3_3
Parameters: 1 -6.24703e-05 -0.00030311 6.25296e-05 0.999999 0.00174798 0.000302891 -0.00174802 0.999999 0.00108564 -0.0233938 0.273607
FixedParameters: 0 0 0

#Transform 1
Transform: AffineTransform_float_3_3
Parameters: 1 9.6008e-07 -0.000439999 -3.9917e-08 0.999997 0.002182 0.000440001 -0.002182 0.999998 0.0443758 -0.11223 0.0816968
FixedParameters: 0 0 0

#Transform 2
Transform: AffineTransform_float_3_3
Parameters: 1 -2.77368e-07 0.000127 -2.77368e-07 0.999997 0.002184 -0.000127 -0.002184 0.999997 0.0483323 -0.0998917 -0.0685897
FixedParameters: 0 0 0

#Transform 3
Transform: AffineTransform_float_3_3
Parameters: 0.999999 0.000181358 0.00068617 -0.000182642 0.999999 0.000935875 -0.00068583 -0.000935124 1 0.0406019 -0.0122675 -0.0923227
FixedParameters: 0 0 0

#Transform 4
Transform: AffineTransform_float_3_3
Parameters: 0.999999 0.000163988 0.000745223 -0.000165011 0.999999 0.00135788 -0.000744776 -0.00135812 0.999999 0.0446477 -0.00808846 -0.082148
FixedParameters: 0 0 0

#Transform 5
Transform: AffineTransform_float_3_3
Parameters: 0.999999 -4.10888e-05 0.000851948 3.99111e-05 0.999999 0.00127803 -0.000852051 -0.00127797 0.999999 0.0520776 0.0163277 -0.167094
FixedParameters: 0 0 0

#Transform 6
Transform: AffineTransform_float_3_3
Parameters: 1 4.2889e-05 0.00115604 -4.31109e-05 0.999999 0.00096095 -0.00115596 -0.00096105 0.999999 0.0455407 0.0063468 -0.13471
FixedParameters: 0 0 0

#Transform 7
Transform: AffineTransform_float_3_3
Parameters: 1 4.27173e-05 0.000622089 -4.32825e-05 0.999998 0.00206197 -0.000621912 -0.00206203 0.999997 0.0413382 -0.00561666 -0.144573
FixedParameters: 0 0 0

#Transform 8
Transform: AffineTransform_float_3_3
Parameters: 1 -0.000352129 0.000497203 0.000350872 0.999998 0.00226818 -0.000497797 -0.00226783 0.999998 0.0541824 -0.0414781 -0.13031
FixedParameters: 0 0 0

#Transform 9
Transform: AffineTransform_float_3_3
Parameters: 1 0.000197043 0.000583324 -0.000197956 0.999998 0.00164089 -0.000582676 -0.00164012 0.999999 0.0602981 0.0975123 -0.129965
FixedParameters: 0 0 0

#Transform 10
Transform: AffineTransform_float_3_3
Parameters: 0.999999 -0.000216772 0.000730771 0.000216228 0.999999 0.00105616 -0.000731229 -0.00105584 0.999999 0.0468268 -0.0671227 -0.117575
FixedParameters: 0 0 0

#Transform 11
Transform: AffineTransform_float_3_3
Parameters: 1 -0.000672362 0.000783835 0.000671639 0.999999 0.00173553 -0.000785167 -0.00173547 0.999998 0.0377312 -0.0671743 -0.116543
FixedParameters: 0 0 0

#Transform 12
Transform: AffineTransform_float_3_3
Parameters: 0.999999 -0.000299676 0.000649688 0.000298323 1 0.00104119 -0.000650311 -0.00104081 0.999999 0.0294178 -0.028294 -0.100048
FixedParameters: 0 0 0

#Transform 13
Transform: AffineTransform_float_3_3
Parameters: 0.999999 -0.000932999 -5.95614e-06 0.000932999 0.999999 -4.70056e-05 6.04385e-06 4.69944e-05 1 0.03914 0.144574 -0.156968
FixedParameters: 0 0 0

#Transform 14
Transform: AffineTransform_float_3_3
Parameters: 1 0.000239002 0.000587999 -0.000238998 1 -3.14053e-06 -0.000588001 3.85947e-06 1 0.0398411 0.149038 -0.142224
FixedParameters: 0 0 0

#Transform 15
Transform: AffineTransform_float_3_3
Parameters: 1 0.000167028 0.00011696 -0.000166972 1 -0.00023802 -0.00011704 0.00023798 1 0.0848425 0.213978 -0.197058
FixedParameters: 0 0 0

#Transform 16
Transform: AffineTransform_float_3_3
Parameters: 1 -0.000266096 0.000596957 0.000265904 1 0.000161159 -0.000597043 -0.000160841 1 0.071885 0.177388 -0.172863
FixedParameters: 0 0 0

#Transform 17
Transform: AffineTransform_float_3_3
Parameters: 0.999999 -6.33766e-05 0.000715966 6.26233e-05 1 0.000526045 -0.000716033 -0.000525954 0.999999 0.0648909 0.165724 -0.178139
FixedParameters: 0 0 0

#Transform 18
Transform: AffineTransform_float_3_3
Parameters: 0.999999 -0.000142366 0.000698925 0.000142634 1 0.0005241 -0.000699074 -0.0005239 0.999999 0.0724816 0.140422 -0.166803
FixedParameters: 0 0 0

#Transform 19
Transform: AffineTransform_float_3_3
Parameters: 1 -0.000265852 0.000264149 0.000266148 1 -0.00055993 -0.000264851 0.00056007 1 0.0803177 0.121852 -0.17209
FixedParameters: 0 0 0

#Transform 20
Transform: AffineTransform_float_3_3
Parameters: 1 -8.67948e-05 0.000562031 8.72051e-05 1 -0.000364951 -0.000561968 0.000365049 1 0.075632 0.227672 -0.181066
FixedParameters: 0 0 0

#Transform 21
Transform: AffineTransform_float_3_3
Parameters: 0.999999 -0.000167918 0.000749018 0.000168082 1 -0.000108874 -0.000748981 0.000109126 0.999999 0.0754048 0.189683 -0.186299
FixedParameters: 0 0 0

#Transform 22
Transform: AffineTransform_float_3_3
Parameters: 1 0.000216302 0.000670902 -0.000216698 1 -0.000450145 -0.000671097 0.000449855 0.999999 0.0831611 0.249281 -0.207442
FixedParameters: 0 0 0

#Transform 23
Transform: AffineTransform_float_3_3
Parameters: 0.999999 0.000181528 0.000848887 -0.000180472 1 -0.000622154 -0.000848112 0.000621846 1 0.0759755 0.245086 -0.206073
FixedParameters: 0 0 0

#Transform 24
Transform: AffineTransform_float_3_3
Parameters: 0.999999 -5.64498e-05 0.000960032 5.655e-05 1 -0.000572946 -0.000959968 0.000573055 1 0.077819 0.215304 -0.196126
FixedParameters: 0 0 0

#Transform 25
Transform: AffineTransform_float_3_3
Parameters: 1 -0.000179441 0.000498202 0.000180559 1 -0.00112291 -0.000497798 0.00112309 0.999999 0.0770087 0.262006 -0.19601
FixedParameters: 0 0 0

#Transform 26
Transform: AffineTransform_float_3_3
Parameters: 1 -0.000184177 0.000905373 0.000185824 0.999998 -0.00201383 -0.000905628 0.00201417 0.999997 0.0879126 0.242924 -0.157445
FixedParameters: 0 0 0

#Transform 27
Transform: AffineTransform_float_3_3
Parameters: 0.999999 -1.87016e-05 0.00103702 2.02983e-05 0.999999 -0.00125198 -0.00103697 0.00125202 0.999998 0.0877353 0.263093 -0.164415
FixedParameters: 0 0 0

#Transform 28
Transform: AffineTransform_float_3_3
Parameters: 1 2.54999e-05 0.00106297 -2.45011e-05 0.999999 -0.00141003 -0.00106304 0.00141097 0.999999 0.0907059 0.265101 -0.203523
FixedParameters: 0 0 0

#Transform 29
Transform: AffineTransform_float_3_3
Parameters: 0.999999 -0.00014099 0.00122012 0.00014201 0.999999 -0.000827827 -0.00121988 0.000828172 0.999999 0.085911 0.244223 -0.208053
FixedParameters: 0 0 0

#Transform 30
Transform: AffineTransform_float_3_3
Parameters: 1 -0.0001404 0.0011282 0.000142599 0.999999 -0.00141784 -0.0011278 0.00141816 0.999999 0.0757497 0.274937 -0.196491
FixedParameters: 0 0 0

#Transform 31
Transform: AffineTransform_float_3_3
Parameters: 1 -1.00394e-05 0.00108202 1.19606e-05 0.999999 -0.00181199 -0.00108198 0.00181201 0.999998 0.0796245 0.312945 -0.212951
FixedParameters: 0 0 0

#Transform 32
Transform: AffineTransform_float_3_3
Parameters: 1 0.000166343 0.00116081 -0.000165658 1 -0.00115619 -0.00116119 0.00115681 0.999998 0.0906595 0.250916 -0.224062
FixedParameters: 0 0 0

#Transform 33
Transform: AffineTransform_float_3_3
Parameters: 0.999999 0.000152332 0.00126472 -0.000149668 0.999999 -0.00184319 -0.00126528 0.00184381 0.999998 0.092519 0.351769 -0.241159
FixedParameters: 0 0 0

#Transform 34
Transform: AffineTransform_float_3_3
Parameters: 1 -0.000140542 0.0010322 0.000142458 0.999999 -0.00141285 -0.0010318 0.00141315 0.999999 0.0864492 0.335395 -0.260971
FixedParameters: 0 0 0

#Transform 35
Transform: AffineTransform_float_3_3
Parameters: 1 -1.52488e-05 0.00107903 1.67512e-05 0.999998 -0.00162298 -0.00107897 0.00162302 0.999998 0.0939947 0.304431 -0.22517
FixedParameters: 0 0 0

#Transform 36
Transform: AffineTransform_float_3_3
Parameters: 0.999999 -0.000139991 0.000982288 0.000142009 0.999998 -0.00204586 -0.000981712 0.00204514 0.999998 0.0973147 0.34837 -0.240864
FixedParameters: 0 0 0

#Transform 37
Transform: AffineTransform_float_3_3
Parameters: 1 -0.000140439 0.0011232 0.000142561 0.999999 -0.00138984 -0.0011228 0.00139016 0.999999 0.0912588 0.320917 -0.24573
FixedParameters: 0 0 0

#Transform 38
Transform: AffineTransform_float_3_3
Parameters: 0.999999 3.94303e-05 0.000913939 -3.85695e-05 0.999999 -0.00156504 -0.000914061 0.00156496 0.999999 0.09436 0.307983 -0.222146
FixedParameters: 0 0 0

#Transform 39
Transform: AffineTransform_float_3_3
Parameters: 0.999999 0.000309465 0.00119637 -0.000306535 0.999998 -0.00206037 -0.00119663 0.00205963 0.999997 0.105869 0.319984 -0.206827
FixedParameters: 0 0 0

#Transform 40
Transform: AffineTransform_float_3_3
Parameters: 0.999999 0.000463153 0.00117015 -0.000460847 0.999998 -0.00183954 -0.00117085 0.00183846 0.999997 0.10973 0.306402 -0.21921
FixedParameters: 0 0 0

#Transform 41
Transform: AffineTransform_float_3_3
Parameters: 1 0.000492323 0.000904282 -0.000490679 0.999999 -0.00146144 -0.000904718 0.00146155 0.999998 0.103297 0.329956 -0.252824
FixedParameters: 0 0 0

#Transform 42
Transform: AffineTransform_float_3_3
Parameters: 0.999999 0.000526504 0.000848067 -0.000525494 0.999999 -0.00177345 -0.000849933 0.00177255 0.999998 0.114307 0.329664 -0.238707
FixedParameters: 0 0 0

#Transform 43
Transform: AffineTransform_float_3_3
Parameters: 1 0.000526659 0.000958091 -0.000524342 0.999999 -0.0017305 -0.000958909 0.0017305 0.999998 0.107014 0.366186 -0.256293
FixedParameters: 0 0 0

#Transform 44
Transform: AffineTransform_float_3_3
Parameters: 0.999999 0.000638052 0.000675006 -0.000636947 0.999998 -0.00155843 -0.000675992 0.00155757 0.999998 0.11862 0.34571 -0.277266
FixedParameters: 0 0 0

#Transform 45
Transform: AffineTransform_float_3_3
Parameters: 0.999999 0.0005013 0.000670029 -0.000499698 0.999998 -0.00193934 -0.00067197 0.00193866 0.999998 0.112126 0.316618 -0.248066
FixedParameters: 0 0 0

#Transform 46
Transform: AffineTransform_float_3_3
Parameters: 0.999999 0.000566604 0.000732762 -0.000565398 0.999998 -0.00218742 -0.000733239 0.00218759 0.999998 0.116368 0.378178 -0.246534
FixedParameters: 0 0 0

#Transform 47
Transform: AffineTransform_float_3_3
Parameters: 0.999999 0.000505354 0.00066998 -0.000504645 0.999998 -0.00202034 -0.00067102 0.00201966 0.999997 0.106629 0.369067 -0.252855
FixedParameters: 0 0 0

#Transform 48
Transform: AffineTransform_float_3_3
Parameters: 1 0.000874552 0.000767235 -0.000873449 0.999997 -0.00202067 -0.000768767 0.00202033 0.999997 0.113197 0.350362 -0.244042
FixedParameters: 0 0 0

#Transform 49
Transform: AffineTransform_float_3_3
Parameters: 1 0.000392213 0.000985122 -0.000389788 0.999998 -0.00224539 -0.000985878 0.00224462 0.999997 0.0936037 0.363444 -0.237677
FixedParameters: 0 0 0

#Transform 50
Transform: AffineTransform_float_3_3
Parameters: 0.999999 0.000392092 0.000936126 -0.000389908 0.999998 -0.00223437 -0.000936873 0.00223363 0.999997 0.0956461 0.349454 -0.234892
FixedParameters: 0 0 0

#Transform 51
Transform: AffineTransform_float_3_3
Parameters: 0.999999 0.000391825 0.000832143 -0.000390176 0.999997 -0.00219133 -0.000832857 0.00219167 0.999998 0.0966385 0.331549 -0.23555
FixedParameters: 0 0 0

#Transform 52
Transform: AffineTransform_float_3_3
Parameters: 1 0.000564997 0.000934796 -0.000563002 0.999997 -0.00213553 -0.000936205 0.00213447 0.999998 0.0989963 0.338688 -0.237845
FixedParameters: 0 0 0

#Transform 53
Transform: AffineTransform_float_3_3
Parameters: 0.999999 0.000391809 0.000881198 -0.000390191 0.999998 -0.00205235 -0.000881802 0.00205166 0.999998 0.0959759 0.371518 -0.245574
FixedParameters: 0 0 0

#Transform 54
Transform: AffineTransform_float_3_3
Parameters: 1 0.0003928 0.00091981 -0.0003902 0.999996 -0.00304236 -0.000921192 0.00304164 0.999995 0.0681427 0.509851 -0.387468
FixedParameters: 0 0 0

#Transform 55
Transform: AffineTransform_float_3_3
Parameters: 0.999999 -0.000128514 0.00128367 0.000134489 0.999987 -0.00505483 -0.00128334 0.00505417 0.999987 0.058466 0.645311 -0.335923
FixedParameters: 0 0 0

#Transform 56
Transform: AffineTransform_float_3_3
Parameters: 1 0.000254834 0.000980757 -0.000250164 0.999988 -0.00492625 -0.000982245 0.00492575 0.999988 0.0704898 0.542763 -0.268994
FixedParameters: 0 0 0

#Transform 57
Transform: AffineTransform_float_3_3
Parameters: 1 0.00042736 0.00107728 -0.000422641 0.999991 -0.00404446 -0.00107872 0.00404354 0.999991 0.0858223 0.504393 -0.265703
FixedParameters: 0 0 0

#Transform 58
Transform: AffineTransform_float_3_3
Parameters: 0.999999 0.000531044 0.000782944 -0.000528955 0.999993 -0.00388342 -0.00078506 0.00388259 0.999992 0.0940943 0.486219 -0.276903
FixedParameters: 0 0 0

#Transform 59
Transform: AffineTransform_float_3_3
Parameters: 0.999999 0.000531585 0.000859793 -0.000528417 0.999991 -0.00416546 -0.000861208 0.00416454 0.999991 0.100372 0.51292 -0.266342
FixedParameters: 0 0 0

#Transform 60
Transform: AffineTransform_float_3_3
Parameters: 1 5.18794e-05 0.00106177 -4.71196e-05 0.99999 -0.00459505 -0.00106223 0.00459495 0.999989 0.0967623 0.473559 -0.263071
FixedParameters: 0 0 0

#Transform 61
Transform: AffineTransform_float_3_3
Parameters: 0.999998 -0.00170061 0.000355631 0.00170239 0.999975 -0.0068344 -0.000344371 0.00683559 0.999976 0.121015 0.0356956 -0.327113
FixedParameters: 0 0 0

#Transform 62
Transform: AffineTransform_float_3_3
Parameters: 0.999999 -0.00135276 0.000148777 0.00135425 0.999961 -0.00870181 -0.00013722 0.0087022 0.999962 0.134046 0.228463 -0.275937
FixedParameters: 0 0 0

#Transform 63
Transform: AffineTransform_float_3_3
Parameters: 0.999998 -0.00180174 0.00067735 0.00180325 0.999996 -0.00185778 -0.00067365 0.00185922 0.999998 0.0958653 0.358337 -0.364855
FixedParameters: 0 0 0

#Transform 64
Transform: AffineTransform_float_3_3
Parameters: 0.999997 -0.00103164 0.00191598 0.00103936 0.999992 -0.00384402 -0.00191202 0.00384598 0.999991 0.111029 0.440571 -0.273578
FixedParameters: 0 0 0

#Transform 65
Transform: AffineTransform_float_3_3
Parameters: 0.999998 -0.000988599 0.00138515 0.0009934 0.999995 -0.00317963 -0.00138185 0.00318137 0.999994 0.107894 0.425586 -0.31308
FixedParameters: 0 0 0

#Transform 66
Transform: AffineTransform_float_3_3
Parameters: 0.999999 -0.00103335 0.00149592 0.00103965 0.999993 -0.00378245 -0.00149208 0.00378455 0.999991 0.10341 0.483143 -0.317562
FixedParameters: 0 0 0

#Transform 67
Transform: AffineTransform_float_3_3
Parameters: 0.999999 -0.00118783 0.00138545 0.00119318 0.999993 -0.00373935 -0.00138155 0.00374065 0.999992 0.102645 0.395795 -0.311076
FixedParameters: 0 0 0

#Transform 68
Transform: AffineTransform_float_3_3
Parameters: 0.999998 -0.0010323 0.00156544 0.0010387 0.999991 -0.00428438 -0.00156156 0.00428562 0.999989 0.123038 0.448873 -0.284756
FixedParameters: 0 0 0

#Transform 69
Transform: AffineTransform_float_3_3
Parameters: 0.999998 -0.00109911 0.00124522 0.00110489 0.999988 -0.00473663 -0.00123978 0.00473837 0.999988 0.127909 0.452372 -0.292716
FixedParameters: 0 0 0

#Transform 70
Transform: AffineTransform_float_3_3
Parameters: 0.999999 -0.00117946 0.00101132 0.00118454 0.999989 -0.00450481 -0.00100567 0.00450619 0.99999 0.128092 0.435056 -0.285405
FixedParameters: 0 0 0

#Transform 71
Transform: AffineTransform_float_3_3
Parameters: 0.999998 -0.00124555 0.00107336 0.00125045 0.999986 -0.00509367 -0.00106664 0.00509434 0.999987 0.120401 0.486221 -0.237844
FixedParameters: 0 0 0

#Transform 72
Transform: AffineTransform_float_3_3
Parameters: 0.999998 -0.00133292 0.00157601 0.00134008 0.999989 -0.0044979 -0.00156999 0.0045001 0.999988 0.108659 0.477227 -0.302056
FixedParameters: 0 0 0

#Transform 73
Transform: AffineTransform_float_3_3
Parameters: 0.999999 -0.000649602 0.00121137 0.000654397 0.999993 -0.00363421 -0.00120863 0.00363479 0.999992 0.136349 0.387764 -0.244429
FixedParameters: 0 0 0

#Transform 74
Transform: AffineTransform_float_3_3
Parameters: 0.999999 -0.000455945 0.00125485 0.000461055 0.999992 -0.00403042 -0.00125315 0.00403157 0.999991 0.131182 0.453927 -0.262999
FixedParameters: 0 0 0

#Transform 75
Transform: AffineTransform_float_3_3
Parameters: 0.999998 -0.0010515 0.00155542 0.0010575 0.99999 -0.00418636 -0.00155059 0.00418864 0.99999 0.110725 0.489249 -0.295083
FixedParameters: 0 0 0

#Transform 76
Transform: AffineTransform_float_3_3
Parameters: 0.999998 -0.000767142 0.0014132 0.000772856 0.999991 -0.00414892 -0.00140981 0.00415009 0.999991 0.130126 0.548522 -0.331129
FixedParameters: 0 0 0

#Transform 77
Transform: AffineTransform_float_3_3
Parameters: 0.999999 -0.00056868 0.00141556 0.000574317 0.99999 -0.00446819 -0.00141245 0.00446881 0.999989 0.137251 0.452978 -0.2977
FixedParameters: 0 0 0

#Transform 78
Transform: AffineTransform_float_3_3
Parameters: 0.999999 -0.00101954 0.00117675 0.00102546 0.999988 -0.0046478 -0.00117225 0.0046482 0.999989 0.13539 0.534386 -0.323571
FixedParameters: 0 0 0

#Transform 79
Transform: AffineTransform_float_3_3
Parameters: 0.999997 -0.00121008 0.00174452 0.00121791 0.999989 -0.00454289 -0.00173848 0.00454511 0.999988 0.142941 0.459794 -0.2854
FixedParameters: 0 0 0

#Transform 80
Transform: AffineTransform_float_3_3
Parameters: 0.999999 -0.000518988 0.00130201 0.000524013 0.999993 -0.00385232 -0.00129999 0.00385268 0.999991 0.139488 0.481322 -0.290946
FixedParameters: 0 0 0

#Transform 81
Transform: AffineTransform_float_3_3
Parameters: 0.999999 -0.000768445 0.00166404 0.000774554 0.999992 -0.00394172 -0.00166096 0.00394328 0.999991 0.13443 0.511548 -0.317988
FixedParameters: 0 0 0

#Transform 82
Transform: AffineTransform_float_3_3
Parameters: 0.999996 -0.00161111 0.00206717 0.00161889 0.999992 -0.00382167 -0.00206082 0.00382433 0.99999 0.12114 0.481065 -0.305496
FixedParameters: 0 0 0

#Transform 83
Transform: AffineTransform_float_3_3
Parameters: 0.999997 -0.0012222 0.00176542 0.00122979 0.99999 -0.00442184 -0.00175958 0.00442416 0.999988 0.127821 0.499574 -0.285556
FixedParameters: 0 0 0

#Transform 84
Transform: AffineTransform_float_3_3
Parameters: 0.999998 -0.00102255 0.00194746 0.00103046 0.99999 -0.004344 -0.00194354 0.004346 0.999988 0.128108 0.520259 -0.283728
FixedParameters: 0 0 0

#Transform 85
Transform: AffineTransform_float_3_3
Parameters: 0.999998 -0.000862757 0.00167376 0.000870242 0.99999 -0.00433255 -0.00166925 0.00433345 0.999989 0.138123 0.488513 -0.279625
FixedParameters: 0 0 0

#Transform 86
Transform: AffineTransform_float_3_3
Parameters: 0.999999 -0.00126885 0.000795654 0.00127215 0.999986 -0.005235 -0.00078935 0.00523601 0.999986 0.152137 0.45415 -0.273881
FixedParameters: 0 0 0

#Transform 87
Transform: AffineTransform_float_3_3
Parameters: 0.999999 -0.000979087 0.00155537 0.00098591 0.999989 -0.00444947 -0.00155063 0.00445152 0.999989 0.140904 0.473435 -0.269496
FixedParameters: 0 0 0

#Transform 88
Transform: AffineTransform_float_3_3
Parameters: 0.999998 -0.000846573 0.00186684 0.000855427 0.99999 -0.00451741 -0.00186315 0.00451959 0.999988 0.134594 0.509118 -0.279192
FixedParameters: 0 0 0

#Transform 89
Transform: AffineTransform_float_3_3
Parameters: 1 -0.000754251 0.000843368 0.000758747 0.99999 -0.00445336 -0.000839629 0.00445463 0.999989 0.145006 0.25789 -0.315543
FixedParameters: 0 0 0

#Transform 90
Transform: AffineTransform_float_3_3
Parameters: 0.999999 -0.000214528 0.000838419 0.000219469 0.999978 -0.00653182 -0.000836584 0.00653218 0.999979 0.147066 0.172666 -0.509999
FixedParameters: 0 0 0

#Transform 91
Transform: AffineTransform_float_3_3
Parameters: 1 -0.000431331 0.00106831 0.000436672 0.999986 -0.00531154 -0.0010667 0.00531246 0.999986 0.113819 0.330937 -0.383778
FixedParameters: 0 0 0

#Transform 92
Transform: AffineTransform_float_3_3
Parameters: 0.999999 -0.000571656 0.00170482 0.000580345 0.999988 -0.00489802 -0.00170218 0.00489898 0.999986 0.1132 0.413038 -0.322799
FixedParameters: 0 0 0

#Transform 93
Transform: AffineTransform_float_3_3
Parameters: 0.999998 -0.000724054 0.00189045 0.000732949 0.999989 -0.00473563 -0.00188755 0.00473738 0.999987 0.119381 0.483927 -0.294405
FixedParameters: 0 0 0

#Transform 94
Transform: AffineTransform_float_3_3
Parameters: 0.999998 -0.00118439 0.00155406 0.00119061 0.99999 -0.00425916 -0.00154894 0.00426184 0.999989 0.114694 0.454172 -0.306838
FixedParameters: 0 0 0

#Transform 95
Transform: AffineTransform_float_3_3
Parameters: 0.999999 -0.000758316 0.00135775 0.000764681 0.999987 -0.00492997 -0.00135325 0.00493003 0.999987 0.104407 0.488209 -0.302597
FixedParameters: 0 0 0

#Transform 96
Transform: AffineTransform_float_3_3
Parameters: 0.999999 -0.000334025 0.000935791 0.000338976 0.999986 -0.00532169 -0.000934209 0.00532132 0.999986 0.103882 0.506021 -0.3007
FixedParameters: 0 0 0

#Transform 97
Transform: AffineTransform_float_3_3
Parameters: 1 -0.000333806 0.000991764 0.000339196 0.999986 -0.00524167 -0.000990236 0.00524233 0.999986 0.123481 0.487551 -0.303049
FixedParameters: 0 0 0

#Transform 98
Transform: AffineTransform_float_3_3
Parameters: 1 -0.000336638 0.000399005 0.000339362 0.999983 -0.00593387 -0.000396993 0.00593414 0.999983 0.12096 0.462512 -0.290058
FixedParameters: 0 0 0

#Transform 99
Transform: AffineTransform_float_3_3
Parameters: 1 -0.000335683 0.000540076 0.000339317 0.999981 -0.00615382 -0.000537922 0.00615418 0.999981 0.109034 0.466483 -0.25723
FixedParameters: 0 0 0

#Transform 100
Transform: AffineTransform_float_3_3
Parameters: 1 4.6409e-05 0.00109975 -3.95895e-05 0.999983 -0.00582705 -0.00110025 0.00582696 0.999983 0.116782 0.513509 -0.267037
FixedParameters: 0 0 0

#Transform 101
Transform: AffineTransform_float_3_3
Parameters: 1 -2.69624e-05 0.000551157 2.90367e-05 0.999985 -0.00551198 -0.000550848 0.00551201 0.999984 0.123295 0.518756 -0.297941
FixedParameters: 0 0 0

#Transform 102
Transform: AffineTransform_float_3_3
Parameters: 1 0.000477432 0.00106759 -0.000472567 0.999987 -0.00508151 -0.00107042 0.00508149 0.999987 0.130401 0.496643 -0.272752
FixedParameters: 0 0 0

#Transform 103
Transform: AffineTransform_float_3_3
Parameters: 1 0.00027237 0.00100656 -0.000266633 0.999986 -0.00533127 -0.00100744 0.00533073 0.999986 0.11666 0.542571 -0.28359
FixedParameters: 0 0 0

#Transform 104
Transform: AffineTransform_float_3_3
Parameters: 0.999999 5.53873e-05 0.000735753 -5.16116e-05 0.99999 -0.00460304 -0.000736245 0.00460296 0.999989 0.10478 0.531934 -0.302061
FixedParameters: 0 0 0

#Transform 105
Transform: AffineTransform_float_3_3
Parameters: 0.999999 0.000370749 0.000617357 -0.000368252 0.99999 -0.00444723 -0.000618643 0.00444677 0.99999 0.0992722 0.566007 -0.389443
FixedParameters: 0 0 0

#Transform 106
Transform: AffineTransform_float_3_3
Parameters: 0.999999 9.80224e-07 0.000979007 3.98018e-06 0.999987 -0.005087 -0.000978992 0.005087 0.999986 0.140144 0.596557 -0.344139
FixedParameters: 0 0 0

#Transform 107
Transform: AffineTransform_float_3_3
Parameters: 0.999998 -0.00155793 0.000390295 0.00155807 0.999995 -0.0027554 -0.000386707 0.00275661 0.999996 0.133539 0.136103 -0.372604
FixedParameters: 0 0 0

#Transform 108
Transform: AffineTransform_float_3_3
Parameters: 0.999998 0.00107614 0.00160058 -0.00107686 1 0.000535277 -0.00159942 -0.000536722 0.999998 0.133826 -0.0663749 -0.383313
FixedParameters: 0 0 0

#Transform 109
Transform: AffineTransform_float_3_3
Parameters: 0.999999 -0.000333161 0.00133146 0.000330839 0.999998 0.00162344 -0.00133154 -0.00162256 0.999998 0.1313 0.0472767 -0.296954
FixedParameters: 0 0 0

#Transform 110
Transform: AffineTransform_float_3_3
Parameters: 0.999998 -0.000751586 0.00185139 0.000754413 0.999998 -0.00184361 -0.00184961 0.00184539 0.999996 0.108579 0.389083 -0.30245
FixedParameters: 0 0 0

#Transform 111
Transform: AffineTransform_float_3_3
Parameters: 0.999998 -0.0011926 0.00173641 0.0011994 0.999993 -0.00368893 -0.00173259 0.00369108 0.999991 0.115224 0.408473 -0.278965
FixedParameters: 0 0 0

#Transform 112
Transform: AffineTransform_float_3_3
Parameters: 0.999997 -0.000994692 0.0021454 0.00100131 0.999993 -0.00340786 -0.0021426 0.00341014 0.999992 0.107614 0.557739 -0.327306
FixedParameters: 0 0 0

#Transform 113
Transform: AffineTransform_float_3_3
Parameters: 0.999998 -0.000898431 0.00213036 0.00090357 0.999996 -0.00261508 -0.00212764 0.00261692 0.999995 0.12949 0.401903 -0.298065
FixedParameters: 0 0 0

#Transform 114
Transform: AffineTransform_float_3_3
Parameters: 0.999997 -0.000703957 0.00235481 0.00071004 0.999996 -0.00256633 -0.00235218 0.00256766 0.999994 0.130387 0.411555 -0.284668
FixedParameters: 0 0 0

#Transform 115
Transform: AffineTransform_float_3_3
Parameters: 0.999997 -0.000646792 0.00206096 0.000652207 0.999995 -0.00301266 -0.00205904 0.00301434 0.999994 0.137226 0.483505 -0.292549
FixedParameters: 0 0 0

#Transform 116
Transform: AffineTransform_float_3_3
Parameters: 0.999996 -0.000708202 0.00251021 0.000716795 0.999995 -0.00310621 -0.00250778 0.00310879 0.999992 0.128317 0.469917 -0.274696
FixedParameters: 0 0 0

#Transform 117
Transform: AffineTransform_float_3_3
Parameters: 0.999996 -0.000616059 0.00257091 0.000623942 0.999995 -0.00308941 -0.00256908 0.00309059 0.999992 0.131523 0.490087 -0.27313
FixedParameters: 0 0 0

#Transform 118
Transform: AffineTransform_float_3_3
Parameters: 0.999997 -0.000504275 0.00237144 0.000511726 0.999996 -0.00283579 -0.00237056 0.0028372 0.999993 0.12221 0.475198 -0.321054
FixedParameters: 0 0 0

#Transform 119
Transform: AffineTransform_float_3_3
Parameters: 0.999998 -0.000173476 0.00210172 0.000182524 0.999992 -0.00405562 -0.00210128 0.00405637 0.999989 0.141735 0.517529 -0.276046
FixedParameters: 0 0 0

#Transform 120
Transform: AffineTransform_float_3_3
Parameters: 0.999999 0.0001728 0.00145044 -0.000168201 0.999995 -0.00330925 -0.00145057 0.00330876 0.999994 0.161851 0.501666 -0.295645
FixedParameters: 0 0 0

#Transform 121
Transform: AffineTransform_float_3_3
Parameters: 0.999998 -0.00046925 0.00166335 0.000473751 0.999996 -0.00285621 -0.00166265 0.00285678 0.999994 0.157179 0.47875 -0.298184
FixedParameters: 0 0 0

#Transform 122
Transform: AffineTransform_float_3_3
Parameters: 0.999999 -0.00030681 0.00170994 0.00031119 0.999996 -0.00303547 -0.00170906 0.00303653 0.999994 0.157477 0.481512 -0.266338
FixedParameters: 0 0 0

#Transform 123
Transform: AffineTransform_float_3_3
Parameters: 0.999998 -0.000726592 0.00158503 0.000731407 0.999996 -0.00278184 -0.00158297 0.00278315 0.999995 0.153173 0.480203 -0.289196
FixedParameters: 0 0 0

#Transform 124
Transform: AffineTransform_float_3_3
Parameters: 0.999999 -0.000403379 0.0014463 0.00040762 0.999995 -0.00319641 -0.0014447 0.00319659 0.999994 0.162115 0.531497 -0.294337
FixedParameters: 0 0 0

#Transform 125
Transform: AffineTransform_float_3_3
Parameters: 1 -0.000342159 0.0011052 0.00034584 0.999994 -0.00347662 -0.0011038 0.00347738 0.999994 0.179481 0.504573 -0.301952
FixedParameters: 0 0 0

#Transform 126
Transform: AffineTransform_float_3_3
Parameters: 0.999999 -0.000475149 0.00139666 0.000479853 0.999994 -0.00347533 -0.00139534 0.00347567 0.999993 0.16095 0.480124 -0.274607
FixedParameters: 0 0 0

#Transform 127
Transform: AffineTransform_float_3_3
Parameters: 0.999999 -0.000704776 0.00138966 0.000710221 0.999992 -0.00376202 -0.00138634 0.00376298 0.999992 0.172066 0.514317 -0.253825
FixedParameters: 0 0 0

#Transform 128
Transform: AffineTransform_float_3_3
Parameters: 0.999998 -0.000704762 0.0015474 0.000709236 0.999994 -0.00338691 -0.00154461 0.00338809 0.999993 0.170569 0.46858 -0.255735
FixedParameters: 0 0 0

#Transform 129
Transform: AffineTransform_float_3_3
Parameters: 0.999998 -0.000704832 0.00149545 0.000710166 0.999994 -0.00345794 -0.00149255 0.00345906 0.999993 0.171003 0.530397 -0.27048
FixedParameters: 0 0 0

#Transform 130
Transform: AffineTransform_float_3_3
Parameters: 0.999998 -0.000704104 0.00148481 0.000709892 0.999992 -0.00397395 -0.00148119 0.00397505 0.999991 0.171162 0.526401 -0.270725
FixedParameters: 0 0 0

#Transform 131
Transform: AffineTransform_float_3_3
Parameters: 0.999998 -0.000207965 0.00209381 0.000216035 0.999992 -0.00383756 -0.00209319 0.00383844 0.999991 0.171347 0.519927 -0.275698
FixedParameters: 0 0 0

#Transform 132
Transform: AffineTransform_float_3_3
Parameters: 0.999997 -0.00070292 0.00204644 0.000710077 0.999994 -0.00346055 -0.00204355 0.00346244 0.999992 0.165633 0.488253 -0.250284
FixedParameters: 0 0 0

#Transform 133
Transform: AffineTransform_float_3_3
Parameters: 0.999999 -0.000395246 0.00182769 0.00040375 0.999991 -0.00424327 -0.0018253 0.00424473 0.99999 0.152926 0.500235 -0.29624
FixedParameters: 0 0 0

#Transform 134
Transform: AffineTransform_float_3_3
Parameters: 0.999997 -0.000698075 0.00212994 0.000709924 0.999984 -0.0056025 -0.00212605 0.0056045 0.999982 0.143072 0.546334 -0.302966
FixedParameters: 0 0 0

#Transform 135
Transform: AffineTransform_float_3_3
Parameters: 0.999997 -0.000380802 0.00219315 0.000393197 0.999985 -0.00556415 -0.00219085 0.00556485 0.999982 0.14929 0.576486 -0.269002
FixedParameters: 0 0 0

#Transform 136
Transform: AffineTransform_float_3_3
Parameters: 0.999998 -0.000613582 0.00222846 0.00062542 0.999985 -0.00557562 -0.00222555 0.00557738 0.999982 0.143739 0.537381 -0.240308
FixedParameters: 0 0 0

#Transform 137
Transform: AffineTransform_float_3_3
Parameters: 0.999996 -0.000499096 0.00254157 0.000511905 0.999987 -0.00507872 -0.00253943 0.00508028 0.999984 0.143168 0.550116 -0.279931
FixedParameters: 0 0 0

#Transform 138
Transform: AffineTransform_float_3_3
Parameters: 0.999998 -0.00050264 0.0019794 0.000512363 0.999988 -0.00473099 -0.0019776 0.004732 0.999987 0.148676 0.500256 -0.290411
FixedParameters: 0 0 0

#Transform 139
Transform: AffineTransform_float_3_3
Parameters: 0.999997 -0.000750581 0.00208015 0.000762418 0.999984 -0.00549442 -0.00207584 0.00549557 0.999982 0.147073 0.645405 -0.317606
FixedParameters: 0 0 0

#Transform 140
Transform: AffineTransform_float_3_3
Parameters: 0.999998 -0.000668111 0.00218898 0.000680889 0.999983 -0.00589253 -0.00218503 0.00589448 0.99998 0.142673 0.586438 -0.285131
FixedParameters: 0 0 0

#Transform 141
Transform: AffineTransform_float_3_3
Parameters: 0.999997 -0.00034303 0.00247897 0.00035697 0.999984 -0.00563713 -0.00247703 0.00563787 0.999981 0.143842 0.61509 -0.293571
FixedParameters: 0 0 0

#Transform 142
Transform: AffineTransform_float_3_3
Parameters: 0.999997 -6.52789e-05 0.00242834 7.67215e-05 0.999989 -0.00482783 -0.00242766 0.00482718 0.999986 0.154371 0.622031 -0.338966
FixedParameters: 0 0 0

#Transform 143
Transform: AffineTransform_float_3_3
Parameters: 0.999997 -0.000473755 0.00240104 0.000484244 0.999991 -0.00426785 -0.00239895 0.00426915 0.999988 0.163253 0.548446 -0.306235
FixedParameters: 0 0 0

#Transform 144
Transform: AffineTransform_float_3_3
Parameters: 0.999997 -0.000788595 0.0025196 0.000800404 0.99999 -0.004529 -0.0025154 0.004531 0.999986 0.154724 0.623509 -0.312127
FixedParameters: 0 0 0

#Transform 145
Transform: AffineTransform_float_3_3
Parameters: 0.999998 -0.000791264 0.00219617 0.000800736 0.999992 -0.00398025 -0.00219283 0.00398174 0.999989 0.157828 0.55807 -0.34361
FixedParameters: 0 0 0

#Transform 146
Transform: AffineTransform_float_3_3
Parameters: 0.999998 -0.000789995 0.0021517 0.000800007 0.999989 -0.00465329 -0.0021483 0.00465471 0.999987 0.155961 0.602388 -0.316195
FixedParameters: 0 0 0

#Transform 147
Transform: AffineTransform_float_3_3
Parameters: 0.999998 -0.000541776 0.00193332 0.000550229 0.999991 -0.00425694 -0.00193168 0.00425705 0.999989 0.166127 0.611208 -0.328458
FixedParameters: 0 0 0

#Transform 148
Transform: AffineTransform_float_3_3
Parameters: 0.999998 -0.000792164 0.00195819 0.000799839 0.999991 -0.00400444 -0.00195581 0.00400556 0.99999 0.160077 0.562235 -0.324399
FixedParameters: 0 0 0

#Transform 149
Transform: AffineTransform_float_3_3
Parameters: 0.999999 -0.000790953 0.00158156 0.00080005 0.999984 -0.00572775 -0.00157744 0.00572926 0.999983 0.163886 0.593658 -0.266
FixedParameters: 0 0 0

#Transform 150
Transform: AffineTransform_float_3_3
Parameters: 0.999998 -0.000405897 0.00153616 0.000414102 0.999986 -0.00527837 -0.00153384 0.00527863 0.999985 0.161255 0.564908 -0.281363
FixedParameters: 0 0 0

#Transform 151
Transform: AffineTransform_float_3_3
Parameters: 0.999998 -0.000790242 0.00189111 0.000800757 0.999987 -0.0051645 -0.00188689 0.0051665 0.999985 0.160858 0.550244 -0.249144
FixedParameters: 0 0 0

#Transform 152
Transform: AffineTransform_float_3_3
Parameters: 0.999998 -0.000790858 0.00178308 0.00080014 0.999986 -0.00513158 -0.00177892 0.00513342 0.999985 0.161919 0.562204 -0.277948
FixedParameters: 0 0 0

#Transform 153
Transform: AffineTransform_float_3_3
Parameters: 0.999998 -0.000789727 0.00178658 0.000800275 0.999983 -0.00575658 -0.00178242 0.00575842 0.999982 0.161867 0.575334 -0.265449
FixedParameters: 0 0 0

#Transform 154
Transform: AffineTransform_float_3_3
Parameters: 0.999999 -0.000794521 0.00117373 0.00080048 0.999989 -0.00467507 -0.00117027 0.00467594 0.999989 0.156869 0.474332 -0.212968
FixedParameters: 0 0 0

#Transform 155
Transform: AffineTransform_float_3_3
Parameters: 0.999998 -0.000403155 0.00154653 0.000409843 0.999993 -0.00378137 -0.00154446 0.00378163 0.999991 0.158072 0.4412 -0.210648
FixedParameters: 0 0 0

#Transform 156
Transform: AffineTransform_float_3_3
Parameters: 0.999999 -0.000637932 0.001729 0.000646068 0.999989 -0.00466989 -0.001726 0.00467111 0.999987 0.160871 0.538092 -0.220628
FixedParameters: 0 0 0

#Transform 157
Transform: AffineTransform_float_3_3
Parameters: 0.999997 -0.000636992 0.00208677 0.000646009 0.999991 -0.00431867 -0.00208423 0.00432034 0.999989 0.157965 0.54178 -0.259751
FixedParameters: 0 0 0

#Transform 158
Transform: AffineTransform_float_3_3
Parameters: 0.999998 -0.000635071 0.00201448 0.000645925 0.999985 -0.00542871 -0.00201052 0.00543029 0.999983 0.147023 0.600575 -0.254118
FixedParameters: 0 0 0

#Transform 159
Transform: AffineTransform_float_3_3
Parameters: 0.999998 -0.000634127 0.00201877 0.000646874 0.999983 -0.00588571 -0.00201523 0.00588729 0.99998 0.146986 0.585507 -0.261558
FixedParameters: 0 0 0

#Transform 160
Transform: AffineTransform_float_3_3
Parameters: 0.999998 -0.000813004 0.00175819 0.000821999 0.999986 -0.00512156 -0.00175481 0.00512344 0.999986 0.160965 0.500438 -0.218935
FixedParameters: 0 0 0

#Transform 161
Transform: AffineTransform_float_3_3
Parameters: 0.999997 -0.000925626 0.00197442 0.000935377 0.999989 -0.00475216 -0.00197058 0.00475384 0.999987 0.157433 0.555718 -0.258974
FixedParameters: 0 0 0

#Transform 162
Transform: AffineTransform_float_3_3
Parameters: 0.999997 -0.000925329 0.00196359 0.000935673 0.999988 -0.00493018 -0.00195941 0.00493183 0.999986 0.160876 0.54963 -0.25913
FixedParameters: 0 0 0

#Transform 163
Transform: AffineTransform_float_3_3
Parameters: 0.999997 -0.000803325 0.00198835 0.000813674 0.999985 -0.00537439 -0.00198365 0.0053756 0.999983 0.163492 0.554207 -0.242991
FixedParameters: 0 0 0

#Transform 164
Transform: AffineTransform_float_3_3
Parameters: 0.999998 -0.000656386 0.00196592 0.000667616 0.999983 -0.0059137 -0.00196209 0.0059143 0.99998 0.156319 0.59131 -0.264939
FixedParameters: 0 0 0

#Transform 165
Transform: AffineTransform_float_3_3
Parameters: 0.999999 -0.000353954 0.00177124 0.000365046 0.999981 -0.00624037 -0.00176876 0.00624064 0.999979 0.171248 0.611241 -0.237422
FixedParameters: 0 0 0

#Transform 166
Transform: AffineTransform_float_3_3
Parameters: 0.999998 -0.000899454 0.00175991 0.000909547 0.999985 -0.00543141 -0.00175508 0.00543259 0.999983 0.174532 0.494778 -0.202691
FixedParameters: 0 0 0

#Transform 167
Transform: AffineTransform_float_3_3
Parameters: 0.999998 -0.00057054 0.00179104 0.00058046 0.999986 -0.00528597 -0.00178796 0.00528703 0.999985 0.182124 0.562623 -0.218845
FixedParameters: 0 0 0

#Transform 168
Transform: AffineTransform_float_3_3
Parameters: 0.999999 -0.000700767 0.00167689 0.000710234 0.999985 -0.00551182 -0.00167311 0.00551319 0.999984 0.167225 0.593912 -0.251857
FixedParameters: 0 0 0

#Transform 169
Transform: AffineTransform_float_3_3
Parameters: 0.999998 -0.000699546 0.00190687 0.00071045 0.999984 -0.00548766 -0.00190213 0.00548834 0.999983 0.175318 0.572538 -0.229909
FixedParameters: 0 0 0

#Transform 170
Transform: AffineTransform_float_3_3
Parameters: 0.999998 -0.000508972 0.00191297 0.000520023 0.999983 -0.00576902 -0.00190903 0.00576998 0.999981 0.168047 0.575215 -0.218969
FixedParameters: 0 0 0

#Transform 171
Transform: AffineTransform_float_3_3
Parameters: 0.999999 -0.000379706 0.00179621 0.000390294 0.999984 -0.00573431 -0.00179379 0.00573469 0.999982 0.156271 0.602534 -0.243857
FixedParameters: 0 0 0

#Transform 172
Transform: AffineTransform_float_3_3
Parameters: 0.999998 -0.000290269 0.00205369 0.000301731 0.999983 -0.00571339 -0.00205231 0.0057146 0.999981 0.155763 0.592073 -0.243349
FixedParameters: 0 0 0

#Transform 173
Transform: AffineTransform_float_3_3
Parameters: 0.999997 -0.000309787 0.00234179 0.000322207 0.999984 -0.00564326 -0.00233922 0.00564474 0.999982 0.154823 0.56343 -0.244115
FixedParameters: 0 0 0

#Transform 174
Transform: AffineTransform_float_3_3
Parameters: 0.999998 -0.000480207 0.00195993 0.000491787 0.999982 -0.00602105 -0.00195607 0.00602195 0.99998 0.152227 0.624485 -0.251593
FixedParameters: 0 0 0

#Transform 175
Transform: AffineTransform_float_3_3
Parameters: 0.999998 -0.000524758 0.00201623 0.000537241 0.999982 -0.00607594 -0.00201277 0.00607707 0.99998 0.164503 0.598739 -0.251857
FixedParameters: 0 0 0

#Transform 176
Transform: AffineTransform_float_3_3
Parameters: 0.999998 -0.000524172 0.00221008 0.000536828 0.999983 -0.00580783 -0.00220692 0.00580917 0.99998 0.162852 0.598752 -0.251427
FixedParameters: 0 0 0

#Transform 177
Transform: AffineTransform_float_3_3
Parameters: 0.999997 -0.00052381 0.00207038 0.000537186 0.999979 -0.0063749 -0.00206662 0.00637609 0.999977 0.167153 0.623019 -0.232042
FixedParameters: 0 0 0

#Transform 178
Transform: AffineTransform_float_3_3
Parameters: 0.999998 -0.000524657 0.00190744 0.000537346 0.999979 -0.00647599 -0.00190456 0.00647701 0.999977 0.168759 0.602443 -0.241855
FixedParameters: 0 0 0

#Transform 179
Transform: AffineTransform_float_3_3
Parameters: 0.999999 -0.000528432 0.00133542 0.000537573 0.999979 -0.00642429 -0.00133257 0.00642472 0.999979 0.174316 0.574747 -0.229459
FixedParameters: 0 0 0

#Transform 180
Transform: AffineTransform_float_3_3
Parameters: 0.999999 -0.000526948 0.00146366 0.000537055 0.999976 -0.00687623 -0.00146034 0.00687678 0.999976 0.173092 0.598734 -0.200294
FixedParameters: 0 0 0

#Transform 181
Transform: AffineTransform_float_3_3
Parameters: 0.999999 -0.000527097 0.00143567 0.000536897 0.999976 -0.00690524 -0.00143133 0.00690676 0.999975 0.167831 0.598064 -0.221441
FixedParameters: 0 0 0

#Transform 182
Transform: AffineTransform_float_3_3
Parameters: 0.999999 -0.000527293 0.00144059 0.000537703 0.999977 -0.00674624 -0.00143641 0.00674677 0.999976 0.157176 0.602565 -0.224885
FixedParameters: 0 0 0

#Transform 183
Transform: AffineTransform_float_3_3
Parameters: 0.999998 -0.000526935 0.00151354 0.000537061 0.999977 -0.00665719 -0.00150946 0.0066578 0.999976 0.172598 0.579727 -0.202792
FixedParameters: 0 0 0

#Transform 184
Transform: AffineTransform_float_3_3
Parameters: 0.999999 -0.000528335 0.00121979 0.000537666 0.999974 -0.00711435 -0.00121621 0.00711465 0.999974 0.175459 0.608613 -0.221659
FixedParameters: 0 0 0

#Transform 185
Transform: AffineTransform_float_3_3
Parameters: 0.999999 -0.000517449 0.00137264 0.000526547 0.999975 -0.00696728 -0.00136836 0.00696771 0.999975 0.174188 0.607703 -0.2275
FixedParameters: 0 0 0

#Transform 186
Transform: AffineTransform_float_3_3
Parameters: 0.999998 -0.000203557 0.00156839 0.00021344 0.999978 -0.00666067 -0.00156661 0.00666132 0.999976 0.17501 0.571259 -0.207535
FixedParameters: 0 0 0

#Transform 187
Transform: AffineTransform_float_3_3
Parameters: 0.999999 -0.000222193 0.00149949 0.000231803 0.999978 -0.00654266 -0.00149752 0.00654334 0.999978 0.157837 0.58684 -0.210306
FixedParameters: 0 0 0

#Transform 188
Transform: AffineTransform_float_3_3
Parameters: 0.999998 -0.000854478 0.00213141 0.000880517 0.999927 -0.0120021 -0.00212058 0.0120038 0.999925 0.115073 0.781722 -0.368139
FixedParameters: 0 0 0

#Transform 189
Transform: AffineTransform_float_3_3
