# transform file /out/sourcedata/freesurfer/sub-v1s23x0050571_ses-1/mri/transforms/cc_up.lta
# created by oesteban on Mon Mar  9 20:52:01 2026

type      = 0 # LINEAR_VOX_TO_VOX
nxforms   = 1
mean      = 128.0000 113.0000 125.0000
sigma     = 10000.0000
1 4 4
9.939777851104736e-01 -1.080715432763100e-01 -1.812837086617947e-02 1.584641933441162e+01 
1.080535799264908e-01 9.941430687904358e-01 -1.970703247934580e-03 2.226008224487305e+01 
1.823517121374607e-02 -2.328306436538696e-10 9.998337030410767e-01 4.737962245941162e+00 
0.000000000000000e+00 0.000000000000000e+00 0.000000000000000e+00 1.000000000000000e+00 
src volume info
valid = 1  # volume info valid
filename = /out/sourcedata/freesurfer/sub-v1s23x0050571_ses-1/mri/norm.mgz
volume = 256 256 256
voxelsize = 1.000000000000000e+00 1.000000000000000e+00 1.000000000000000e+00
xras   = -1.000000000000000e+00 0.000000000000000e+00 0.000000000000000e+00
yras   = 0.000000000000000e+00 0.000000000000000e+00 -1.000000000000000e+00
zras   = 0.000000000000000e+00 1.000000000000000e+00 0.000000000000000e+00
cras   = 5.331520080566406e+01 -4.904869079589844e+01 2.349833679199219e+01
dst volume info
valid = 1  # volume info valid
filename = /out/sourcedata/freesurfer/sub-v1s23x0050571_ses-1/mri/norm.mgz
volume = 256 256 256
voxelsize = 1.000000000000000e+00 1.000000000000000e+00 1.000000000000000e+00
xras   = -1.000000000000000e+00 0.000000000000000e+00 0.000000000000000e+00
yras   = 0.000000000000000e+00 0.000000000000000e+00 -1.000000000000000e+00
zras   = 0.000000000000000e+00 1.000000000000000e+00 0.000000000000000e+00
cras   = 5.331520080566406e+01 -4.904869079589844e+01 2.349833679199219e+01
