#Insight Transform File V1.0
#Transform 0
Transform: AffineTransform_float_3_3
Parameters: 0.999998 0.000341282 -0.00222442 -0.000323714 0.99997 0.00776474 0.00222758 -0.00776426 0.999968 0.066974 -0.328241 -0.366856
FixedParameters: 0 0 0

#Transform 1
Transform: AffineTransform_float_3_3
Parameters: 1 -3.0771e-08 -0.000117 -3.0771e-08 1 -0.000263 0.000117 0.000263 1 -0.0105656 -0.0189143 0.0994104
FixedParameters: 0 0 0

#Transform 2
Transform: AffineTransform_float_3_3
Parameters: 1 0.000283895 -0.000480062 -0.000284105 1 -0.000217864 0.000479938 0.000218136 1 0.0162094 -0.000874245 0.0194652
FixedParameters: 0 0 0

#Transform 3
Transform: AffineTransform_float_3_3
Parameters: 1 1.4504e-08 3.7e-05 1.4504e-08 1 -0.000392 -3.7e-05 0.000392 1 0.031208 -0.0213485 0.0123468
FixedParameters: 0 0 0

#Transform 4
Transform: AffineTransform_float_3_3
Parameters: 1 -6.39981e-05 0.000381 6.40019e-05 1 -4.97562e-06 -0.000381 5.02438e-06 1 0.00355906 -0.038104 0.0329903
FixedParameters: 0 0 0

#Transform 5
Transform: AffineTransform_float_3_3
Parameters: 1 4.991e-08 0.00023 4.991e-08 1 -0.000217 -0.00023 0.000217 1 0.0102974 -0.00427167 0.0159371
FixedParameters: 0 0 0

#Transform 6
Transform: AffineTransform_float_3_3
Parameters: 1 -0.000240158 0.000245846 0.000239842 1 0.000642059 -0.000246154 -0.000642941 1 0.0127528 -0.056235 -0.0178453
FixedParameters: 0 0 0

#Transform 7
Transform: AffineTransform_float_3_3
Parameters: 0.999999 -0.00104796 0.00100518 0.00105104 0.999995 -0.00302495 -0.00100182 0.00302605 0.999995 -0.0213058 0.116956 -0.076323
FixedParameters: 0 0 0

#Transform 8
Transform: AffineTransform_float_3_3
Parameters: 0.999998 -0.00207769 0.000409909 0.00208032 0.999982 -0.00572817 -0.00039809 0.00572885 0.999984 0.0832088 0.512589 -0.312951
FixedParameters: 0 0 0

#Transform 9
Transform: AffineTransform_float_3_3
Parameters: 0.999999 -0.00164024 0.000699268 0.00164476 0.999975 -0.00685886 -0.000687736 0.00685914 0.999976 0.0576245 0.457162 -0.233447
FixedParameters: 0 0 0

#Transform 10
Transform: AffineTransform_float_3_3
Parameters: 0.999999 -0.00126961 0.000584431 0.00127339 0.999982 -0.00584526 -0.000576565 0.00584674 0.999982 0.0562068 0.429193 -0.222431
FixedParameters: 0 0 0

#Transform 11
Transform: AffineTransform_float_3_3
Parameters: 0.999999 -0.00105453 0.000810849 0.00105847 0.999984 -0.00553415 -0.000805155 0.00553486 0.999985 0.0408891 0.384304 -0.228371
FixedParameters: 0 0 0

#Transform 12
Transform: AffineTransform_float_3_3
Parameters: 0.999999 -0.000941869 0.00109742 0.000947128 0.999988 -0.00468397 -0.00109258 0.00468503 0.999989 0.0252494 0.365802 -0.212068
FixedParameters: 0 0 0

#Transform 13
Transform: AffineTransform_float_3_3
Parameters: 0.999999 -0.000873604 0.00109572 0.000877397 0.999995 -0.00310304 -0.00109328 0.00310396 0.999994 0.0442935 0.318902 -0.321156
FixedParameters: 0 0 0

#Transform 14
Transform: AffineTransform_float_3_3
Parameters: 0.999998 -0.00049389 -0.00199778 0.00049311 1 -0.000445986 0.00199722 0.000445014 0.999998 0.0831772 -0.0286701 -0.0384066
FixedParameters: 0 0 0

#Transform 15
Transform: AffineTransform_float_3_3
Parameters: 0.999999 -0.000164283 -0.00124363 0.000168715 0.999993 0.00379379 0.00124237 -0.00379421 0.999992 0.0601197 -0.0943979 0.0340629
FixedParameters: 0 0 0

#Transform 16
Transform: AffineTransform_float_3_3
Parameters: 0.999998 -0.00104866 0.00174681 0.00104434 0.999998 0.00209683 -0.00174819 -0.00209517 0.999997 -0.0152656 -0.0795352 -0.0485762
FixedParameters: 0 0 0

#Transform 17
Transform: AffineTransform_float_3_3
Parameters: 0.999996 -0.00100439 0.00270323 0.00100461 1 -0.000224285 -0.00270277 0.000226716 0.999997 -0.0291302 0.0146089 -0.00371203
FixedParameters: 0 0 0

#Transform 18
Transform: AffineTransform_float_3_3
Parameters: 0.999995 -0.000663245 0.00287587 0.000666755 0.999999 -0.00130509 -0.00287513 0.00130691 0.999995 -0.0494399 0.0867496 -0.0741025
FixedParameters: 0 0 0

#Transform 19
Transform: AffineTransform_float_3_3
Parameters: 0.999994 -0.00109905 0.00332397 0.00110495 0.999998 -0.00178934 -0.00332203 0.00179266 0.999993 -0.0745812 0.110106 -0.0823427
FixedParameters: 0 0 0

#Transform 20
Transform: AffineTransform_float_3_3
Parameters: 0.999996 -0.00155324 0.00216642 0.00155876 0.999997 -0.00219663 -0.00216258 0.00220037 0.999995 -0.0378213 0.144715 -0.0733452
FixedParameters: 0 0 0

#Transform 21
Transform: AffineTransform_float_3_3
Parameters: 0.999992 -0.00248689 0.00292607 0.00250811 0.99997 -0.00723271 -0.00290792 0.00724028 0.999969 0.00781588 0.351755 -0.233409
FixedParameters: 0 0 0

#Transform 22
Transform: AffineTransform_float_3_3
Parameters: 0.99997 -0.00489417 0.00601182 0.00493282 0.999967 -0.00646054 -0.00597918 0.00649046 0.999961 -0.039851 -0.00639433 -0.0485433
FixedParameters: 0 0 0

#Transform 23
Transform: AffineTransform_float_3_3
Parameters: 0.999976 -0.00445485 0.0051982 0.00449014 0.999965 -0.00696282 -0.00516681 0.00698618 0.999962 -0.040672 0.250724 -0.0347703
FixedParameters: 0 0 0

#Transform 24
Transform: AffineTransform_float_3_3
Parameters: 0.999977 -0.00410427 0.00526725 0.00413873 0.999969 -0.00660035 -0.00523975 0.00662165 0.999965 -0.068717 0.112843 -0.0102832
FixedParameters: 0 0 0

#Transform 25
Transform: AffineTransform_float_3_3
Parameters: 0.999979 -0.00333428 0.00554956 0.00338372 0.999955 -0.0087924 -0.00552043 0.00881159 0.999946 -0.0768146 0.222376 -0.00977291
FixedParameters: 0 0 0

#Transform 26
Transform: AffineTransform_float_3_3
Parameters: 0.999985 -0.00220937 0.00502431 0.00225563 0.999956 -0.00909381 -0.00500468 0.0091052 0.999946 -0.0594799 0.302526 -0.0434641
FixedParameters: 0 0 0

#Transform 27
Transform: AffineTransform_float_3_3
Parameters: 0.999985 -0.00225573 0.00511485 0.00229726 0.999963 -0.00827238 -0.00509516 0.00828462 0.999952 -0.0759837 0.274917 -0.0709328
FixedParameters: 0 0 0

#Transform 28
Transform: AffineTransform_float_3_3
Parameters: 0.999984 -0.00268258 0.00500949 0.00272542 0.999958 -0.00868048 -0.00498651 0.00869451 0.99995 -0.0807399 0.261488 -0.0741094
FixedParameters: 0 0 0

#Transform 29
Transform: AffineTransform_float_3_3
Parameters: 0.999983 -0.00360081 0.00471049 0.0036572 0.999921 -0.011975 -0.00466751 0.011992 0.999917 -0.0341253 0.534695 -0.186377
FixedParameters: 0 0 0

#Transform 30
Transform: AffineTransform_float_3_3
Parameters: 0.999989 -0.00189664 0.00433653 0.00193436 0.999961 -0.00862671 -0.00432047 0.00863529 0.999954 -0.0335473 0.277992 -0.097943
FixedParameters: 0 0 0

#Transform 31
Transform: AffineTransform_float_3_3
Parameters: 0.999989 -0.00231499 0.00392824 0.00234901 0.999959 -0.00867486 -0.00390876 0.00868413 0.999954 -0.0546417 0.438947 -0.15022
FixedParameters: 0 0 0

#Transform 32
Transform: AffineTransform_float_3_3
Parameters: 0.99999 -0.0021524 0.00396312 0.0021806 0.999974 -0.00697443 -0.00394788 0.00698257 0.999968 -0.0671358 0.332744 -0.145908
FixedParameters: 0 0 0

#Transform 33
Transform: AffineTransform_float_3_3
Parameters: 0.999988 -0.00221408 0.0042009 0.00224391 0.999972 -0.00712965 -0.00418509 0.00713935 0.999966 -0.0767157 0.376571 -0.160466
FixedParameters: 0 0 0

#Transform 34
Transform: AffineTransform_float_3_3
Parameters: 0.999989 -0.00198726 0.00420686 0.00200774 0.999986 -0.00493261 -0.00419614 0.00494039 0.999979 -0.109019 0.059412 -0.0916979
FixedParameters: 0 0 0

#Transform 35
Transform: AffineTransform_float_3_3
Parameters: 0.999987 -0.00172214 0.00478711 0.00176885 0.999951 -0.00980066 -0.00476988 0.00980934 0.99994 -0.116275 0.39654 -0.0764421
FixedParameters: 0 0 0

#Transform 36
Transform: AffineTransform_float_3_3
Parameters: 0.999987 -0.00201989 0.00466701 0.00206011 0.999959 -0.0088215 -0.004649 0.00883051 0.99995 -0.132034 0.293759 -0.0364142
FixedParameters: 0 0 0

#Transform 37
Transform: AffineTransform_float_3_3
Parameters: 0.999989 -0.00232616 0.00413223 0.00235983 0.999963 -0.00820234 -0.00411277 0.00821265 0.999958 -0.107983 0.341855 -0.102316
FixedParameters: 0 0 0

#Transform 38
Transform: AffineTransform_float_3_3
Parameters: 0.999997 -0.00219792 0.00114977 0.00220308 0.999987 -0.00443948 -0.00114023 0.00444152 0.99999 -0.0380432 0.349773 -0.15148
FixedParameters: 0 0 0

#Transform 39
Transform: AffineTransform_float_3_3
Parameters: 0.999998 -0.00155804 0.0016507 0.00156296 0.999995 -0.00300743 -0.0016453 0.00301057 0.999994 -0.054062 0.153157 -0.133861
FixedParameters: 0 0 0

#Transform 40
Transform: AffineTransform_float_3_3
Parameters: 0.999997 -0.00140717 0.00166081 0.00141483 0.99999 -0.00411766 -0.00165519 0.00412034 0.99999 -0.0042044 0.423357 -0.410094
FixedParameters: 0 0 0

#Transform 41
Transform: AffineTransform_float_3_3
Parameters: 0.999996 -0.00176997 0.00214133 0.00178003 0.999988 -0.00469121 -0.00213267 0.00469479 0.999986 -0.043011 0.316018 -0.275852
FixedParameters: 0 0 0

#Transform 42
Transform: AffineTransform_float_3_3
Parameters: 0.999994 -0.00189932 0.00266054 0.00191368 0.999983 -0.00552594 -0.00264946 0.00553106 0.999981 -0.0504853 0.307784 -0.247387
FixedParameters: 0 0 0

#Transform 43
Transform: AffineTransform_float_3_3
Parameters: 0.999993 -0.00304811 0.00188733 0.00305988 0.999976 -0.00632727 -0.00186767 0.00633274 0.999978 -0.0300301 0.390515 -0.365747
FixedParameters: 0 0 0

#Transform 44
Transform: AffineTransform_float_3_3
Parameters: 0.999999 -0.00103911 0.0011096 0.00104389 0.999989 -0.00441584 -0.0011054 0.00441715 0.999989 -0.00905407 0.296556 -0.271847
FixedParameters: 0 0 0

#Transform 45
Transform: AffineTransform_float_3_3
Parameters: 0.999998 -0.00113717 0.00174544 0.00114682 0.999984 -0.00563901 -0.00173856 0.00564099 0.999982 -0.0660499 0.211891 -0.194569
FixedParameters: 0 0 0

#Transform 46
Transform: AffineTransform_float_3_3
Parameters: 0.999997 -0.00121135 0.00183608 0.00122465 0.999972 -0.00745377 -0.00182692 0.00745623 0.99997 -0.0652975 0.386794 -0.205715
FixedParameters: 0 0 0

#Transform 47
Transform: AffineTransform_float_3_3
Parameters: 0.999997 -0.00102823 0.00231751 0.00104477 0.999973 -0.0072456 -0.00231049 0.0072484 0.999971 -0.0670493 0.365047 -0.174533
FixedParameters: 0 0 0

#Transform 48
Transform: AffineTransform_float_3_3
Parameters: 0.999996 -0.000995272 0.00260761 0.00101472 0.999971 -0.00757438 -0.00259939 0.00757761 0.999968 -0.0844789 0.365135 -0.18846
FixedParameters: 0 0 0

#Transform 49
Transform: AffineTransform_float_3_3
Parameters: 0.999997 -0.000794882 0.00230597 0.000812119 0.999972 -0.00743215 -0.00230003 0.00743385 0.999969 -0.080006 0.392088 -0.179702
FixedParameters: 0 0 0

#Transform 50
Transform: AffineTransform_float_3_3
Parameters: 0.999997 -0.000798876 0.00205415 0.000812123 0.999979 -0.00639635 -0.00204885 0.00639766 0.999978 -0.0778249 0.397985 -0.253958
FixedParameters: 0 0 0

#Transform 51
Transform: AffineTransform_float_3_3
Parameters: 0.999998 -0.00065364 0.00219594 0.00067036 0.999972 -0.00745755 -0.00219106 0.00745945 0.99997 -0.103074 0.384897 -0.213869
FixedParameters: 0 0 0

#Transform 52
Transform: AffineTransform_float_3_3
Parameters: 0.999997 -0.000733213 0.00227116 0.000748786 0.999975 -0.00695832 -0.00226585 0.00695968 0.999973 -0.0839269 0.37007 -0.228867
FixedParameters: 0 0 0

#Transform 53
Transform: AffineTransform_float_3_3
Parameters: 0.999999 -0.000495799 0.00147244 0.000503199 0.999988 -0.00489426 -0.00146955 0.00489473 0.999987 -0.0190837 0.356295 -0.202844
FixedParameters: 0 0 0

#Transform 54
Transform: AffineTransform_float_3_3
Parameters: 0.999995 -0.00259236 0.00142339 0.00260363 0.999962 -0.00823233 -0.00140161 0.00823667 0.999965 -0.00135983 0.324455 -0.226633
FixedParameters: 0 0 0

#Transform 55
Transform: AffineTransform_float_3_3
Parameters: 0.999996 -0.00155359 0.00212556 0.00158042 0.999921 -0.0124807 -0.00210644 0.0124833 0.99992 -0.0651666 0.529435 -0.122539
FixedParameters: 0 0 0

#Transform 56
Transform: AffineTransform_float_3_3
Parameters: 0.999995 -0.00134264 0.00258941 0.00138535 0.999864 -0.0164265 -0.00256659 0.0164305 0.999861 -0.0837021 0.507511 0.159438
FixedParameters: 0 0 0

#Transform 57
Transform: AffineTransform_float_3_3
Parameters: 0.999994 -0.000551365 0.00319553 0.000603643 0.999864 -0.0164942 -0.00318648 0.0164958 0.999859 -0.0881462 0.553937 0.12718
FixedParameters: 0 0 0

#Transform 58
Transform: AffineTransform_float_3_3
Parameters: 0.999994 -0.00115122 0.00326572 0.00120278 0.999873 -0.0158972 -0.00324729 0.0159008 0.999869 -0.0645417 0.570232 0.0686623
FixedParameters: 0 0 0

#Transform 59
Transform: AffineTransform_float_3_3
Parameters: 0.999996 -0.00117599 0.00263223 0.00120301 0.999947 -0.0102829 -0.00261976 0.0102861 0.999943 -0.046928 0.513486 -0.160421
FixedParameters: 0 0 0

#Transform 60
Transform: AffineTransform_float_3_3
Parameters: 0.999998 -0.000969946 0.00178681 0.000986047 0.999959 -0.00900625 -0.00177719 0.00900774 0.999958 -0.0240979 0.400706 -0.098004
FixedParameters: 0 0 0

#Transform 61
Transform: AffineTransform_float_3_3
Parameters: 0.999999 -0.00181474 0.000320074 0.00181726 0.999943 -0.0105004 -0.000300935 0.0105006 0.999945 -0.00683627 0.512082 -0.234304
FixedParameters: 0 0 0

#Transform 62
Transform: AffineTransform_float_3_3
Parameters: 0.999999 -0.00157023 9.55608e-05 0.00157077 0.999962 -0.00863386 -8.24409e-05 0.00863414 0.999962 -0.0172028 0.36005 -0.162453
FixedParameters: 0 0 0

#Transform 63
Transform: AffineTransform_float_3_3
Parameters: 0.999999 -0.000355993 0.00133707 0.000360008 0.999996 -0.00299852 -0.00133593 0.00299848 0.999994 0.00441804 0.174878 -0.145677
FixedParameters: 0 0 0

#Transform 64
Transform: AffineTransform_float_3_3
Parameters: 0.999999 -0.000788117 -0.000985314 0.000790883 0.999996 0.00292922 0.000982688 -0.00292978 0.999995 0.091602 -0.128053 -0.0713062
FixedParameters: 0 0 0

#Transform 65
Transform: AffineTransform_float_3_3
Parameters: 0.999999 -0.00161069 -0.000626135 0.00160731 0.999989 -0.00426601 0.000633862 0.00426498 0.99999 0.06932 0.276955 -0.0862664
FixedParameters: 0 0 0

#Transform 66
Transform: AffineTransform_float_3_3
Parameters: 0.999999 -0.000900799 5.25594e-05 0.000901198 0.999992 -0.00395095 -4.84397e-05 0.00395105 0.999992 0.0297915 0.220763 -0.098068
FixedParameters: 0 0 0

#Transform 67
Transform: AffineTransform_float_3_3
Parameters: 1 -0.000899132 0.000546088 0.000901868 0.999993 -0.00343051 -0.00054291 0.00343049 0.999994 -0.0035195 0.171664 -0.058014
FixedParameters: 0 0 0

#Transform 68
Transform: AffineTransform_float_3_3
Parameters: 1 -0.000899214 0.000499232 0.00090179 0.999993 -0.00358955 -0.000496766 0.00359045 0.999994 0.0101629 0.225496 -0.0717927
FixedParameters: 0 0 0

#Transform 69
Transform: AffineTransform_float_3_3
Parameters: 0.999999 -0.000897929 0.000912034 0.000901071 0.999994 -0.00337218 -0.000908966 0.00337282 0.999994 -0.0231529 0.210248 -0.0931679
FixedParameters: 0 0 0

#Transform 70
Transform: AffineTransform_float_3_3
Parameters: 0.999999 -0.000898231 0.000907748 0.000901769 0.999995 -0.00305418 -0.000905249 0.00305582 0.999995 -0.022615 0.188426 -0.0731922
FixedParameters: 0 0 0

#Transform 71
Transform: AffineTransform_float_3_3
Parameters: 0.999999 -0.00130583 0.000568014 0.00130817 0.999992 -0.00383626 -0.000562984 0.00383774 0.999993 0.00480036 0.277865 -0.0856851
FixedParameters: 0 0 0

#Transform 72
Transform: AffineTransform_float_3_3
Parameters: 0.999999 -0.0011625 0.000568151 0.0011645 0.999989 -0.00442534 -0.000562851 0.00442666 0.99999 0.0016765 0.242026 -0.0678226
FixedParameters: 0 0 0

#Transform 73
Transform: AffineTransform_float_3_3
Parameters: 0.999999 -0.00131868 0.000405635 0.00132132 0.999983 -0.00578447 -0.000397363 0.00578553 0.999983 0.0119445 0.302719 -0.0958941
FixedParameters: 0 0 0

#Transform 74
Transform: AffineTransform_float_3_3
Parameters: 0.999998 -0.00109313 0.00152087 0.00110487 0.999973 -0.00716333 -0.00151312 0.00716467 0.999973 0.0337913 0.412589 -0.185449
FixedParameters: 0 0 0

#Transform 75
Transform: AffineTransform_float_3_3
Parameters: 0.999995 -0.000567649 0.0030678 0.000592353 0.999965 -0.00826922 -0.00306321 0.00827078 0.999961 -0.0242809 0.390612 -0.161983
FixedParameters: 0 0 0

#Transform 76
Transform: AffineTransform_float_3_3
Parameters: 0.999998 -0.00097721 0.00210687 0.000993791 0.999967 -0.00798292 -0.00209913 0.00798507 0.999966 4.32037e-05 0.419501 -0.148189
FixedParameters: 0 0 0

#Transform 77
Transform: AffineTransform_float_3_3
Parameters: 0.999996 -0.001646 0.00204037 0.00166 0.999975 -0.00687964 -0.00202862 0.00688336 0.999975 -0.00783713 0.319347 -0.108433
FixedParameters: 0 0 0

#Transform 78
Transform: AffineTransform_float_3_3
Parameters: 0.999998 -0.0015504 0.0012281 0.0015566 0.999989 -0.0045701 -0.0012209 0.0045719 0.999989 0.00844883 0.113975 -0.0124319
FixedParameters: 0 0 0

#Transform 79
Transform: AffineTransform_float_3_3
Parameters: 1 -0.00109878 0.000536498 0.00109922 0.999997 -0.00227141 -0.000534505 0.00227159 0.999998 0.0368571 0.13808 -0.0225539
FixedParameters: 0 0 0

#Transform 80
Transform: AffineTransform_float_3_3
Parameters: 1 -0.0010985 0.000481434 0.0010995 0.999994 -0.00312347 -0.000478568 0.00312353 0.999995 0.0300424 0.175936 -0.09354
FixedParameters: 0 0 0

#Transform 81
Transform: AffineTransform_float_3_3
Parameters: 0.999999 -0.000853148 0.000260801 0.000853852 0.999994 -0.00328178 -0.000258199 0.00328222 0.999994 0.0351918 0.142677 -0.125636
FixedParameters: 0 0 0

#Transform 82
Transform: AffineTransform_float_3_3
Parameters: 1 -0.000931809 0.000626273 0.000934195 0.999994 -0.00350842 -0.000623725 0.00350958 0.999993 0.0464973 0.224593 -0.17338
FixedParameters: 0 0 0

#Transform 83
Transform: AffineTransform_float_3_3
Parameters: 1 -0.000655874 -0.000169487 0.000656126 1 0.000742889 0.000168512 -0.000743111 0.999999 0.0690376 -0.120998 -0.00861346
FixedParameters: 0 0 0

#Transform 84
Transform: AffineTransform_float_3_3
Parameters: 0.999999 -0.00121891 -0.000643175 0.00121909 0.999999 0.000143216 0.000642825 -0.000143784 1 0.0709451 0.105238 -0.0836706
FixedParameters: 0 0 0

#Transform 85
Transform: AffineTransform_float_3_3
Parameters: 0.999999 -0.00119867 -0.00137216 0.00119933 0.999999 0.000966355 0.00137084 -0.000967644 0.999998 0.043563 0.0183648 -0.0399575
FixedParameters: 0 0 0

#Transform 86
Transform: AffineTransform_float_3_3
Parameters: 1 -0.000733738 -0.000663291 0.000733263 0.999999 0.000395514 0.00066371 -0.000395487 0.999999 -0.0176089 0.0565704 -0.0247215
FixedParameters: 0 0 0

#Transform 87
Transform: AffineTransform_float_3_3
Parameters: 0.999997 -0.00150646 -0.00169316 0.00150954 0.999996 0.00209245 0.00168984 -0.00209455 0.999997 0.0284509 0.0168167 -0.099411
FixedParameters: 0 0 0

#Transform 88
Transform: AffineTransform_float_3_3
Parameters: 0.999999 -0.00108118 -0.00148279 0.00108482 0.999996 0.00257839 0.00148021 -0.0025796 0.999995 0.0638943 -0.0414322 -0.170899
FixedParameters: 0 0 0

#Transform 89
Transform: AffineTransform_float_3_3
Parameters: 0.999999 -0.000448784 -0.00168359 0.000451216 0.999999 0.00131624 0.00168241 -0.00131676 0.999997 0.0893105 0.149541 -0.35496
FixedParameters: 0 0 0

#Transform 90
Transform: AffineTransform_float_3_3
Parameters: 0.999998 -0.000924894 -0.00209637 0.000928107 0.999998 0.00148106 0.00209563 -0.00148294 0.999996 0.0992511 0.12793 -0.38157
FixedParameters: 0 0 0

#Transform 91
Transform: AffineTransform_float_3_3
Parameters: 0.999997 -0.00145747 -0.00208071 0.00146753 0.999989 0.00458696 0.00207429 -0.00459004 0.999988 0.0789072 -0.210558 -0.216709
FixedParameters: 0 0 0

#Transform 92
Transform: AffineTransform_float_3_3
Parameters: 0.999995 0.000461001 -0.00330708 -0.000446998 0.999991 0.0042335 0.00330892 -0.0042315 0.999985 0.0939602 -0.224293 0.0917959
FixedParameters: 0 0 0

#Transform 93
Transform: AffineTransform_float_3_3
Parameters: 0.999996 9.29135e-05 -0.0026177 -8.40848e-05 0.999994 0.00340523 0.0026183 -0.00340477 0.999991 0.0465888 -0.220679 0.150715
FixedParameters: 0 0 0

#Transform 94
Transform: AffineTransform_float_3_3
Parameters: 0.999997 -0.000599575 -0.0024281 0.000603426 0.999998 0.00182254 0.0024269 -0.00182346 0.999996 0.0378759 -0.101118 0.100808
FixedParameters: 0 0 0

#Transform 95
Transform: AffineTransform_float_3_3
Parameters: 0.999999 -0.0012492 -0.00133975 0.0012498 0.999999 0.000599327 0.00133925 -0.000600674 0.999999 -0.0167144 -0.0332329 -0.00651597
FixedParameters: 0 0 0

#Transform 96
Transform: AffineTransform_float_3_3
Parameters: 0.999998 -0.00219219 -0.000428981 0.00219081 0.999994 -0.00274695 0.000435019 0.00274605 0.999996 -0.062124 0.236615 -0.145487
FixedParameters: 0 0 0

#Transform 97
Transform: AffineTransform_float_3_3
Parameters: 0.999997 -0.00266446 -0.000127771 0.00266355 0.999991 -0.00346435 0.000136227 0.00346365 0.999994 -0.0325681 0.284585 -0.212953
FixedParameters: 0 0 0

#Transform 98
Transform: AffineTransform_float_3_3
Parameters: 0.999996 -0.0025466 -0.000361835 0.00254641 0.999996 -0.00163593 0.000365165 0.00163508 0.999998 -0.000346443 0.151294 -0.240159
FixedParameters: 0 0 0

#Transform 99
Transform: AffineTransform_float_3_3
Parameters: 0.999997 -0.00160045 -0.00153253 0.00159955 0.999998 -0.000293452 0.00153347 0.000291546 0.999999 0.0357588 0.136247 -0.163071
FixedParameters: 0 0 0

#Transform 100
Transform: AffineTransform_float_3_3
Parameters: 1 3.12074e-05 -0.00120392 -2.77924e-05 0.999997 0.00266404 0.00120408 -0.00266396 0.999995 -0.0249606 0.0444282 -0.235894
FixedParameters: 0 0 0

#Transform 101
Transform: AffineTransform_float_3_3
Parameters: 1 -0.000258895 -0.000616887 0.000261105 0.999994 0.00341384 0.000616112 -0.00341416 0.999994 -0.00314125 -0.0835321 -0.199203
FixedParameters: 0 0 0

#Transform 102
Transform: AffineTransform_float_3_3
Parameters: 1 0.000144488 -0.000187625 -0.00014351 0.999996 0.00260102 0.000188374 -0.00260097 0.999996 0.0251476 -0.163663 -0.0802115
FixedParameters: 0 0 0

#Transform 103
Transform: AffineTransform_float_3_3
Parameters: 1 -0.000781393 -0.000726655 0.000782608 1 0.000836432 0.000725346 -0.000836568 1 0.000687987 0.069076 -0.129169
FixedParameters: 0 0 0

#Transform 104
Transform: AffineTransform_float_3_3
Parameters: 0.999999 -0.0012668 -0.000726355 0.0012672 0.999999 0.00028008 0.000725644 -0.00028092 0.999999 -0.00201984 0.072482 -0.178111
FixedParameters: 0 0 0

#Transform 105
Transform: AffineTransform_float_3_3
Parameters: 0.999998 -0.00126709 -0.0011649 0.00126691 0.999999 -8.1476e-05 0.0011651 8.05239e-05 1 -0.000361259 0.0718097 -0.149077
FixedParameters: 0 0 0

#Transform 106
Transform: AffineTransform_float_3_3
Parameters: 0.999999 -0.00132395 -0.000440139 0.00132405 0.999999 0.000104417 0.000439861 -0.000105582 1 -0.0269976 0.118985 -0.196093
FixedParameters: 0 0 0

#Transform 107
Transform: AffineTransform_float_3_3
Parameters: 0.999999 -0.00126683 -0.000322679 0.00126717 0.999999 0.000535591 0.000321322 -0.000535407 1 -0.0266728 0.0612597 -0.20496
FixedParameters: 0 0 0

#Transform 108
Transform: AffineTransform_float_3_3
Parameters: 1 -0.00104099 -0.000482018 0.00104101 1 1.64982e-05 0.000481982 -1.75018e-05 1 -0.0117237 0.107438 -0.212307
FixedParameters: 0 0 0

#Transform 109
Transform: AffineTransform_float_3_3
Parameters: 0.999999 -0.0017138 -0.000648537 0.0017142 0.999999 0.000312889 0.000647463 -0.00031411 0.999999 -0.00569504 0.188309 -0.21869
FixedParameters: 0 0 0

#Transform 110
Transform: AffineTransform_float_3_3
Parameters: 0.999998 -0.00171319 -0.00109627 0.00171381 0.999999 0.000738123 0.00109573 -0.000739879 0.999999 0.00261512 0.232489 -0.258044
FixedParameters: 0 0 0

#Transform 111
Transform: AffineTransform_float_3_3
Parameters: 0.999999 -0.00171381 -0.00043674 0.00171419 0.999999 0.000431252 0.000435259 -0.000432747 1 -0.015106 0.250647 -0.279007
FixedParameters: 0 0 0

#Transform 112
Transform: AffineTransform_float_3_3
Parameters: 1 -0.000998666 0.000478699 0.000999335 1 -0.000699522 -0.000477301 0.000699477 0.999999 -0.0143363 0.312313 -0.304844
FixedParameters: 0 0 0

#Transform 113
Transform: AffineTransform_float_3_3
Parameters: 0.999999 -0.000670693 0.000230893 0.000670307 0.999999 -0.00133085 -0.000230109 0.00133015 0.999999 -0.0121453 0.316167 -0.324163
FixedParameters: 0 0 0

#Transform 114
Transform: AffineTransform_float_3_3
Parameters: 1 -0.000599872 8.98573e-05 0.000600128 0.999999 -0.00142895 -8.91425e-05 0.00142905 0.999999 -0.0132838 0.3397 -0.342645
FixedParameters: 0 0 0

#Transform 115
Transform: AffineTransform_float_3_3
Parameters: 1 -0.000281754 0.000215323 0.000282246 1 -0.00114494 -0.000214677 0.00114406 1 -0.0170106 0.238574 -0.325252
FixedParameters: 0 0 0

#Transform 116
Transform: AffineTransform_float_3_3
Parameters: 0.999999 -0.000507478 0.000636416 0.000507522 0.999999 -0.000819676 -0.000636583 0.000820323 0.999999 -0.0185041 0.295986 -0.349777
FixedParameters: 0 0 0

#Transform 117
Transform: AffineTransform_float_3_3
Parameters: 1 -0.00101181 0.000163197 0.00101219 0.999999 -0.00118284 -0.000162803 0.00118317 1 0.00225722 0.328009 -0.335119
FixedParameters: 0 0 0

#Transform 118
Transform: AffineTransform_float_3_3
Parameters: 0.999999 -0.00168243 0.000662999 0.00168357 0.999996 -0.00237489 -0.000659003 0.00237611 0.999997 0.00848134 0.414972 -0.425021
FixedParameters: 0 0 0

#Transform 119
Transform: AffineTransform_float_3_3
Parameters: 0.999999 -0.000749636 0.000191428 0.000749362 0.999998 -0.00190486 -0.000189573 0.00190514 0.999998 0.0260241 0.472346 -0.409917
FixedParameters: 0 0 0

#Transform 120
Transform: AffineTransform_float_3_3
Parameters: 0.999999 -0.000277822 -0.000794713 0.000277178 1 -0.00103422 0.000795287 0.00103378 0.999999 0.06173 0.332594 -0.353788
FixedParameters: 0 0 0

#Transform 121
Transform: AffineTransform_float_3_3
Parameters: 1 -0.000519351 -0.000358492 0.00051965 1 -0.000978187 0.000358509 0.000978815 1 0.0299467 0.348477 -0.397565
FixedParameters: 0 0 0

#Transform 122
Transform: AffineTransform_float_3_3
Parameters: 1 -0.000601981 1.29114e-05 0.000602017 0.999998 -0.00151399 -1.10886e-05 0.00151401 0.999999 0.027262 0.349293 -0.422507
FixedParameters: 0 0 0

#Transform 123
Transform: AffineTransform_float_3_3
Parameters: 0.999999 -0.00134271 0.000292328 0.00134229 0.999998 -0.000988608 -0.000291674 0.000988392 0.999999 0.0140191 0.374484 -0.418113
FixedParameters: 0 0 0

#Transform 124
Transform: AffineTransform_float_3_3
Parameters: 1 -0.00112219 -8.14618e-05 0.00112181 0.999997 -0.00226209 8.45378e-05 0.00226191 0.999998 0.00195353 0.465564 -0.434462
FixedParameters: 0 0 0

#Transform 125
Transform: AffineTransform_float_3_3
Parameters: 1 -0.000553633 0.000302672 0.000554367 0.999999 -0.00121383 -0.000302327 0.00121417 0.999999 -0.0393002 0.366243 -0.411721
FixedParameters: 0 0 0

#Transform 126
Transform: AffineTransform_float_3_3
Parameters: 1 -0.00065597 0.000806655 0.000658031 0.999996 -0.00251847 -0.000805345 0.00251953 0.999996 -0.0424005 0.430457 -0.414857
FixedParameters: 0 0 0

#Transform 127
Transform: AffineTransform_float_3_3
Parameters: 1 -0.000471126 0.00109025 0.000473872 0.999996 -0.00263648 -0.00108875 0.00263751 0.999996 -0.0506111 0.450671 -0.438287
FixedParameters: 0 0 0

#Transform 128
Transform: AffineTransform_float_3_3
Parameters: 0.999999 -0.000437457 0.00115159 0.000438544 0.999999 -0.0013405 -0.00115141 0.00134051 0.999999 -0.0518282 0.392944 -0.416073
FixedParameters: 0 0 0

#Transform 129
Transform: AffineTransform_float_3_3
Parameters: 0.999999 -0.000402036 0.00139057 0.000403963 0.999999 -0.00141244 -0.00138943 0.00141256 0.999998 -0.0625137 0.425353 -0.453997
FixedParameters: 0 0 0

#Transform 130
Transform: AffineTransform_float_3_3
Parameters: 0.999998 -0.000514268 0.00152492 0.000516733 0.999999 -0.00179222 -0.00152408 0.00179279 0.999997 -0.0961706 0.438671 -0.487358
FixedParameters: 0 0 0

#Transform 131
Transform: AffineTransform_float_3_3
Parameters: 0.999999 -0.00112042 0.000898978 0.00112158 0.999998 -0.00176399 -0.000897022 0.00176501 0.999998 -0.0673813 0.451653 -0.436481
FixedParameters: 0 0 0

#Transform 132
Transform: AffineTransform_float_3_3
Parameters: 0.999998 -0.00111975 0.00127597 0.00112224 0.999998 -0.00175957 -0.00127402 0.00176143 0.999997 -0.0733627 0.449892 -0.464625
FixedParameters: 0 0 0

#Transform 133
Transform: AffineTransform_float_3_3
Parameters: 0.999998 -0.000642055 0.0018224 0.000645948 0.999998 -0.00216583 -0.00182161 0.00216617 0.999996 -0.0840376 0.454881 -0.515651
FixedParameters: 0 0 0

#Transform 134
Transform: AffineTransform_float_3_3
Parameters: 0.999999 -0.000857217 0.00129652 0.000857784 1 -0.000603889 -0.00129648 0.000605112 0.999999 -0.0465066 0.41377 -0.497241
FixedParameters: 0 0 0

#Transform 135
Transform: AffineTransform_float_3_3
Parameters: 0.999999 -0.000925469 0.00127611 0.000926529 0.999999 -0.00119882 -0.00127489 0.00120018 0.999999 -0.0610702 0.465482 -0.503786
FixedParameters: 0 0 0

#Transform 136
Transform: AffineTransform_float_3_3
Parameters: 0.999999 -0.000898449 0.000912576 0.000896551 0.999999 0.00158682 -0.000914424 -0.00158618 0.999999 -0.0321055 0.441948 -0.615025
FixedParameters: 0 0 0

#Transform 137
Transform: AffineTransform_float_3_3
Parameters: 0.999999 0.000327187 -0.00078846 -0.000321808 0.99997 0.00783526 0.000791545 -0.00783475 0.999969 0.114043 0.331211 -0.941322
FixedParameters: 0 0 0

#Transform 138
Transform: AffineTransform_float_3_3
Parameters: 0.999999 -0.000376533 -0.00136892 0.000386468 0.99997 0.00765447 0.00136608 -0.00765452 0.99997 0.123875 0.15207 -0.971275
FixedParameters: 0 0 0

#Transform 139
Transform: AffineTransform_float_3_3
Parameters: 0.999992 -0.000594896 -0.00379718 0.000620101 0.999976 0.0068767 0.00379282 -0.00687931 0.999969 0.157428 0.115253 -0.789115
FixedParameters: 0 0 0

#Transform 140
Transform: AffineTransform_float_3_3
Parameters: 0.999993 0.000450357 -0.00374749 -0.000428646 0.999983 0.00569764 0.0037495 -0.00569635 0.999976 0.0590738 -0.0700143 -0.508702
FixedParameters: 0 0 0

#Transform 141
Transform: AffineTransform_float_3_3
Parameters: 0.999995 9.36952e-06 -0.00316806 2.13689e-05 0.999954 0.00958598 0.00316794 -0.00958602 0.999949 0.100594 0.052719 -0.858329
FixedParameters: 0 0 0

#Transform 142
Transform: AffineTransform_float_3_3
Parameters: 0.999992 -0.00141768 -0.00392218 0.00145932 0.999944 0.0105514 0.00390681 -0.0105576 0.999936 0.179321 -0.0271415 -0.878315
FixedParameters: 0 0 0

#Transform 143
Transform: AffineTransform_float_3_3
Parameters: 0.999998 -0.000878012 -0.00188815 0.000888986 0.999982 0.00582633 0.00188285 -0.00582767 0.999981 0.123676 0.181692 -0.976213
FixedParameters: 0 0 0

#Transform 144
Transform: AffineTransform_float_3_3
Parameters: 0.999999 0.000637008 -0.000661071 -0.000634992 0.999995 0.00303342 0.000662929 -0.00303358 0.999995 0.0230945 0.336067 -1.05456
FixedParameters: 0 0 0

#Transform 145
Transform: AffineTransform_float_3_3
Parameters: 0.999999 0.000648158 -0.00133655 -0.000640839 0.999985 0.00534886 0.00134045 -0.00534813 0.999985 0.0638704 0.260565 -0.943368
FixedParameters: 0 0 0

#Transform 146
Transform: AffineTransform_float_3_3
Parameters: 0.999994 0.00183306 -0.00290932 -0.00181594 0.999981 0.00585732 0.00291968 -0.00585168 0.999978 0.111307 0.591766 -1.81632
FixedParameters: 0 0 0

#Transform 147
Transform: AffineTransform_float_3_3
Parameters: 0.999987 0.000617413 -0.00494936 -0.000578589 0.999969 0.00775896 0.00495363 -0.00775603 0.999957 0.0321493 0.095034 -1.41328
FixedParameters: 0 0 0

#Transform 148
Transform: AffineTransform_float_3_3
Parameters: 0.99999 0.000521705 -0.00459159 -0.000500291 0.999988 0.00472735 0.00459442 -0.00472465 0.999979 0.0506127 0.0191173 -0.921144
FixedParameters: 0 0 0

#Transform 149
Transform: AffineTransform_float_3_3
Parameters: 0.999978 -0.000478854 -0.00652712 0.000531151 0.999966 0.00814271 0.00652389 -0.0081463 0.999946 0.1385 -0.00582499 -0.974246
FixedParameters: 0 0 0

#Transform 150
Transform: AffineTransform_float_3_3
Parameters: 0.999998 0.00139674 -0.00179031 -0.00139126 0.999995 0.0026465 0.00179369 -0.0026445 0.999995 0.063495 -0.116444 -0.261326
FixedParameters: 0 0 0

#Transform 151
Transform: AffineTransform_float_3_3
Parameters: 1 0.0010868 0.000297717 -0.0010872 0.999999 0.000659677 -0.000296283 -0.000659322 0.999999 0.0183546 0.0122803 0.00170712
FixedParameters: 0 0 0

#Transform 152
Transform: AffineTransform_float_3_3
Parameters: 0.999999 0.000698864 0.000115825 -0.000699135 0.999999 0.00117992 -0.000114176 -0.00117908 1 0.038009 -0.0143866 -0.0522854
FixedParameters: 0 0 0

#Transform 153
Transform: AffineTransform_float_3_3
Parameters: 1 0.000540407 0.000185732 -0.000541593 0.999994 0.0032039 -0.000184266 -0.0032041 0.999995 0.00571475 -0.0042419 -0.174136
FixedParameters: 0 0 0

#Transform 154
Transform: AffineTransform_float_3_3
Parameters: 1 0.000202153 0.000195878 -0.000202843 0.99999 0.00433396 -0.000194123 -0.00433404 0.99999 0.0316197 0.0687063 -0.244087
FixedParameters: 0 0 0

#Transform 155
Transform: AffineTransform_float_3_3
Parameters: 0.999999 0.000513146 0.000639301 -0.000515852 0.99999 0.00447167 -0.0006367 -0.00447133 0.99999 0.0423424 -0.0139705 -0.262412
FixedParameters: 0 0 0

#Transform 156
Transform: AffineTransform_float_3_3
Parameters: 0.999999 0.000682653 0.000315926 -0.000684346 0.99999 0.00428178 -0.000313073 -0.00428121 0.999991 0.056039 0.0010767 -0.220009
FixedParameters: 0 0 0

#Transform 157
Transform: AffineTransform_float_3_3
Parameters: 0.999999 0.000423062 0.000827026 -0.000427937 0.999989 0.00476665 -0.000824969 -0.00476736 0.999989 0.031007 0.0250042 -0.271165
FixedParameters: 0 0 0

#Transform 158
Transform: AffineTransform_float_3_3
Parameters: 0.999999 0.000199619 0.000688988 -0.000202381 0.999988 0.00491086 -0.000688014 -0.00491114 0.999987 0.0232784 -0.017593 -0.256214
FixedParameters: 0 0 0

#Transform 159
Transform: AffineTransform_float_3_3
Parameters: 1 0.000200659 0.000409156 -0.00020234 0.999983 0.00572891 -0.000407847 -0.00572908 0.999983 0.0263897 -0.0514408 -0.206287
FixedParameters: 0 0 0

#Transform 160
Transform: AffineTransform_float_3_3
Parameters: 1 0.000234886 0.00040922 -0.000237112 0.999986 0.0051729 -0.000407779 -0.00517309 0.999986 0.0301713 0.015228 -0.245392
FixedParameters: 0 0 0

#Transform 161
Transform: AffineTransform_float_3_3
Parameters: 1 -0.000223294 0.00059277 0.00021971 0.999984 0.00555113 -0.000593229 -0.00555087 0.999985 0.0160486 -0.0218137 -0.249404
FixedParameters: 0 0 0

#Transform 162
Transform: AffineTransform_float_3_3
Parameters: 0.999999 -0.000662427 0.000474631 0.000660571 0.999987 0.00509531 -0.000478372 -0.00509568 0.999987 0.0186246 0.0611914 -0.277335
FixedParameters: 0 0 0

#Transform 163
Transform: AffineTransform_float_3_3
Parameters: 0.999999 -0.00066195 0.000332142 0.000660051 0.999982 0.00583622 -0.000335858 -0.00583678 0.999983 -0.00067002 0.0492732 -0.315667
FixedParameters: 0 0 0

#Transform 164
Transform: AffineTransform_float_3_3
Parameters: 1 -0.000139393 0.000217112 0.000137608 0.99998 0.00640204 -0.000217886 -0.00640198 0.99998 0.00743785 -0.0011971 -0.30772
FixedParameters: 0 0 0

#Transform 165
Transform: AffineTransform_float_3_3
Parameters: 1 -0.000170606 -0.000521458 0.000172396 0.999997 0.00267591 0.000521541 -0.00267509 0.999997 0.0296481 0.135853 -0.404061
FixedParameters: 0 0 0

#Transform 166
Transform: AffineTransform_float_3_3
Parameters: 0.999999 0.00136544 -0.000588673 -0.00136456 0.999996 0.00243781 0.000592328 -0.00243719 0.999997 0.0179542 0.101011 -0.33961
FixedParameters: 0 0 0

#Transform 167
Transform: AffineTransform_float_3_3
Parameters: 0.999999 0.00110666 -0.000669992 -0.00110234 0.999984 0.00543874 0.000676005 -0.00543825 0.999985 0.0200737 -0.0167664 -0.349071
FixedParameters: 0 0 0

#Transform 168
Transform: AffineTransform_float_3_3
Parameters: 1 0.000372363 -0.000474379 -0.00036864 0.999975 0.00706918 0.000476618 -0.00706882 0.999975 -0.00412301 -0.0135091 -0.34769
FixedParameters: 0 0 0

#Transform 169
Transform: AffineTransform_float_3_3
Parameters: 1 5.28557e-05 0.000184332 -5.41484e-05 0.99998 0.00621299 -0.000184667 -0.00621301 0.99998 -0.023325 -0.0188908 -0.329699
FixedParameters: 0 0 0

#Transform 170
Transform: AffineTransform_float_3_3
Parameters: 1 0.00060533 0.000883911 -0.000610665 0.999979 0.00642946 -0.000879092 -0.00642954 0.999979 -0.018608 -0.0107453 -0.280893
FixedParameters: 0 0 0

#Transform 171
Transform: AffineTransform_float_3_3
Parameters: 0.999998 0.000640076 0.00163631 -0.000650921 0.999978 0.00668395 -0.00163168 -0.00668506 0.999977 -0.0410214 0.0111174 -0.291799
FixedParameters: 0 0 0

#Transform 172
Transform: AffineTransform_float_3_3
Parameters: 0.999998 0.000351356 0.00201143 -0.000364649 0.999977 0.00678728 -0.00200957 -0.00678772 0.999975 -0.0551546 -0.000441085 -0.36296
FixedParameters: 0 0 0

#Transform 173
Transform: AffineTransform_float_3_3
Parameters: 0.999998 0.000160382 0.00160609 -0.000171617 0.999978 0.00661273 -0.0016049 -0.00661327 0.999977 -0.0476906 0.0530598 -0.389826
FixedParameters: 0 0 0

#Transform 174
Transform: AffineTransform_float_3_3
Parameters: 0.999998 0.000159325 0.00220188 -0.000171675 0.999986 0.00530264 -0.00220112 -0.00530337 0.999984 -0.0343092 0.172963 -0.489767
FixedParameters: 0 0 0

#Transform 175
Transform: AffineTransform_float_3_3
Parameters: 0.999996 -0.000611692 0.00269536 0.000576311 0.999917 0.0128536 -0.00270263 -0.0128514 0.999914 -0.0296083 -0.17439 -0.233763
FixedParameters: 0 0 0

#Transform 176
Transform: AffineTransform_float_3_3
Parameters: 0.999994 -0.000598594 0.00342137 0.000547412 0.999887 0.015061 -0.00342963 -0.015059 0.99988 -0.0423593 -0.260696 -0.228058
FixedParameters: 0 0 0

#Transform 177
Transform: AffineTransform_float_3_3
Parameters: 0.999996 -0.00229014 0.00167114 0.00225886 0.999828 0.0184049 -0.00171286 -0.0184002 0.999829 0.178792 -0.581059 0.0220048
FixedParameters: 0 0 0

#Transform 178
Transform: AffineTransform_float_3_3
Parameters: 0.999999 -0.0010521 0.00101252 0.00103089 0.999787 0.0206171 -0.00103447 -0.0206159 0.999787 0.110602 -0.455095 -0.0949584
FixedParameters: 0 0 0

#Transform 179
Transform: AffineTransform_float_3_3
Parameters: 0.999998 -0.0019645 0.000792797 0.00194049 0.999554 0.0298076 -0.000851219 -0.0298064 0.999556 0.183388 -0.391149 -0.934131
FixedParameters: 0 0 0

#Transform 180
Transform: AffineTransform_float_3_3
Parameters: 0.999996 -0.00215485 0.00144364 0.00211614 0.99965 0.0263922 -0.00150037 -0.0263899 0.999651 0.163692 -0.0280517 -1.48845
FixedParameters: 0 0 0

#Transform 181
Transform: AffineTransform_float_3_3
Parameters: 0.999999 -0.000722468 0.00163049 0.000683545 0.999725 0.0234712 -0.0016465 -0.0234699 0.999723 0.147278 -0.00209264 -1.62093
FixedParameters: 0 0 0

#Transform 182
Transform: AffineTransform_float_3_3
Parameters: 0.999997 -0.000307913 0.00211232 0.000258093 0.999721 0.0235896 -0.00211868 -0.0235884 0.99972 0.0939662 -0.0184586 -1.68536
FixedParameters: 0 0 0

#Transform 183
Transform: AffineTransform_float_3_3
Parameters: 0.999998 -0.000184667 0.00170442 0.000148343 0.999769 0.0214873 -0.00170758 -0.0214877 0.999767 0.117222 0.0380909 -1.70875
FixedParameters: 0 0 0

#Transform 184
Transform: AffineTransform_float_3_3
Parameters: 0.999998 -0.000140224 0.00170541 0.000103785 0.999775 0.0212222 -0.00170759 -0.0212218 0.999774 0.092066 0.004021 -1.73744
FixedParameters: 0 0 0

#Transform 185
Transform: AffineTransform_float_3_3
Parameters: 0.999996 -0.000948522 0.00260004 0.000886478 0.999713 0.0239434 -0.00262198 -0.0239406 0.99971 0.0124424 -0.0446718 -1.75663
FixedParameters: 0 0 0

#Transform 186
Transform: AffineTransform_float_3_3
Parameters: 0.999998 -0.000523034 0.00180657 0.000477979 0.999692 0.0248399 -0.00181843 -0.0248381 0.99969 0.0520665 -0.0430645 -1.76347
FixedParameters: 0 0 0

#Transform 187
Transform: AffineTransform_float_3_3
Parameters: 0.999998 -0.000977901 0.00168446 0.000938108 0.999722 0.0235286 -0.00170654 -0.0235264 0.999722 0.0823481 -0.0244922 -1.86815
FixedParameters: 0 0 0

#Transform 188
Transform: AffineTransform_float_3_3
