# transform file /out/sourcedata/freesurfer/sub-v1s23x0050614_ses-1/mri/transforms/cc_up.lta
# created by oesteban on Mon Mar  9 22:10:24 2026

type      = 0 # LINEAR_VOX_TO_VOX
nxforms   = 1
mean      = 128.0000 152.0000 111.0000
sigma     = 10000.0000
1 4 4
9.979670643806458e-01 -3.951080515980721e-02 -5.000779405236244e-02 1.183876514434814e+01 
3.946129232645035e-02 9.992192387580872e-01 -1.977392006665468e-03 -8.656824111938477e+00 
5.004687234759331e-02 0.000000000000000e+00 9.987469315528870e-01 2.183778190612793e+01 
0.000000000000000e+00 0.000000000000000e+00 0.000000000000000e+00 1.000000000000000e+00 
src volume info
valid = 1  # volume info valid
filename = /out/sourcedata/freesurfer/sub-v1s23x0050614_ses-1/mri/norm.mgz
volume = 256 256 256
voxelsize = 1.000000000000000e+00 1.000000000000000e+00 1.000000000000000e+00
xras   = -1.000000000000000e+00 0.000000000000000e+00 0.000000000000000e+00
yras   = 0.000000000000000e+00 0.000000000000000e+00 -1.000000000000000e+00
zras   = 0.000000000000000e+00 1.000000000000000e+00 0.000000000000000e+00
cras   = 3.636207580566406e+01 -4.850181579589844e+01 2.349833679199219e+01
dst volume info
valid = 1  # volume info valid
filename = /out/sourcedata/freesurfer/sub-v1s23x0050614_ses-1/mri/norm.mgz
volume = 256 256 256
voxelsize = 1.000000000000000e+00 1.000000000000000e+00 1.000000000000000e+00
xras   = -1.000000000000000e+00 0.000000000000000e+00 0.000000000000000e+00
yras   = 0.000000000000000e+00 0.000000000000000e+00 -1.000000000000000e+00
zras   = 0.000000000000000e+00 1.000000000000000e+00 0.000000000000000e+00
cras   = 3.636207580566406e+01 -4.850181579589844e+01 2.349833679199219e+01
