# transform file /out/sourcedata/freesurfer/sub-v1s23x0050558_ses-1/mri/transforms/cc_up.lta
# created by oesteban on Mon Mar  9 18:56:07 2026

type      = 0 # LINEAR_VOX_TO_VOX
nxforms   = 1
mean      = 129.0000 120.0000 115.0000
sigma     = 10000.0000
1 4 4
9.948494434356689e-01 -8.919253200292587e-02 4.815862327814102e-02 7.831886291503906e+00 
8.908820897340775e-02 9.960143566131592e-01 4.312577657401562e-03 1.683886337280273e+01 
-4.835133254528046e-02 0.000000000000000e+00 9.988303780555725e-01 2.214270973205566e+01 
0.000000000000000e+00 0.000000000000000e+00 0.000000000000000e+00 1.000000000000000e+00 
src volume info
valid = 1  # volume info valid
filename = /out/sourcedata/freesurfer/sub-v1s23x0050558_ses-1/mri/norm.mgz
volume = 256 256 256
voxelsize = 1.000000000000000e+00 1.000000000000000e+00 1.000000000000000e+00
xras   = -1.000000000000000e+00 0.000000000000000e+00 0.000000000000000e+00
yras   = 0.000000000000000e+00 0.000000000000000e+00 -1.000000000000000e+00
zras   = 0.000000000000000e+00 1.000000000000000e+00 0.000000000000000e+00
cras   = 6.796305847167969e+01 -3.952842712402344e+01 5.217993164062500e+01
dst volume info
valid = 1  # volume info valid
filename = /out/sourcedata/freesurfer/sub-v1s23x0050558_ses-1/mri/norm.mgz
volume = 256 256 256
voxelsize = 1.000000000000000e+00 1.000000000000000e+00 1.000000000000000e+00
xras   = -1.000000000000000e+00 0.000000000000000e+00 0.000000000000000e+00
yras   = 0.000000000000000e+00 0.000000000000000e+00 -1.000000000000000e+00
zras   = 0.000000000000000e+00 1.000000000000000e+00 0.000000000000000e+00
cras   = 6.796305847167969e+01 -3.952842712402344e+01 5.217993164062500e+01
