# transform file /out/sourcedata/freesurfer/sub-v1s23x0050565_ses-1/mri/transforms/cc_up.lta
# created by oesteban on Mon Mar  9 20:09:37 2026

type      = 0 # LINEAR_VOX_TO_VOX
nxforms   = 1
mean      = 128.0000 109.0000 120.0000
sigma     = 10000.0000
1 4 4
9.975232481956482e-01 1.852924190461636e-02 -6.785216927528381e-02 5.848678112030029e+00 
-1.848652400076389e-02 9.998282790184021e-01 1.257465337403119e-03 4.126701354980469e+01 
6.786382198333740e-02 -2.328306158982940e-10 9.976945519447327e-01 4.468188285827637e+00 
0.000000000000000e+00 0.000000000000000e+00 0.000000000000000e+00 1.000000000000000e+00 
src volume info
valid = 1  # volume info valid
filename = /out/sourcedata/freesurfer/sub-v1s23x0050565_ses-1/mri/norm.mgz
volume = 256 256 256
voxelsize = 1.000000000000000e+00 1.000000000000000e+00 1.000000000000000e+00
xras   = -1.000000000000000e+00 0.000000000000000e+00 0.000000000000000e+00
yras   = 0.000000000000000e+00 0.000000000000000e+00 -1.000000000000000e+00
zras   = 0.000000000000000e+00 1.000000000000000e+00 0.000000000000000e+00
cras   = 3.089332580566406e+01 -4.686119079589844e+01 3.334208679199219e+01
dst volume info
valid = 1  # volume info valid
filename = /out/sourcedata/freesurfer/sub-v1s23x0050565_ses-1/mri/norm.mgz
volume = 256 256 256
voxelsize = 1.000000000000000e+00 1.000000000000000e+00 1.000000000000000e+00
xras   = -1.000000000000000e+00 0.000000000000000e+00 0.000000000000000e+00
yras   = 0.000000000000000e+00 0.000000000000000e+00 -1.000000000000000e+00
zras   = 0.000000000000000e+00 1.000000000000000e+00 0.000000000000000e+00
cras   = 3.089332580566406e+01 -4.686119079589844e+01 3.334208679199219e+01
