#Insight Transform File V1.0
#Transform 0
Transform: AffineTransform_float_3_3
Parameters: 1 -5.91367e-05 0.000482107 5.98632e-05 0.999999 -0.00179097 -0.000481894 0.00179103 0.999999 0.00446323 -0.0475728 0.405607
FixedParameters: 0 0 0

#Transform 1
Transform: AffineTransform_float_3_3
Parameters: 1 -0.000581019 -7.8857e-05 0.00058098 1 -0.000246046 7.91429e-05 0.000245954 1 0.0057054 0.0528795 -0.0668751
FixedParameters: 0 0 0

#Transform 2
Transform: AffineTransform_float_3_3
Parameters: 1 0.000107121 0.000485195 -0.000107879 0.999999 0.00181195 -0.000484805 -0.00181205 0.999998 -0.0528704 0.0257144 -0.0632501
FixedParameters: 0 0 0

#Transform 3
Transform: AffineTransform_float_3_3
Parameters: 0.999998 -0.000832255 0.00150341 0.000832744 1 -0.000494749 -0.00150259 0.000496251 0.999998 0.00628779 0.126238 -0.382879
FixedParameters: 0 0 0

#Transform 4
Transform: AffineTransform_float_3_3
Parameters: 0.999998 -0.000733398 0.0014648 0.000734601 0.999999 -0.00109293 -0.0014642 0.00109408 0.999999 0.0277843 0.0924514 -0.448142
FixedParameters: 0 0 0

#Transform 5
Transform: AffineTransform_float_3_3
Parameters: 0.999999 -0.000921881 0.00127009 0.000922118 0.999999 -9.28289e-05 -0.00126991 9.41708e-05 0.999999 0.0300089 0.0876322 -0.440128
FixedParameters: 0 0 0

#Transform 6
Transform: AffineTransform_float_3_3
Parameters: 0.999998 -0.00105166 0.00183235 0.00105434 0.999998 -0.00127807 -0.00183065 0.00127993 0.999998 0.0634271 0.111346 -0.48988
FixedParameters: 0 0 0

#Transform 7
Transform: AffineTransform_float_3_3
Parameters: 0.999997 -0.000567447 0.00208842 0.000569552 0.999999 -0.000742812 -0.00208758 0.000744186 0.999998 0.0136828 0.19987 -0.496473
FixedParameters: 0 0 0

#Transform 8
Transform: AffineTransform_float_3_3
Parameters: 0.999997 -0.00110588 0.00222706 0.00110612 1 -5.45368e-05 -0.00222694 5.74629e-05 0.999998 0.0552875 0.077133 -0.491316
FixedParameters: 0 0 0

#Transform 9
Transform: AffineTransform_float_3_3
Parameters: 0.999997 -0.00110569 0.00208816 0.00110531 1 -0.000146692 -0.00208784 0.000149309 0.999998 0.0288152 0.179808 -0.550981
FixedParameters: 0 0 0

#Transform 10
Transform: AffineTransform_float_3_3
Parameters: 0.999999 -0.00130443 0.00132157 0.00130457 0.999999 -0.000433277 -0.00132143 0.000434725 0.999999 0.0513644 0.152292 -0.565022
FixedParameters: 0 0 0

#Transform 11
Transform: AffineTransform_float_3_3
Parameters: 0.999996 -0.00169655 0.00201138 0.00169645 0.999998 -0.000221588 -0.00201162 0.000224413 0.999998 0.0542611 0.176193 -0.556075
FixedParameters: 0 0 0

#Transform 12
Transform: AffineTransform_float_3_3
Parameters: 0.999997 -0.00178903 0.00179997 0.00178897 0.999999 1.92202e-05 -0.00179903 -1.57815e-05 0.999999 0.0596921 0.122435 -0.53399
FixedParameters: 0 0 0

#Transform 13
Transform: AffineTransform_float_3_3
Parameters: 0.999997 -0.00169578 0.00174119 0.00169622 0.999999 -0.000699049 -0.00173981 0.000701953 0.999998 0.0823934 0.289207 -0.591227
FixedParameters: 0 0 0

#Transform 14
Transform: AffineTransform_float_3_3
Parameters: 0.999996 -0.00169584 0.00194001 0.00169616 0.999999 -0.000594712 -0.00193899 0.00059729 0.999998 0.0667598 0.0870021 -0.533137
FixedParameters: 0 0 0

#Transform 15
Transform: AffineTransform_float_3_3
Parameters: 0.999997 -0.00169806 0.00208013 0.00169694 0.999998 0.000511531 -0.00208087 -0.000508468 0.999997 0.0782506 0.112423 -0.55078
FixedParameters: 0 0 0

#Transform 16
Transform: AffineTransform_float_3_3
Parameters: 0.999996 -0.00169657 0.00229731 0.00169642 0.999998 -0.000183104 -0.00229769 0.000186899 0.999998 0.0834846 0.171999 -0.557074
FixedParameters: 0 0 0

#Transform 17
Transform: AffineTransform_float_3_3
Parameters: 0.999994 -0.002148 0.00264481 0.00214899 0.999997 -0.000373319 -0.00264419 0.000379682 0.999997 0.0792188 0.16021 -0.618103
FixedParameters: 0 0 0

#Transform 18
Transform: AffineTransform_float_3_3
Parameters: 0.999994 -0.00233267 0.00235432 0.00233233 0.999998 -0.00013651 -0.00235367 0.000142491 0.999997 0.0923496 0.21179 -0.614109
FixedParameters: 0 0 0

#Transform 19
Transform: AffineTransform_float_3_3
Parameters: 0.999994 -0.0023317 0.00235529 0.0023323 0.999997 -0.00055051 -0.00235371 0.000556491 0.999997 0.107586 0.172371 -0.594319
FixedParameters: 0 0 0

#Transform 20
Transform: AffineTransform_float_3_3
Parameters: 0.999998 -0.00128317 0.00188624 0.00128483 0.999998 -0.000967578 -0.00188476 0.00097042 0.999998 0.0850374 0.0629147 -0.139226
FixedParameters: 0 0 0

#Transform 21
Transform: AffineTransform_float_3_3
Parameters: 0.999997 -0.00106683 0.00223308 0.00106717 1 -7.46172e-05 -0.00223292 7.63825e-05 0.999998 0.0430581 0.142477 -0.224679
FixedParameters: 0 0 0

#Transform 22
Transform: AffineTransform_float_3_3
Parameters: 0.999997 -0.00163912 0.00215415 0.00163888 0.999998 0.000520532 -0.00215585 -0.000517468 0.999997 0.0756446 0.0755084 -0.299162
FixedParameters: 0 0 0

#Transform 23
Transform: AffineTransform_float_3_3
Parameters: 0.999996 -0.0016376 0.00237228 0.0016384 0.999998 -0.000167114 -0.00237272 0.000171886 0.999997 0.0393031 0.133864 -0.353106
FixedParameters: 0 0 0

#Transform 24
Transform: AffineTransform_float_3_3
Parameters: 0.999997 -0.00176403 0.001806 0.00176297 0.999999 0.000570186 -0.001807 -0.000566814 0.999998 0.0601345 0.040434 -0.259709
FixedParameters: 0 0 0

#Transform 25
Transform: AffineTransform_float_3_3
Parameters: 0.999994 -0.00204175 0.00301821 0.00204526 0.999998 -0.00107583 -0.0030168 0.00108217 0.999995 0.0974819 0.123496 -0.462996
FixedParameters: 0 0 0

#Transform 26
Transform: AffineTransform_float_3_3
Parameters: 0.999995 -0.00183192 0.00258319 0.00183508 0.999997 -0.00119027 -0.00258081 0.00119573 0.999996 0.0820799 0.201689 -0.489319
FixedParameters: 0 0 0

#Transform 27
Transform: AffineTransform_float_3_3
Parameters: 0.999997 -0.00127904 0.00218797 0.00127896 0.999999 2.07984e-05 -0.00218802 -1.72015e-05 0.999997 0.0476603 0.134084 -0.413768
FixedParameters: 0 0 0

#Transform 28
Transform: AffineTransform_float_3_3
Parameters: 0.999998 -0.000850001 0.00207218 0.000848001 0.999999 0.00096576 -0.00207282 -0.000964241 0.999998 0.0260539 0.17138 -0.330583
FixedParameters: 0 0 0

#Transform 29
Transform: AffineTransform_float_3_3
Parameters: 0.999996 -0.00107075 0.00257127 0.00106926 0.999999 0.000679752 -0.00257273 -0.000677248 0.999996 0.0377367 0.146498 -0.455574
FixedParameters: 0 0 0

#Transform 30
Transform: AffineTransform_float_3_3
Parameters: 0.999995 -0.00126973 0.00296926 0.00126827 0.999999 0.000583769 -0.00296974 -0.000580233 0.999996 0.0442724 0.214893 -0.563304
FixedParameters: 0 0 0

#Transform 31
Transform: AffineTransform_float_3_3
Parameters: 0.999993 -0.00175653 0.00309484 0.00175847 0.999999 -0.000473561 -0.00309416 0.000478438 0.999995 0.0667031 0.261554 -0.591209
FixedParameters: 0 0 0

#Transform 32
Transform: AffineTransform_float_3_3
Parameters: 0.999993 -0.00176034 0.00336678 0.00175866 0.999998 0.000697926 -0.00336822 -0.000692076 0.999994 0.0648098 0.0509792 -0.552912
FixedParameters: 0 0 0

#Transform 33
Transform: AffineTransform_float_3_3
Parameters: 0.999992 -0.00180568 0.00375119 0.00180432 0.999999 0.000451772 -0.00375181 -0.000445229 0.999993 0.059032 0.23845 -0.601238
FixedParameters: 0 0 0

#Transform 34
Transform: AffineTransform_float_3_3
Parameters: 0.999992 -0.00178717 0.00376692 0.00178683 0.999999 4.87313e-05 -0.00376708 -4.2268e-05 0.999993 0.069989 0.138835 -0.639318
FixedParameters: 0 0 0

#Transform 35
Transform: AffineTransform_float_3_3
Parameters: 0.999988 -0.00239273 0.00429938 0.00239727 0.999996 -0.000987705 -0.00429662 0.000998293 0.999991 0.0902563 0.257133 -0.71929
FixedParameters: 0 0 0

#Transform 36
Transform: AffineTransform_float_3_3
Parameters: 0.999984 -0.00256734 0.00499489 0.00257066 0.999996 -0.000727171 -0.00499212 0.000739828 0.999988 0.0920718 0.21191 -0.748944
FixedParameters: 0 0 0

#Transform 37
Transform: AffineTransform_float_3_3
Parameters: 0.999986 -0.0020562 0.00501997 0.0020608 0.999998 -0.000950669 -0.00501803 0.000961333 0.999987 0.0843588 0.15406 -0.72153
FixedParameters: 0 0 0

#Transform 38
Transform: AffineTransform_float_3_3
Parameters: 0.999987 -0.00204778 0.00469297 0.00205022 0.999998 -0.000469384 -0.00469203 0.000478614 0.999989 0.0668226 0.320563 -0.667842
FixedParameters: 0 0 0

#Transform 39
Transform: AffineTransform_float_3_3
Parameters: 0.999996 -0.00202262 0.00198421 0.00200938 0.999974 0.00684101 -0.00199779 -0.00683698 0.999974 -0.0417183 0.481225 -0.704487
FixedParameters: 0 0 0

#Transform 40
Transform: AffineTransform_float_3_3
Parameters: 0.999975 -0.000580942 0.00695217 0.000571058 0.999999 0.001432 -0.00695282 -0.001428 0.999975 0.118158 -0.284015 0.244331
FixedParameters: 0 0 0

#Transform 41
Transform: AffineTransform_float_3_3
Parameters: 0.999977 -0.00124961 0.00664135 0.00126239 0.999997 -0.00186166 -0.00663866 0.00187034 0.999976 0.162186 0.0134269 -0.0835297
FixedParameters: 0 0 0

#Transform 42
Transform: AffineTransform_float_3_3
Parameters: 0.999979 -0.00154321 0.00619744 0.00154978 0.999999 -0.000928415 -0.00619656 0.000938582 0.999981 0.19262 -0.0188559 -0.0350786
FixedParameters: 0 0 0

#Transform 43
Transform: AffineTransform_float_3_3
Parameters: 0.999978 -0.00178725 0.00646549 0.00178876 0.999999 -0.000265441 -0.00646552 0.000276562 0.999979 0.221387 0.0371168 -0.0995739
FixedParameters: 0 0 0

#Transform 44
Transform: AffineTransform_float_3_3
Parameters: 0.999968 -0.00206004 0.00765587 0.00206695 0.999998 -0.000900205 -0.00765412 0.000916797 0.999971 0.267736 0.0707118 -0.24418
FixedParameters: 0 0 0

#Transform 45
Transform: AffineTransform_float_3_3
Parameters: 0.999969 -0.00206267 0.00757518 0.00206733 0.999997 -0.000564357 -0.00757382 0.00057964 0.999971 0.269555 0.0850757 -0.245202
FixedParameters: 0 0 0

#Transform 46
Transform: AffineTransform_float_3_3
Parameters: 0.999971 -0.00206346 0.007336 0.00206654 0.999998 -0.000474854 -0.007335 0.00049015 0.999973 0.26751 0.063821 -0.238398
FixedParameters: 0 0 0

#Transform 47
Transform: AffineTransform_float_3_3
Parameters: 0.999972 -0.00206445 0.00726373 0.00206655 0.999998 -0.000343999 -0.00726327 0.000359005 0.999973 0.255376 0.0919332 -0.231404
FixedParameters: 0 0 0

#Transform 48
Transform: AffineTransform_float_3_3
Parameters: 0.999972 -0.00206502 0.00720357 0.00206698 0.999998 -0.000267118 -0.00720343 0.000281883 0.999974 0.243004 0.207735 -0.33839
FixedParameters: 0 0 0

#Transform 49
Transform: AffineTransform_float_3_3
Parameters: 0.999978 -0.00206958 0.00632615 0.00206741 0.999998 0.000415088 -0.00632684 -0.000401915 0.99998 0.203306 0.0749331 -0.34315
FixedParameters: 0 0 0

#Transform 50
Transform: AffineTransform_float_3_3
Parameters: 0.999977 -0.00199307 0.00639798 0.00199393 0.999998 1.77575e-05 -0.00639802 -5.24839e-06 0.99998 0.199279 0.16307 -0.413282
FixedParameters: 0 0 0

#Transform 51
Transform: AffineTransform_float_3_3
Parameters: 0.999977 -0.00200393 0.0064804 0.00200207 0.999998 0.000304981 -0.0064806 -0.00029202 0.999979 0.191301 0.105936 -0.361781
FixedParameters: 0 0 0

#Transform 52
Transform: AffineTransform_float_3_3
Parameters: 0.999977 -0.00194337 0.00639728 0.00194064 0.999998 0.000375423 -0.00639772 -0.000363575 0.99998 0.181358 0.158054 -0.290563
FixedParameters: 0 0 0

#Transform 53
Transform: AffineTransform_float_3_3
Parameters: 0.999978 -0.0018118 0.00639636 0.00180621 0.999998 0.000911573 -0.00639764 -0.000900429 0.999979 0.188125 0.0909161 -0.219012
FixedParameters: 0 0 0

#Transform 54
Transform: AffineTransform_float_3_3
Parameters: 0.999981 -0.00183253 0.00588304 0.00182247 0.999997 0.00162475 -0.00588596 -0.00161425 0.999982 0.191274 0.123291 -0.195449
FixedParameters: 0 0 0

#Transform 55
Transform: AffineTransform_float_3_3
Parameters: 0.999977 -0.00207961 0.00647396 0.00206739 0.999996 0.00195443 -0.00647804 -0.00194057 0.999977 0.204007 0.119425 -0.283215
FixedParameters: 0 0 0

#Transform 56
Transform: AffineTransform_float_3_3
Parameters: 0.999974 -0.00233724 0.00680815 0.00232576 0.999996 0.00165788 -0.00681184 -0.00164212 0.999975 0.21578 0.157002 -0.299174
FixedParameters: 0 0 0

#Transform 57
Transform: AffineTransform_float_3_3
Parameters: 0.999977 -0.00207566 0.00657027 0.00206734 0.999997 0.00132461 -0.00657373 -0.00131039 0.999977 0.176814 0.193092 -0.239135
FixedParameters: 0 0 0

#Transform 58
Transform: AffineTransform_float_3_3
Parameters: 0.999976 -0.0022801 0.00656985 0.0022709 0.999997 0.00139195 -0.00657315 -0.00137705 0.999978 0.190633 0.0842824 -0.203928
FixedParameters: 0 0 0

#Transform 59
Transform: AffineTransform_float_3_3
Parameters: 0.999976 -0.00246965 0.00657163 0.00246535 0.999997 0.000564215 -0.00657338 -0.00054778 0.999978 0.20285 0.159423 -0.2094
FixedParameters: 0 0 0

#Transform 60
Transform: AffineTransform_float_3_3
Parameters: 0.999972 -0.00257543 0.00702465 0.00256858 0.999997 0.000923069 -0.00702635 -0.00090593 0.999975 0.209982 0.128497 -0.293391
FixedParameters: 0 0 0

#Transform 61
Transform: AffineTransform_float_3_3
Parameters: 0.999964 -0.0026578 0.00805113 0.0026432 0.999995 0.00184835 -0.00805587 -0.00182665 0.999966 0.232659 0.138803 -0.246449
FixedParameters: 0 0 0

#Transform 62
Transform: AffineTransform_float_3_3
Parameters: 0.999961 -0.00352037 0.00817526 0.00349963 0.99999 0.00250471 -0.00818475 -0.00247629 0.999964 0.289396 0.14983 -0.290788
FixedParameters: 0 0 0

#Transform 63
Transform: AffineTransform_float_3_3
Parameters: 0.999959 -0.00256122 0.00866935 0.00255878 0.999996 0.000267194 -0.00866966 -0.000244805 0.999963 0.229214 0.141925 -0.252295
FixedParameters: 0 0 0

#Transform 64
Transform: AffineTransform_float_3_3
Parameters: 0.99997 -0.00209497 0.00754257 0.00209703 0.999998 -0.000261191 -0.00754244 0.00027681 0.999972 0.193797 0.0616472 -0.271632
FixedParameters: 0 0 0

#Transform 65
Transform: AffineTransform_float_3_3
Parameters: 0.999979 -0.00171667 0.00615125 0.00171333 0.999999 0.000439548 -0.00615274 -0.000429447 0.999981 0.175701 0.14772 -0.230667
FixedParameters: 0 0 0

#Transform 66
Transform: AffineTransform_float_3_3
Parameters: 0.999974 -0.00213101 0.00699557 0.00212299 0.999997 0.00115188 -0.00699844 -0.00113712 0.999975 0.186002 0.134828 -0.335724
FixedParameters: 0 0 0

#Transform 67
Transform: AffineTransform_float_3_3
Parameters: 0.999976 -0.00197311 0.0066466 0.00196489 0.999998 0.00122609 -0.0066494 -0.00121291 0.999977 0.18865 0.149647 -0.320628
FixedParameters: 0 0 0

#Transform 68
Transform: AffineTransform_float_3_3
Parameters: 0.999975 -0.00213909 0.00681472 0.0021359 0.999997 0.000608571 -0.00681628 -0.000593434 0.999976 0.191424 0.201953 -0.322246
FixedParameters: 0 0 0

#Transform 69
Transform: AffineTransform_float_3_3
Parameters: 0.999977 -0.00214196 0.00643168 0.00213504 0.999997 0.00108876 -0.00643331 -0.00107524 0.999978 0.178995 0.161262 -0.275365
FixedParameters: 0 0 0

#Transform 70
Transform: AffineTransform_float_3_3
Parameters: 0.999984 -0.00104574 0.00566967 0.00103226 0.999997 0.00224889 -0.00567234 -0.00224311 0.999982 0.126174 0.0516816 0.033349
FixedParameters: 0 0 0

#Transform 71
Transform: AffineTransform_float_3_3
Parameters: 0.99998 -0.00157325 0.00614964 0.00156374 0.999997 0.00150965 -0.00615236 -0.00149935 0.99998 0.157139 -0.00587774 0.00927987
FixedParameters: 0 0 0

#Transform 72
Transform: AffineTransform_float_3_3
Parameters: 0.999978 -0.00176286 0.00630297 0.00175214 0.999997 0.00172808 -0.00630602 -0.00171692 0.999978 0.162083 0.00821755 0.0292294
FixedParameters: 0 0 0

#Transform 73
Transform: AffineTransform_float_3_3
Parameters: 0.999974 -0.00180665 0.00708029 0.00179635 0.999997 0.00151076 -0.00708271 -0.00149724 0.999974 0.160826 0.0362409 0.0535119
FixedParameters: 0 0 0

#Transform 74
Transform: AffineTransform_float_3_3
Parameters: 0.999979 -0.00165338 0.00626037 0.00165161 0.999998 0.000386348 -0.00626063 -0.000375657 0.999981 0.130084 0.157883 -0.0981846
FixedParameters: 0 0 0

#Transform 75
Transform: AffineTransform_float_3_3
Parameters: 0.999979 -0.00162025 0.00616831 0.00160975 0.999998 0.00166696 -0.00617068 -0.00165704 0.999979 0.136511 0.0564048 -0.0610392
FixedParameters: 0 0 0

#Transform 76
Transform: AffineTransform_float_3_3
Parameters: 0.99998 -0.00161811 0.0062219 0.00160989 0.999998 0.00130804 -0.0062241 -0.00129796 0.99998 0.129176 0.143414 -0.148168
FixedParameters: 0 0 0

#Transform 77
Transform: AffineTransform_float_3_3
Parameters: 0.999976 -0.00190588 0.00669119 0.00189611 0.999997 0.00148372 -0.0066938 -0.00147028 0.999976 0.163093 0.0707955 -0.14182
FixedParameters: 0 0 0

#Transform 78
Transform: AffineTransform_float_3_3
Parameters: 0.999975 -0.00201278 0.00670147 0.00201122 0.999998 0.000272485 -0.00670154 -0.000259518 0.999978 0.172981 0.156538 -0.171888
FixedParameters: 0 0 0

#Transform 79
Transform: AffineTransform_float_3_3
Parameters: 0.999976 -0.00201635 0.00664538 0.00201065 0.999997 0.00081138 -0.00664662 -0.000798617 0.999977 0.180499 0.063185 -0.135614
FixedParameters: 0 0 0

#Transform 80
Transform: AffineTransform_float_3_3
Parameters: 0.999975 -0.00218984 0.00661674 0.00218316 0.999997 0.00104047 -0.00661926 -0.00102653 0.999977 0.174239 0.133029 -0.189975
FixedParameters: 0 0 0

#Transform 81
Transform: AffineTransform_float_3_3
Parameters: 0.999974 -0.00210717 0.0068735 0.00209984 0.999997 0.00119446 -0.0068765 -0.00118054 0.999975 0.175327 0.0511832 -0.163646
FixedParameters: 0 0 0

#Transform 82
Transform: AffineTransform_float_3_3
Parameters: 0.999973 -0.00219242 0.00710972 0.00218459 0.999997 0.00105056 -0.00711229 -0.00103544 0.999974 0.120476 0.159884 -0.22732
FixedParameters: 0 0 0

#Transform 83
Transform: AffineTransform_float_3_3
Parameters: 0.99997 -0.00229473 0.00736981 0.00227827 0.999995 0.00227786 -0.00737519 -0.00226114 0.99997 0.129401 0.106187 -0.263285
FixedParameters: 0 0 0

#Transform 84
Transform: AffineTransform_float_3_3
Parameters: 0.99997 -0.00228826 0.00738107 0.00228174 0.999997 0.000856868 -0.00738294 -0.000840131 0.999973 0.152208 0.216207 -0.287161
FixedParameters: 0 0 0

#Transform 85
Transform: AffineTransform_float_3_3
Parameters: 0.999971 -0.00225989 0.00718264 0.00224611 0.999995 0.00194119 -0.00718736 -0.00192581 0.999973 0.1579 0.101749 -0.268852
FixedParameters: 0 0 0

#Transform 86
Transform: AffineTransform_float_3_3
Parameters: 0.999968 -0.00235704 0.00763968 0.00234296 0.999995 0.00184596 -0.00764432 -0.00182804 0.999969 0.170997 0.173031 -0.32871
FixedParameters: 0 0 0

#Transform 87
Transform: AffineTransform_float_3_3
Parameters: 0.999967 -0.00235192 0.00784574 0.00234108 0.999997 0.00140142 -0.00784927 -0.00138259 0.999968 0.165141 0.171247 -0.306524
FixedParameters: 0 0 0

#Transform 88
Transform: AffineTransform_float_3_3
Parameters: 0.999971 -0.00207951 0.00731533 0.00206349 0.999996 0.00226316 -0.00732067 -0.00224784 0.99997 0.158928 0.0875244 -0.284923
FixedParameters: 0 0 0

#Transform 89
Transform: AffineTransform_float_3_3
Parameters: 0.99997 -0.00157999 0.00757109 0.00156601 0.999997 0.00185391 -0.0075739 -0.00184209 0.999969 0.130784 0.233027 -0.31499
FixedParameters: 0 0 0

#Transform 90
Transform: AffineTransform_float_3_3
Parameters: 0.999967 -0.00206173 0.00788916 0.00204727 0.999996 0.00187521 -0.00789283 -0.00185879 0.999967 0.162253 0.106736 -0.314896
FixedParameters: 0 0 0

#Transform 91
Transform: AffineTransform_float_3_3
Parameters: 0.999964 -0.00205805 0.00815621 0.00204694 0.999997 0.00136374 -0.00815878 -0.00134626 0.999966 0.163833 0.193279 -0.315649
FixedParameters: 0 0 0

#Transform 92
Transform: AffineTransform_float_3_3
Parameters: 0.999968 -0.00213918 0.00771563 0.00212681 0.999997 0.00158746 -0.00771837 -0.00157054 0.999969 0.163934 0.163315 -0.3251
FixedParameters: 0 0 0

#Transform 93
Transform: AffineTransform_float_3_3
Parameters: 0.999968 -0.00214325 0.0077145 0.00212675 0.999996 0.00211448 -0.0077185 -0.00209753 0.999968 0.188252 0.127768 -0.298382
FixedParameters: 0 0 0

#Transform 94
Transform: AffineTransform_float_3_3
Parameters: 0.999966 -0.00231641 0.00792667 0.00230559 0.999997 0.00144832 -0.00793032 -0.00142968 0.999967 0.183416 0.203264 -0.353746
FixedParameters: 0 0 0

#Transform 95
Transform: AffineTransform_float_3_3
Parameters: 0.999967 -0.00228052 0.00771472 0.00226547 0.999995 0.00189154 -0.00771828 -0.00187346 0.999969 0.189706 0.115578 -0.306415
FixedParameters: 0 0 0

#Transform 96
Transform: AffineTransform_float_3_3
Parameters: 0.999968 -0.00213718 0.00771619 0.00212683 0.999997 0.00132645 -0.00771881 -0.00131055 0.99997 0.157607 0.217361 -0.327709
FixedParameters: 0 0 0

#Transform 97
Transform: AffineTransform_float_3_3
Parameters: 0.999966 -0.00214413 0.0079464 0.00212687 0.999996 0.00216398 -0.0079516 -0.00214702 0.999966 0.161317 0.123485 -0.321554
FixedParameters: 0 0 0

#Transform 98
Transform: AffineTransform_float_3_3
Parameters: 0.999968 -0.00213543 0.00771667 0.00212657 0.999997 0.00110045 -0.00771832 -0.00108355 0.999969 0.148428 0.223638 -0.288067
FixedParameters: 0 0 0

#Transform 99
Transform: AffineTransform_float_3_3
Parameters: 0.999968 -0.002145 0.00771401 0.002127 0.999995 0.00234148 -0.00771898 -0.00232452 0.999967 0.171129 0.0730128 -0.289773
FixedParameters: 0 0 0

#Transform 100
Transform: AffineTransform_float_3_3
Parameters: 0.999967 -0.0022517 0.0077153 0.00223831 0.999996 0.00165332 -0.00771869 -0.00163667 0.999969 0.171526 0.220713 -0.355459
FixedParameters: 0 0 0

#Transform 101
Transform: AffineTransform_float_3_3
Parameters: 0.999968 -0.00214385 0.00763029 0.00212715 0.999996 0.0022153 -0.00763472 -0.0021997 0.999969 0.162129 0.143822 -0.28319
FixedParameters: 0 0 0

#Transform 102
Transform: AffineTransform_float_3_3
Parameters: 0.99997 -0.000828493 0.00771672 0.000807506 0.999996 0.00278832 -0.00771828 -0.00278169 0.999967 0.138765 0.00594708 0.323901
FixedParameters: 0 0 0

#Transform 103
Transform: AffineTransform_float_3_3
Parameters: 0.99998 -0.00145991 0.00617943 0.0014491 0.999998 0.00176899 -0.00618157 -0.00176001 0.99998 0.114479 0.16627 -0.0254989
FixedParameters: 0 0 0

#Transform 104
Transform: AffineTransform_float_3_3
Parameters: 0.999979 -0.00168693 0.00624433 0.00167708 0.999998 0.00159451 -0.00624668 -0.0015845 0.999979 0.138779 0.15011 -0.113346
FixedParameters: 0 0 0

#Transform 105
Transform: AffineTransform_float_3_3
Parameters: 0.999982 -0.00122432 0.00597831 0.00121569 0.999999 0.00139429 -0.0059797 -0.00138771 0.999981 0.148706 0.0937487 -0.038466
FixedParameters: 0 0 0

#Transform 106
Transform: AffineTransform_float_3_3
Parameters: 0.999981 -0.00122525 0.00591809 0.00121574 0.999998 0.00156722 -0.00591991 -0.00155978 0.999982 0.111962 0.188694 -0.108397
FixedParameters: 0 0 0

#Transform 107
Transform: AffineTransform_float_3_3
Parameters: 0.999984 -0.00123246 0.00564243 0.00121554 0.999995 0.00291991 -0.00564557 -0.00291309 0.99998 0.113008 0.0865892 -0.0768611
FixedParameters: 0 0 0

#Transform 108
Transform: AffineTransform_float_3_3
Parameters: 0.999984 -0.00122755 0.00547943 0.00121545 0.999997 0.00211069 -0.00548157 -0.0021043 0.999983 0.112 0.203143 -0.154656
FixedParameters: 0 0 0

#Transform 109
Transform: AffineTransform_float_3_3
Parameters: 0.999981 -0.00148609 0.00599655 0.00146791 0.999995 0.00301986 -0.00600046 -0.00301114 0.999978 0.134796 0.129044 -0.152682
FixedParameters: 0 0 0

#Transform 110
Transform: AffineTransform_float_3_3
Parameters: 0.999982 -0.00161302 0.00587326 0.00160299 0.999998 0.00170945 -0.00587675 -0.00170055 0.999982 0.135618 0.170869 -0.112023
FixedParameters: 0 0 0

#Transform 111
Transform: AffineTransform_float_3_3
Parameters: 0.999982 -0.00136452 0.00586864 0.00134948 0.999996 0.00247696 -0.00587235 -0.00246903 0.999979 0.118993 0.146209 -0.164951
FixedParameters: 0 0 0

#Transform 112
Transform: AffineTransform_float_3_3
Parameters: 0.999984 -0.00139897 0.00545093 0.00138303 0.999994 0.00293258 -0.00545507 -0.00292441 0.999981 0.106714 0.168773 -0.200197
FixedParameters: 0 0 0

#Transform 113
Transform: AffineTransform_float_3_3
Parameters: 0.999982 -0.00139487 0.00571411 0.00138313 0.999997 0.00207994 -0.00571688 -0.00207206 0.999981 0.109825 0.221412 -0.235125
FixedParameters: 0 0 0

#Transform 114
Transform: AffineTransform_float_3_3
Parameters: 0.99998 -0.00174158 0.00599621 0.00172442 0.999994 0.00276939 -0.00600079 -0.0027596 0.999978 0.142624 0.12802 -0.237458
FixedParameters: 0 0 0

#Transform 115
Transform: AffineTransform_float_3_3
Parameters: 0.999978 -0.00179092 0.00637182 0.00177607 0.999995 0.00234737 -0.00637618 -0.00233563 0.999977 0.146615 0.219008 -0.248797
FixedParameters: 0 0 0

#Transform 116
Transform: AffineTransform_float_3_3
Parameters: 0.999974 -0.00228525 0.00693902 0.00226676 0.999994 0.0026358 -0.00694499 -0.0026202 0.999973 0.148796 0.12406 -0.281077
FixedParameters: 0 0 0

#Transform 117
Transform: AffineTransform_float_3_3
Parameters: 0.999976 -0.00212306 0.0065574 0.00211495 0.999997 0.0012349 -0.0065596 -0.0012211 0.999977 0.141859 0.347221 -0.302542
FixedParameters: 0 0 0

#Transform 118
Transform: AffineTransform_float_3_3
Parameters: 0.999976 -0.00189896 0.00655511 0.00188204 0.999995 0.0025924 -0.00655989 -0.0025796 0.999975 0.142094 0.0753533 -0.260894
FixedParameters: 0 0 0

#Transform 119
Transform: AffineTransform_float_3_3
Parameters: 0.999981 -0.00128643 0.00601972 0.00127157 0.999996 0.0025657 -0.00602328 -0.0025583 0.999978 0.109457 0.225266 -0.320187
FixedParameters: 0 0 0

#Transform 120
Transform: AffineTransform_float_3_3
Parameters: 0.99998 -0.00129212 0.00615361 0.00127089 0.999994 0.00343389 -0.0061574 -0.00342611 0.999975 0.109023 0.165072 -0.283811
FixedParameters: 0 0 0

#Transform 121
Transform: AffineTransform_float_3_3
Parameters: 0.999977 -0.00129049 0.00655619 0.00127151 0.999995 0.0029764 -0.00655981 -0.0029676 0.999974 0.107453 0.25299 -0.340376
FixedParameters: 0 0 0

#Transform 122
Transform: AffineTransform_float_3_3
Parameters: 0.999977 -0.00129369 0.00655556 0.00127131 0.999993 0.00346341 -0.00656043 -0.00345559 0.999972 0.11133 0.181256 -0.270969
FixedParameters: 0 0 0

#Transform 123
Transform: AffineTransform_float_3_3
Parameters: 0.999978 -0.00153167 0.00655613 0.00151533 0.999995 0.00254699 -0.00655988 -0.00253701 0.999976 0.109133 0.259621 -0.307081
FixedParameters: 0 0 0

#Transform 124
Transform: AffineTransform_float_3_3
Parameters: 0.999977 -0.00129189 0.00655592 0.00127111 0.999994 0.00318941 -0.00656008 -0.0031816 0.999974 0.108767 0.146769 -0.244345
FixedParameters: 0 0 0

#Transform 125
Transform: AffineTransform_float_3_3
Parameters: 0.999981 -0.00155406 0.00605315 0.00153894 0.999995 0.00249136 -0.00605685 -0.00248263 0.999978 0.0932743 0.302233 -0.219194
FixedParameters: 0 0 0

#Transform 126
Transform: AffineTransform_float_3_3
Parameters: 0.999982 -0.00128514 0.00573885 0.00127086 0.999996 0.00246734 -0.00574215 -0.00245966 0.999981 0.106827 0.0415959 -0.0704887
FixedParameters: 0 0 0

#Transform 127
Transform: AffineTransform_float_3_3
Parameters: 0.999981 -0.00152819 0.00600442 0.00151781 0.999998 0.00170115 -0.00600759 -0.00169185 0.999981 0.103917 0.208142 -0.198349
FixedParameters: 0 0 0

#Transform 128
Transform: AffineTransform_float_3_3
Parameters: 0.999981 -0.00135437 0.0059971 0.00133763 0.999995 0.00289908 -0.0060009 -0.00289193 0.999978 0.0860504 0.156974 -0.169507
FixedParameters: 0 0 0

#Transform 129
Transform: AffineTransform_float_3_3
Parameters: 0.99998 -0.00141889 0.00624063 0.0014041 0.999996 0.00239081 -0.00624437 -0.00238119 0.999977 0.0880127 0.232614 -0.218672
FixedParameters: 0 0 0

#Transform 130
Transform: AffineTransform_float_3_3
Parameters: 0.99998 -0.00169703 0.00599676 0.00168197 0.999996 0.00251114 -0.00600123 -0.00250087 0.999979 0.089163 0.200507 -0.262705
FixedParameters: 0 0 0

#Transform 131
Transform: AffineTransform_float_3_3
Parameters: 0.999978 -0.00169958 0.00644439 0.00168142 0.999995 0.00273189 -0.0064486 -0.0027211 0.999975 0.0920039 0.196673 -0.289583
FixedParameters: 0 0 0

#Transform 132
Transform: AffineTransform_float_3_3
Parameters: 0.99998 -0.00212571 0.0059958 0.00211128 0.999994 0.00245971 -0.00600119 -0.00244629 0.999979 0.0938199 0.188119 -0.264436
FixedParameters: 0 0 0

#Transform 133
Transform: AffineTransform_float_3_3
Parameters: 0.999976 -0.00193025 0.00654152 0.00191575 0.999996 0.00233659 -0.00654648 -0.00232442 0.999976 0.104722 0.267834 -0.303655
FixedParameters: 0 0 0

#Transform 134
Transform: AffineTransform_float_3_3
Parameters: 0.999978 -0.00187884 0.00647385 0.00186116 0.999995 0.00276111 -0.00647916 -0.00274889 0.999975 0.108184 0.16329 -0.272449
FixedParameters: 0 0 0

#Transform 135
Transform: AffineTransform_float_3_3
Parameters: 0.999978 -0.00196309 0.00636022 0.0019409 0.999992 0.00347842 -0.00636677 -0.00346558 0.999973 0.110339 0.222222 -0.271709
FixedParameters: 0 0 0

#Transform 136
Transform: AffineTransform_float_3_3
Parameters: 0.999977 -0.00185287 0.00660163 0.00183013 0.999993 0.00346917 -0.00660838 -0.00345684 0.999972 0.0946334 0.245356 -0.288222
FixedParameters: 0 0 0

#Transform 137
Transform: AffineTransform_float_3_3
Parameters: 0.999978 -0.00174705 0.00649284 0.00172395 0.999992 0.00355427 -0.00649916 -0.00354273 0.999972 0.0932026 0.181412 -0.233167
FixedParameters: 0 0 0

#Transform 138
Transform: AffineTransform_float_3_3
Parameters: 0.999975 -0.00149925 0.00700206 0.00147575 0.999994 0.00332442 -0.00700694 -0.00331358 0.99997 0.094044 0.249695 -0.197258
FixedParameters: 0 0 0

#Transform 139
Transform: AffineTransform_float_3_3
Parameters: 0.999975 -0.00152472 0.00697565 0.00150027 0.999992 0.00354856 -0.00698137 -0.00353745 0.99997 0.087061 0.210972 -0.212754
FixedParameters: 0 0 0

#Transform 140
Transform: AffineTransform_float_3_3
Parameters: 0.999975 -0.00102178 0.00697656 0.000991217 0.99999 0.00441402 -0.00698144 -0.00440697 0.999966 0.0682062 0.168362 -0.164303
FixedParameters: 0 0 0

#Transform 141
Transform: AffineTransform_float_3_3
Parameters: 0.999977 -0.0012652 0.00657363 0.0012368 0.99999 0.00429223 -0.00657936 -0.00428377 0.999969 0.0569069 0.260273 -0.225392
FixedParameters: 0 0 0

#Transform 142
Transform: AffineTransform_float_3_3
Parameters: 0.999978 -0.00132105 0.00641969 0.00129494 0.999991 0.0040614 -0.0064253 -0.0040526 0.999971 0.0798747 0.186994 -0.231431
FixedParameters: 0 0 0

#Transform 143
Transform: AffineTransform_float_3_3
Parameters: 0.999978 -0.00132056 0.00639877 0.00129544 0.999991 0.00399737 -0.00640422 -0.00398863 0.999971 0.0795889 0.231537 -0.2535
FixedParameters: 0 0 0

#Transform 144
Transform: AffineTransform_float_3_3
Parameters: 0.999972 -0.001826 0.00722323 0.00179901 0.999992 0.0037421 -0.00722977 -0.0037289 0.999967 0.113935 0.208735 -0.255755
FixedParameters: 0 0 0

#Transform 145
Transform: AffineTransform_float_3_3
Parameters: 0.999927 -0.00469558 0.0110697 0.00463341 0.999973 0.0056727 -0.0110963 -0.0056203 0.999922 0.325519 0.104234 -0.0667113
FixedParameters: 0 0 0

#Transform 146
Transform: AffineTransform_float_3_3
Parameters: 0.999948 -0.00278665 0.00979529 0.00273735 0.999984 0.00497707 -0.00980871 -0.00494992 0.999939 0.203165 0.278852 -0.110752
FixedParameters: 0 0 0

#Transform 147
Transform: AffineTransform_float_3_3
Parameters: 0.99997 -0.00162954 0.00754863 0.00159446 0.999988 0.00457917 -0.00755637 -0.00456782 0.999961 0.130509 0.148324 0.00317699
FixedParameters: 0 0 0

#Transform 148
Transform: AffineTransform_float_3_3
Parameters: 0.999965 -0.00153912 0.00829766 0.00149888 0.999987 0.00483861 -0.00830534 -0.00482639 0.999954 0.135564 0.194711 -0.0782542
FixedParameters: 0 0 0

#Transform 149
Transform: AffineTransform_float_3_3
Parameters: 0.999962 -0.00193956 0.00858638 0.00190044 0.999988 0.00449749 -0.00859462 -0.0044805 0.999953 0.161069 0.142582 -0.113075
FixedParameters: 0 0 0

#Transform 150
Transform: AffineTransform_float_3_3
Parameters: 0.999964 -0.00207213 0.00824875 0.00203887 0.99999 0.00402296 -0.00825725 -0.00400603 0.999958 0.144182 0.255739 -0.147221
FixedParameters: 0 0 0

#Transform 151
Transform: AffineTransform_float_3_3
Parameters: 0.999961 -0.00214932 0.00848114 0.00210568 0.999984 0.00511305 -0.00849186 -0.00509494 0.999951 0.159838 0.140841 -0.124569
FixedParameters: 0 0 0

#Transform 152
Transform: AffineTransform_float_3_3
Parameters: 0.999966 -0.00214445 0.00805544 0.00211255 0.999989 0.00403516 -0.00806358 -0.00401785 0.99996 0.141637 0.275367 -0.206024
FixedParameters: 0 0 0

#Transform 153
Transform: AffineTransform_float_3_3
Parameters: 0.999968 -0.00158196 0.00785744 0.00154905 0.99999 0.00419831 -0.00786357 -0.0041867 0.999961 0.135833 0.14486 -0.18126
FixedParameters: 0 0 0

#Transform 154
Transform: AffineTransform_float_3_3
Parameters: 0.999966 -0.00214164 0.00790469 0.00210736 0.999988 0.00438781 -0.0079133 -0.0043712 0.999959 0.141378 0.205091 -0.206177
FixedParameters: 0 0 0

#Transform 155
Transform: AffineTransform_float_3_3
Parameters: 0.999967 -0.00214183 0.00776747 0.00210716 0.999987 0.00449051 -0.00777652 -0.00447349 0.99996 0.149166 0.204144 -0.176395
FixedParameters: 0 0 0

#Transform 156
Transform: AffineTransform_float_3_3
Parameters: 0.999965 -0.00213812 0.00810686 0.00210689 0.999991 0.00384422 -0.00811514 -0.00382778 0.999959 0.151279 0.219087 -0.184751
FixedParameters: 0 0 0

#Transform 157
Transform: AffineTransform_float_3_3
Parameters: 0.999972 -0.00167596 0.00739394 0.00164004 0.999987 0.00486726 -0.00740206 -0.00485473 0.999961 0.141892 0.182354 -0.149665
FixedParameters: 0 0 0

#Transform 158
Transform: AffineTransform_float_3_3
Parameters: 0.99997 -0.0018369 0.00761886 0.00180711 0.99999 0.00392889 -0.00762515 -0.00391511 0.999964 0.13864 0.278465 -0.215404
FixedParameters: 0 0 0

#Transform 159
Transform: AffineTransform_float_3_3
Parameters: 0.999972 -0.00167212 0.00739481 0.00163987 0.999989 0.00434825 -0.00740219 -0.00433575 0.999963 0.134028 0.159677 -0.15855
FixedParameters: 0 0 0

#Transform 160
Transform: AffineTransform_float_3_3
Parameters: 0.999974 -0.00189642 0.00692655 0.00186958 0.999991 0.00396305 -0.00693345 -0.00394996 0.999968 0.114759 0.260536 -0.169526
FixedParameters: 0 0 0

#Transform 161
Transform: AffineTransform_float_3_3
Parameters: 0.999976 -0.00166574 0.00683077 0.00164026 0.999992 0.0037723 -0.00683623 -0.00376071 0.999969 0.123302 0.186058 -0.112071
FixedParameters: 0 0 0

#Transform 162
Transform: AffineTransform_float_3_3
Parameters: 0.999975 -0.00169448 0.00686911 0.00165852 0.999985 0.00531253 -0.0068779 -0.00530148 0.999963 0.118145 0.18393 -0.133238
FixedParameters: 0 0 0

#Transform 163
Transform: AffineTransform_float_3_3
Parameters: 0.99998 -0.00137889 0.00621018 0.00135711 0.999993 0.0035275 -0.00621482 -0.0035185 0.999975 0.0939757 0.224146 -0.137029
FixedParameters: 0 0 0

#Transform 164
Transform: AffineTransform_float_3_3
Parameters: 0.99998 -0.00148077 0.00624125 0.00145224 0.999989 0.00461116 -0.00624776 -0.00460184 0.99997 0.103036 0.132323 -0.16724
FixedParameters: 0 0 0

#Transform 165
Transform: AffineTransform_float_3_3
Parameters: 0.999977 -0.00163613 0.00656405 0.00160787 0.99999 0.00428866 -0.00657095 -0.00427835 0.99997 0.0984501 0.25796 -0.217901
FixedParameters: 0 0 0

#Transform 166
Transform: AffineTransform_float_3_3
Parameters: 0.999979 -0.00163648 0.00623159 0.00160853 0.999989 0.00457112 -0.00623941 -0.00456189 0.99997 0.112827 0.149546 -0.182971
FixedParameters: 0 0 0

#Transform 167
Transform: AffineTransform_float_3_3
Parameters: 0.999974 -0.0016453 0.00711548 0.0016077 0.999985 0.00524458 -0.00712452 -0.00523242 0.999961 0.122379 0.297894 -0.17983
FixedParameters: 0 0 0

#Transform 168
Transform: AffineTransform_float_3_3
Parameters: 0.999976 -0.00165188 0.00682553 0.00160813 0.999978 0.00642814 -0.00683647 -0.00641787 0.999956 0.111647 0.191549 -0.123724
FixedParameters: 0 0 0

#Transform 169
Transform: AffineTransform_float_3_3
Parameters: 0.999971 -0.00147708 0.00750365 0.00143392 0.999982 0.00574393 -0.00751135 -0.00573307 0.999956 0.101188 0.281453 -0.175011
FixedParameters: 0 0 0

#Transform 170
Transform: AffineTransform_float_3_3
Parameters: 0.999972 -0.00165602 0.00719511 0.00160797 0.999977 0.00667475 -0.00720688 -0.00666325 0.999952 0.090154 0.208316 -0.173374
FixedParameters: 0 0 0

#Transform 171
Transform: AffineTransform_float_3_3
Parameters: 0.999979 -0.00129942 0.00642857 0.00125658 0.999978 0.00659822 -0.00643743 -0.00658978 0.999957 0.0749125 0.228353 -0.127969
FixedParameters: 0 0 0

#Transform 172
Transform: AffineTransform_float_3_3
Parameters: 0.999977 -0.00104666 0.00668031 0.00100333 0.999978 0.00653586 -0.0066877 -0.00652915 0.999957 0.0635735 0.224757 -0.157415
FixedParameters: 0 0 0

#Transform 173
Transform: AffineTransform_float_3_3
Parameters: 0.999976 -0.00149621 0.00667965 0.00146279 0.999986 0.00497389 -0.00668735 -0.00496411 0.999966 0.0799764 0.216155 -0.211448
FixedParameters: 0 0 0

#Transform 174
Transform: AffineTransform_float_3_3
Parameters: 0.999975 -0.00164332 0.00684562 0.00160868 0.999986 0.00516114 -0.00685439 -0.00514987 0.999963 0.086849 0.244982 -0.232827
FixedParameters: 0 0 0

#Transform 175
Transform: AffineTransform_float_3_3
Parameters: 0.999978 -0.00163493 0.00652331 0.00160807 0.99999 0.00413158 -0.0065297 -0.00412142 0.99997 0.0849918 0.232463 -0.198355
FixedParameters: 0 0 0

#Transform 176
Transform: AffineTransform_float_3_3
Parameters: 0.999977 -0.00193495 0.00658327 0.00190505 0.999988 0.00455265 -0.00659173 -0.00453935 0.999968 0.0977044 0.221134 -0.228706
FixedParameters: 0 0 0

#Transform 177
Transform: AffineTransform_float_3_3
Parameters: 0.999976 -0.00183291 0.00660131 0.00180409 0.99999 0.00423101 -0.00660968 -0.00421899 0.99997 0.112063 0.186733 -0.208499
FixedParameters: 0 0 0

#Transform 178
Transform: AffineTransform_float_3_3
Parameters: 0.999971 -0.00166888 0.00743382 0.00163212 0.999987 0.00496428 -0.00744218 -0.00495173 0.99996 0.0952765 0.327327 -0.211437
FixedParameters: 0 0 0

#Transform 179
Transform: AffineTransform_float_3_3
Parameters: 0.999974 -0.00185209 0.00697069 0.00180891 0.999979 0.00618277 -0.0069823 -0.00617023 0.999956 0.0962917 0.173822 -0.170077
FixedParameters: 0 0 0

#Transform 180
Transform: AffineTransform_float_3_3
Parameters: 0.999978 -0.00127387 0.00652267 0.00124113 0.999986 0.0050412 -0.00652933 -0.00503279 0.999966 0.0503753 0.283846 -0.17728
FixedParameters: 0 0 0

#Transform 181
Transform: AffineTransform_float_3_3
Parameters: 0.999977 -0.00143495 0.00660171 0.00140105 0.999986 0.00514437 -0.00660929 -0.00513463 0.999965 0.0675844 0.164908 -0.184668
FixedParameters: 0 0 0

#Transform 182
Transform: AffineTransform_float_3_3
Parameters: 0.999979 -0.00169096 0.00622447 0.00166204 0.999988 0.00449443 -0.00623152 -0.00448455 0.99997 0.0928433 0.24378 -0.189293
FixedParameters: 0 0 0

#Transform 183
Transform: AffineTransform_float_3_3
Parameters: 0.999981 -0.00150962 0.00608973 0.00147938 0.999987 0.0048651 -0.00609726 -0.00485589 0.999969 0.106064 0.18829 -0.213074
FixedParameters: 0 0 0

#Transform 184
Transform: AffineTransform_float_3_3
Parameters: 0.999981 -0.000860276 0.00609267 0.000828728 0.999987 0.00513315 -0.00609733 -0.00512886 0.999969 0.0828101 0.236618 -0.197409
FixedParameters: 0 0 0

#Transform 185
Transform: AffineTransform_float_3_3
Parameters: 0.999981 -0.000863864 0.00609216 0.00082813 0.999984 0.00572316 -0.00609784 -0.00571784 0.999965 0.0802588 0.226303 -0.225923
FixedParameters: 0 0 0

#Transform 186
Transform: AffineTransform_float_3_3
Parameters: 0.999982 -0.000590753 0.00609392 0.00055825 0.999986 0.0053745 -0.00609709 -0.0053715 0.999967 0.0649851 0.242384 -0.167294
FixedParameters: 0 0 0

#Transform 187
Transform: AffineTransform_float_3_3
Parameters: 0.999982 -0.000532099 0.00609363 0.000491905 0.999978 0.00657912 -0.00609737 -0.00657688 0.99996 0.0661079 0.193137 -0.124375
FixedParameters: 0 0 0

#Transform 188
Transform: AffineTransform_float_3_3
Parameters: 0.999982 -0.000134708 0.00600922 9.32895e-05 0.999977 0.00677468 -0.00600977 -0.00677331 0.999959 0.03332 0.285609 -0.0691173
FixedParameters: 0 0 0

#Transform 189
