# transform file /out/sourcedata/freesurfer/sub-v1s23x0050601_ses-1/mri/transforms/cc_up.lta
# created by oesteban on Mon Mar  9 21:10:17 2026

type      = 0 # LINEAR_VOX_TO_VOX
nxforms   = 1
mean      = 129.0000 129.0000 111.0000
sigma     = 10000.0000
1 4 4
9.993653297424316e-01 -1.182168535888195e-02 -3.360151499509811e-02 3.348585128784180e+00 
1.181500870734453e-02 9.999300837516785e-01 -3.972543345298618e-04 1.553037452697754e+01 
3.360386565327644e-02 2.910382698728675e-11 9.994351863861084e-01 2.474212837219238e+01 
0.000000000000000e+00 0.000000000000000e+00 0.000000000000000e+00 1.000000000000000e+00 
src volume info
valid = 1  # volume info valid
filename = /out/sourcedata/freesurfer/sub-v1s23x0050601_ses-1/mri/norm.mgz
volume = 256 256 256
voxelsize = 1.000000000000000e+00 1.000000000000000e+00 1.000000000000000e+00
xras   = -1.000000000000000e+00 0.000000000000000e+00 0.000000000000000e+00
yras   = 0.000000000000000e+00 0.000000000000000e+00 -1.000000000000000e+00
zras   = 0.000000000000000e+00 1.000000000000000e+00 0.000000000000000e+00
cras   = 1.886207580566406e+01 -4.740806579589844e+01 3.060771179199219e+01
dst volume info
valid = 1  # volume info valid
filename = /out/sourcedata/freesurfer/sub-v1s23x0050601_ses-1/mri/norm.mgz
volume = 256 256 256
voxelsize = 1.000000000000000e+00 1.000000000000000e+00 1.000000000000000e+00
xras   = -1.000000000000000e+00 0.000000000000000e+00 0.000000000000000e+00
yras   = 0.000000000000000e+00 0.000000000000000e+00 -1.000000000000000e+00
zras   = 0.000000000000000e+00 1.000000000000000e+00 0.000000000000000e+00
cras   = 1.886207580566406e+01 -4.740806579589844e+01 3.060771179199219e+01
