#Insight Transform File V1.0
#Transform 0
Transform: AffineTransform_float_3_3
Parameters: 1 -0.000319358 -0.00112847 0.000321643 0.999999 0.00145564 0.00112853 -0.00145536 0.999999 -0.0147392 -0.069392 -0.514381
FixedParameters: 0 0 0

#Transform 1
Transform: AffineTransform_float_3_3
Parameters: 1 0.000238003 4.85434e-06 -0.000237997 1 -0.000612001 -4.14565e-06 0.000611999 1 -0.0020692 0.0355035 0.0120319
FixedParameters: 0 0 0

#Transform 2
Transform: AffineTransform_float_3_3
Parameters: 1 0.000171004 0.000184996 -0.000170996 1 -2.20316e-05 -0.000185004 2.19684e-05 1 -0.00718867 -0.00636145 -0.0059001
FixedParameters: 0 0 0

#Transform 3
Transform: AffineTransform_float_3_3
Parameters: 1 -5.232e-09 1.6e-05 -5.232e-09 1 0.000327 -1.6e-05 -0.000327 1 -0.0011266 0.0379861 -0.0356582
FixedParameters: 0 0 0

#Transform 4
Transform: AffineTransform_float_3_3
Parameters: 1 6.49008e-05 0.000185035 -6.50991e-05 1 0.000535988 -0.000184965 -0.000536012 1 0.000483059 0.0456891 -0.053978
FixedParameters: 0 0 0

#Transform 5
Transform: AffineTransform_float_3_3
Parameters: 1 -8.8245e-08 0.000185 -8.8245e-08 1 0.000477 -0.000185 -0.000477 1 -0.00874545 0.0627347 -0.0963046
FixedParameters: 0 0 0

#Transform 6
Transform: AffineTransform_float_3_3
Parameters: 1 -5.59157e-05 -0.000172027 5.60843e-05 1 0.00048999 0.000171973 -0.000490009 1 -0.00303262 0.0687413 -0.0648203
FixedParameters: 0 0 0

#Transform 7
Transform: AffineTransform_float_3_3
Parameters: 1 -3.811e-08 0.000185 -3.811e-08 1 0.000206 -0.000185 -0.000206 1 0.000741633 0.0590391 -0.0688085
FixedParameters: 0 0 0

#Transform 8
Transform: AffineTransform_float_3_3
Parameters: 1 -1.7575e-08 0.000185 -1.7575e-08 1 9.5e-05 -0.000185 -9.5e-05 1 0.00074481 0.0661497 -0.0516394
FixedParameters: 0 0 0

#Transform 9
Transform: AffineTransform_float_3_3
Parameters: 1 -1.23e-10 -4.1e-05 -1.23e-10 1 -3e-06 4.1e-05 3e-06 1 -0.00175134 0.0772225 -0.0310638
FixedParameters: 0 0 0

#Transform 10
Transform: AffineTransform_float_3_3
Parameters: 1 -3.8665e-08 0.000185 -3.8665e-08 1 0.000209 -0.000185 -0.000209 1 -0.00642077 0.0610523 -0.016924
FixedParameters: 0 0 0

#Transform 11
Transform: AffineTransform_float_3_3
Parameters: 1 -0.000178945 0.000185053 0.000179055 1 -0.000298967 -0.000184946 0.000299033 1 -0.00548051 0.0685273 -0.0240912
FixedParameters: 0 0 0

#Transform 12
Transform: AffineTransform_float_3_3
Parameters: 1 -1.406e-08 0.000185 -1.406e-08 1 7.6e-05 -0.000185 -7.6e-05 1 -0.00905955 0.0537159 -0.0427711
FixedParameters: 0 0 0

#Transform 13
Transform: AffineTransform_float_3_3
Parameters: 1 -0.000109037 0.000184978 0.000108963 1 0.00019902 -0.000185022 -0.00019898 1 -0.0111735 0.0396637 -0.0423617
FixedParameters: 0 0 0

#Transform 14
Transform: AffineTransform_float_3_3
Parameters: 1 -2.4948e-08 0.000126 -2.4948e-08 1 0.000198 -0.000126 -0.000198 1 8.45492e-05 0.063972 -0.0544025
FixedParameters: 0 0 0

#Transform 15
Transform: AffineTransform_float_3_3
Parameters: 1 -1.48e-08 0.000185 -1.48e-08 1 8e-05 -0.000185 -8e-05 1 -0.00761416 0.051134 -0.0352424
FixedParameters: 0 0 0

#Transform 16
Transform: AffineTransform_float_3_3
Parameters: 1 3.915e-09 0.000435 3.915e-09 1 -9e-06 -0.000435 9e-06 1 0.00351863 0.0337317 -0.0371705
FixedParameters: 0 0 0

#Transform 17
Transform: AffineTransform_float_3_3
Parameters: 1 0.000118029 0.000184981 -0.000117971 1 -0.000158022 -0.000185019 0.000157978 1 0.000323739 0.0493232 -0.0263566
FixedParameters: 0 0 0

#Transform 18
Transform: AffineTransform_float_3_3
Parameters: 1 5.90407e-05 0.000255991 -5.89593e-05 1 -0.000159015 -0.000256009 0.000158985 1 -0.00870151 0.0556142 -0.0412402
FixedParameters: 0 0 0

#Transform 19
Transform: AffineTransform_float_3_3
Parameters: 1 1.33668e-07 0.000474 1.33668e-07 1 -0.000282 -0.000474 0.000282 1 0.00397863 0.069524 -0.036737
FixedParameters: 0 0 0

#Transform 20
Transform: AffineTransform_float_3_3
Parameters: 1 9.594e-08 0.000246 9.594e-08 1 -0.00039 -0.000246 0.00039 1 -0.00801734 0.0612239 -0.0367087
FixedParameters: 0 0 0

#Transform 21
Transform: AffineTransform_float_3_3
Parameters: 1 3.8037e-08 9.3e-05 3.8037e-08 1 -0.000409 -9.3e-05 0.000409 1 -0.00342124 0.0690215 -0.0377395
FixedParameters: 0 0 0

#Transform 22
Transform: AffineTransform_float_3_3
Parameters: 1 0.000150994 -3.00282e-05 -0.000151006 1 -0.000186995 2.99718e-05 0.000187005 1 -0.00447022 -0.0164456 0.0107318
FixedParameters: 0 0 0

#Transform 23
Transform: AffineTransform_float_3_3
Parameters: 1 -7.101e-09 0.000263 -7.101e-09 1 2.7e-05 -0.000263 -2.7e-05 1 -0.015508 -0.0745917 0.0120239
FixedParameters: 0 0 0

#Transform 24
Transform: AffineTransform_float_3_3
Parameters: 1 -4.02112e-07 0.000488 -4.02112e-07 0.999999 0.000823999 -0.000488 -0.000823999 0.999999 -0.00503093 0.0505086 0.0152082
FixedParameters: 0 0 0

#Transform 25
Transform: AffineTransform_float_3_3
Parameters: 0.999999 -0.000209532 0.000675835 0.000208467 0.999999 0.000788141 -0.000676165 -0.000787859 1 0.0104698 0.0815369 -0.0179457
FixedParameters: 0 0 0

#Transform 26
Transform: AffineTransform_float_3_3
Parameters: 1 -0.000185158 0.000470938 0.000184842 1 0.000336087 -0.000471062 -0.000335913 1 0.00808882 0.0385871 -0.0018816
FixedParameters: 0 0 0

#Transform 27
Transform: AffineTransform_float_3_3
Parameters: 1 -0.000236301 0.000459845 0.000235699 1 0.000655108 -0.000460154 -0.000654891 0.999999 0.00823881 0.0383512 0.00062217
FixedParameters: 0 0 0

#Transform 28
Transform: AffineTransform_float_3_3
Parameters: 0.999999 -0.000274404 0.00065483 0.000273596 1 0.000617179 -0.000655168 -0.00061682 0.999999 -0.00140464 -0.0372534 0.0104341
FixedParameters: 0 0 0

#Transform 29
Transform: AffineTransform_float_3_3
Parameters: 0.999999 -0.000415546 0.000893746 0.000415454 0.999999 0.000611372 -0.000893254 -0.000610629 1 0.00247486 0.00358718 0.0417286
FixedParameters: 0 0 0

#Transform 30
Transform: AffineTransform_float_3_3
Parameters: 0.999999 -0.000415305 0.000893857 0.000415694 1 0.000342372 -0.000894141 -0.000341629 0.999999 0.0136625 -0.00344516 0.0481449
FixedParameters: 0 0 0

#Transform 31
Transform: AffineTransform_float_3_3
Parameters: 1 -0.000415146 0.000427858 0.000414853 1 0.000342177 -0.000428142 -0.000341822 1 0.00850513 0.02296 0.0237527
FixedParameters: 0 0 0

#Transform 32
Transform: AffineTransform_float_3_3
Parameters: 1 -0.000415081 0.00047893 0.000414919 1 0.000169199 -0.00047907 -0.000168801 1 0.00283735 0.0234183 0.0231921
FixedParameters: 0 0 0

#Transform 33
Transform: AffineTransform_float_3_3
Parameters: 1 -0.000415307 0.000301578 0.000415693 1 0.00101613 -0.000302423 -0.00101588 1 0.0172015 -0.0160709 0.0190279
FixedParameters: 0 0 0

#Transform 34
Transform: AffineTransform_float_3_3
Parameters: 0.999999 -0.00041646 0.00089332 0.00041554 0.999998 0.00163437 -0.00089368 -0.00163363 0.999999 -4.08891e-05 0.0593719 0.0477666
FixedParameters: 0 0 0

#Transform 35
Transform: AffineTransform_float_3_3
Parameters: 1 -0.000415156 0.000455858 0.000414844 1 0.000342189 -0.000455142 -0.000341811 1 0.00884537 -0.00906606 0.0349085
FixedParameters: 0 0 0

#Transform 36
Transform: AffineTransform_float_3_3
Parameters: 1 -0.000283128 0.000242851 0.000282872 1 0.000526069 -0.000243149 -0.000525931 1 0.0018636 0.0109915 0.0191749
FixedParameters: 0 0 0

#Transform 37
Transform: AffineTransform_float_3_3
Parameters: 1 -0.000258225 0.000455873 0.000257776 1 0.000493117 -0.000455127 -0.000492882 1 0.00827614 0.0104007 0.0098124
FixedParameters: 0 0 0

#Transform 38
Transform: AffineTransform_float_3_3
Parameters: 1 -0.000196124 0.000363933 0.000196875 1 0.000342072 -0.000364067 -0.000341929 1 0.00698314 0.0312973 0.00974006
FixedParameters: 0 0 0

#Transform 39
Transform: AffineTransform_float_3_3
Parameters: 1 1.48912e-05 0.000318005 -1.51088e-05 1 0.000341995 -0.000317995 -0.000342005 1 0.00567056 0.0315251 0.0118863
FixedParameters: 0 0 0

#Transform 40
Transform: AffineTransform_float_3_3
Parameters: 0.999999 -0.000142082 0.000776802 0.000141917 0.999999 0.00139311 -0.000777198 -0.00139289 0.999998 0.0028489 0.0560261 0.0233495
FixedParameters: 0 0 0

#Transform 41
Transform: AffineTransform_float_3_3
Parameters: 1 -9.33524e-05 0.000455928 9.26474e-05 0.999999 0.000773042 -0.000456072 -0.000772957 0.999999 0.00768479 0.026682 0.00278396
FixedParameters: 0 0 0

#Transform 42
Transform: AffineTransform_float_3_3
Parameters: 1 -6.90425e-05 0.000105972 6.89579e-05 1 0.000401007 -0.000105028 -0.000400993 1 0.00145743 0.00956492 0.00105759
FixedParameters: 0 0 0

#Transform 43
Transform: AffineTransform_float_3_3
Parameters: 1 -6.85955e-05 0.000455911 6.84044e-05 0.999999 0.00130603 -0.00045609 -0.00130597 0.999999 0.00756335 0.0817 0.00474069
FixedParameters: 0 0 0

#Transform 44
Transform: AffineTransform_float_3_3
Parameters: 1 -1.40186e-05 5.1995e-05 1.39814e-05 1 0.000358001 -5.2005e-05 -0.000357999 1 0.00962986 0.0953519 0.0005933
FixedParameters: 0 0 0

#Transform 45
Transform: AffineTransform_float_3_3
Parameters: 1 -0.000100926 -8.00929e-05 0.000100074 0.999999 0.000919991 8.09079e-05 -0.000920007 0.999999 0.00182022 0.0378968 -0.0199629
FixedParameters: 0 0 0

#Transform 46
Transform: AffineTransform_float_3_3
Parameters: 1 -4.50851e-05 0.000197981 4.49148e-05 1 0.000430009 -0.000198019 -0.000429991 1 0.00469182 -0.0122112 0.0010836
FixedParameters: 0 0 0

#Transform 47
Transform: AffineTransform_float_3_3
Parameters: 1 2.60216e-05 0.000122995 -2.59784e-05 1 -0.000176003 -0.000123005 0.000175997 1 0.00354187 0.00932598 0.0105317
FixedParameters: 0 0 0

#Transform 48
Transform: AffineTransform_float_3_3
Parameters: 1 -0.000415007 5.29406e-05 0.000414992 1 0.000143022 -5.30593e-05 -0.000142978 1 -0.00317883 0.00562586 0.0126441
FixedParameters: 0 0 0

#Transform 49
Transform: AffineTransform_float_3_3
Parameters: 1 -0.000223978 0.000212023 0.000224022 1 -0.000101953 -0.000212977 0.000102048 1 -0.0109006 0.0531136 -0.000918708
FixedParameters: 0 0 0

#Transform 50
Transform: AffineTransform_float_3_3
Parameters: 1 -0.00019687 0.000456056 0.00019613 1 -0.000284911 -0.000455944 0.00028509 1 -0.00855241 0.0250635 -0.00117198
FixedParameters: 0 0 0

#Transform 51
Transform: AffineTransform_float_3_3
Parameters: 1 -0.000206039 0.000455982 0.000206961 1 8.50944e-05 -0.000456017 -8.4906e-05 1 -0.0146539 0.0110725 0.000128435
FixedParameters: 0 0 0

#Transform 52
Transform: AffineTransform_float_3_3
Parameters: 1 -0.000206055 0.000298962 0.000205945 1 0.000184062 -0.000299038 -0.000183938 1 -0.0241561 0.0282765 0.00524219
FixedParameters: 0 0 0

#Transform 53
Transform: AffineTransform_float_3_3
Parameters: 1 -9.13953e-06 0.000455997 8.86046e-06 1 0.000306004 -0.000456003 -0.000305996 1 -0.029539 0.0513461 0.00100583
FixedParameters: 0 0 0

#Transform 54
Transform: AffineTransform_float_3_3
Parameters: 1 0.00049578 0.000456239 -0.000496219 1 0.000481773 -0.000455761 -0.000482226 1 -0.0314368 0.0404699 0.001637
FixedParameters: 0 0 0

#Transform 55
Transform: AffineTransform_float_3_3
Parameters: 0.999999 0.000406763 0.000826116 -0.000407237 1 0.000286664 -0.000825883 -0.000286336 0.999999 -0.0373451 0.0570248 0.01125
FixedParameters: 0 0 0

#Transform 56
Transform: AffineTransform_float_3_3
Parameters: 0.999999 0.000321781 0.000853082 -0.000322218 1 0.000255725 -0.000852917 -0.000256274 0.999999 -0.0264819 0.00871662 0.0264766
FixedParameters: 0 0 0

#Transform 57
Transform: AffineTransform_float_3_3
Parameters: 0.999999 0.000100768 0.000785029 -0.000101232 1 0.000294921 -0.00078497 -0.000295079 0.999999 -0.0263084 0.0553489 0.0235599
FixedParameters: 0 0 0

#Transform 58
Transform: AffineTransform_float_3_3
Parameters: 0.999998 5.01766e-05 0.00165006 -5.18248e-05 1 0.00110592 -0.00164994 -0.00110508 0.999998 -0.0167026 -0.0108549 0.0679683
FixedParameters: 0 0 0

#Transform 59
Transform: AffineTransform_float_3_3
Parameters: 0.999999 5.13015e-05 0.00130803 -5.16984e-05 1 0.000533933 -0.00130797 -0.000534067 0.999999 -0.000724485 0.0600375 0.00314073
FixedParameters: 0 0 0

#Transform 60
Transform: AffineTransform_float_3_3
Parameters: 1 0.000394424 0.00101739 -0.000397578 0.999993 0.0035166 -0.00101661 -0.0035174 0.999994 -0.0394639 0.166575 -0.0329668
FixedParameters: 0 0 0

#Transform 61
Transform: AffineTransform_float_3_3
Parameters: 0.999999 -0.000186342 0.00074842 0.000183659 0.999995 0.00312814 -0.000748578 -0.00312786 0.999995 -0.0162364 0.0562469 -0.0924895
FixedParameters: 0 0 0

#Transform 62
Transform: AffineTransform_float_3_3
Parameters: 0.999999 4.96785e-05 0.00078515 -5.1321e-05 0.999995 0.00295696 -0.000784852 -0.00295704 0.999996 -0.0167203 0.0241906 -0.0462851
FixedParameters: 0 0 0

#Transform 63
Transform: AffineTransform_float_3_3
Parameters: 0.999999 -0.000121297 0.000902694 0.000118702 0.999997 0.00254411 -0.000903305 -0.00254389 0.999997 -0.0147127 0.0603077 -0.025602
FixedParameters: 0 0 0

#Transform 64
Transform: AffineTransform_float_3_3
Parameters: 0.999999 5.02357e-05 0.000718125 -5.17639e-05 0.999997 0.00245696 -0.000717875 -0.00245704 0.999996 -0.00983783 0.0347174 -0.0292103
FixedParameters: 0 0 0

#Transform 65
Transform: AffineTransform_float_3_3
Parameters: 1 -0.000120929 0.00066265 0.000119072 0.999996 0.00291108 -0.000662349 -0.00291092 0.999995 -0.017357 0.0228024 -0.00342269
FixedParameters: 0 0 0

#Transform 66
Transform: AffineTransform_float_3_3
Parameters: 1 5.09445e-05 0.000472115 -5.20553e-05 0.999998 0.00223598 -0.000471885 -0.00223603 0.999998 -0.0133182 0.0473826 -0.00913022
FixedParameters: 0 0 0

#Transform 67
Transform: AffineTransform_float_3_3
Parameters: 1 0.000311019 0.000915676 -0.000312982 0.999997 0.00216471 -0.000915326 -0.00216429 0.999997 -0.0250323 0.0819126 -0.0151102
FixedParameters: 0 0 0

#Transform 68
Transform: AffineTransform_float_3_3
Parameters: 0.999999 0.000232111 0.000879501 -0.000233888 0.999997 0.0021488 -0.0008785 -0.0021482 0.999998 -0.0162845 0.0998981 -0.0199368
FixedParameters: 0 0 0

#Transform 69
Transform: AffineTransform_float_3_3
Parameters: 1 0.000204456 0.00067447 -0.000206543 0.999998 0.00228986 -0.000673529 -0.00229014 0.999997 -0.0184064 0.0240451 -0.0132516
FixedParameters: 0 0 0

#Transform 70
Transform: AffineTransform_float_3_3
Parameters: 1 0.000191073 0.00052234 -0.000191929 0.999999 0.0017759 -0.00052266 -0.0017761 0.999999 -0.0267737 0.0345078 -0.00607669
FixedParameters: 0 0 0

#Transform 71
Transform: AffineTransform_float_3_3
Parameters: 1 5.0961e-05 0.000585091 -5.20389e-05 0.999999 0.00177597 -0.000584909 -0.00177603 0.999999 -0.023637 0.0500556 -0.000374842
FixedParameters: 0 0 0

#Transform 72
Transform: AffineTransform_float_3_3
Parameters: 1 0.000388735 0.000575857 -0.000390266 0.999998 0.00219978 -0.000575143 -0.00219923 0.999998 -0.0248556 0.0827273 0.0122431
FixedParameters: 0 0 0

#Transform 73
Transform: AffineTransform_float_3_3
Parameters: 0.999999 0.000296853 0.000864435 -0.000301145 0.999989 0.00480074 -0.000862564 -0.00480126 0.999988 -0.039386 0.0350509 -0.0155701
FixedParameters: 0 0 0

#Transform 74
Transform: AffineTransform_float_3_3
Parameters: 1 0.000535487 0.00098891 -0.000538509 0.999993 0.00355447 -0.000986092 -0.00355553 0.999993 -0.057725 0.00804413 0.0558373
FixedParameters: 0 0 0

#Transform 75
Transform: AffineTransform_float_3_3
Parameters: 0.999999 0.000316798 0.000904128 -0.000319201 0.999993 0.00354271 -0.000902875 -0.00354329 0.999994 -0.0433915 0.12022 -0.0204861
FixedParameters: 0 0 0

#Transform 76
Transform: AffineTransform_float_3_3
Parameters: 1 0.000230224 0.000987888 -0.000234773 0.999992 0.00382377 -0.00098611 -0.00382423 0.999992 -0.0314204 0.0565374 -0.0432461
FixedParameters: 0 0 0

#Transform 77
Transform: AffineTransform_float_3_3
Parameters: 1 0.000352318 0.000520143 -0.000353681 0.999994 0.00323681 -0.000518858 -0.00323718 0.999994 -0.0371679 0.0461805 -0.0249409
FixedParameters: 0 0 0

#Transform 78
Transform: AffineTransform_float_3_3
Parameters: 1 0.000289013 0.000643895 -0.000290987 0.999995 0.00308781 -0.000643104 -0.00308819 0.999995 -0.0428203 0.0941579 -0.017457
FixedParameters: 0 0 0

#Transform 79
Transform: AffineTransform_float_3_3
Parameters: 1 0.000393321 0.000988472 -0.000396679 0.999993 0.00372561 -0.000986529 -0.00372539 0.999992 -0.0612437 -0.0834266 0.092441
FixedParameters: 0 0 0

#Transform 80
Transform: AffineTransform_float_3_3
Parameters: 1 0.000148632 0.000484422 -0.000150369 0.999996 0.00282493 -0.000484577 -0.00282507 0.999996 -0.0537969 0.17543 0.00514908
FixedParameters: 0 0 0

#Transform 81
Transform: AffineTransform_float_3_3
Parameters: 1 0.000305603 0.000522819 -0.000307398 0.999997 0.00267484 -0.00052218 -0.00267516 0.999997 -0.0505234 0.0696176 -0.0226416
FixedParameters: 0 0 0

#Transform 82
Transform: AffineTransform_float_3_3
Parameters: 1 0.000350735 0.000105883 -0.000351265 0.999997 0.00251596 -0.000105117 -0.00251504 0.999997 -0.0524173 0.0508083 -0.0155628
FixedParameters: 0 0 0

#Transform 83
Transform: AffineTransform_float_3_3
Parameters: 1 5.19167e-05 3.81136e-05 -5.2083e-05 0.999997 0.002187 -3.78862e-05 -0.002187 0.999997 -0.0548036 0.0311637 0.0195816
FixedParameters: 0 0 0

#Transform 84
Transform: AffineTransform_float_3_3
Parameters: 1 0.000227336 -0.000186591 -0.000226665 0.999999 0.00180104 0.000186409 -0.00180096 0.999999 -0.0520722 0.086186 0.000530902
FixedParameters: 0 0 0

#Transform 85
Transform: AffineTransform_float_3_3
Parameters: 1 0.000500392 -0.000297341 -0.000500607 0.999999 0.00131815 0.00029866 -0.00131785 0.999999 -0.0527034 0.179403 -0.0151832
FixedParameters: 0 0 0

#Transform 86
Transform: AffineTransform_float_3_3
Parameters: 1 0.000599391 -0.000261102 -0.000599608 0.999998 0.00149816 0.000261898 -0.00149784 0.999999 -0.0676495 -0.0419729 -0.024588
FixedParameters: 0 0 0

#Transform 87
Transform: AffineTransform_float_3_3
Parameters: 1 0.000613413 -0.000300157 -0.000613587 0.999999 0.00137518 0.000300844 -0.00137482 0.999999 -0.0676358 0.0528353 -0.044189
FixedParameters: 0 0 0

#Transform 88
Transform: AffineTransform_float_3_3
Parameters: 0.999999 0.000637711 -0.00054517 -0.000637288 0.999999 0.00130235 0.000546831 -0.00130265 0.999999 -0.0603358 0.0600972 -0.0181615
FixedParameters: 0 0 0

#Transform 89
Transform: AffineTransform_float_3_3
Parameters: 1 0.000157685 -0.000688616 -0.000156313 0.999997 0.00244711 0.000689384 -0.00244689 0.999997 -0.0765906 -0.075075 0.242107
FixedParameters: 0 0 0

#Transform 90
Transform: AffineTransform_float_3_3
Parameters: 1 -0.000168655 -0.000234249 0.000168345 0.999999 0.00147396 0.000233752 -0.00147404 0.999999 -0.0882742 0.0640389 0.180815
FixedParameters: 0 0 0

#Transform 91
Transform: AffineTransform_float_3_3
Parameters: 1 -0.000226676 0.000461159 0.000226324 0.999999 -0.000702895 -0.000460841 0.000703104 0.999999 -0.0720987 0.0121812 0.144444
FixedParameters: 0 0 0

#Transform 92
Transform: AffineTransform_float_3_3
Parameters: 1 0.000102003 -1.99845e-05 -0.000101997 1 0.000152002 2.00155e-05 -0.000151998 1 -0.0767244 0.00070198 0.20882
FixedParameters: 0 0 0

#Transform 93
Transform: AffineTransform_float_3_3
Parameters: 1 0.000315128 -0.000317873 -0.000314871 1 0.0004041 0.000318127 -0.0004039 1 -0.0786553 -0.0177611 0.175129
FixedParameters: 0 0 0

#Transform 94
Transform: AffineTransform_float_3_3
Parameters: 0.999999 0.000569003 -0.000459996 -0.000568996 1 7.26174e-06 0.000460004 -6.73826e-06 1 -0.0756262 -0.0252148 0.18234
FixedParameters: 0 0 0

#Transform 95
Transform: AffineTransform_float_3_3
Parameters: 0.999999 0.000728902 -0.000460154 -0.000729097 0.999999 -0.000211664 0.000459846 0.000211335 1 -0.0761517 -0.0129216 0.135062
FixedParameters: 0 0 0

#Transform 96
Transform: AffineTransform_float_3_3
Parameters: 0.999999 0.000729034 -0.000404937 -0.000728965 0.999999 8.62952e-05 0.000405062 -8.57047e-05 1 -0.0755437 0.00685977 0.10317
FixedParameters: 0 0 0

#Transform 97
Transform: AffineTransform_float_3_3
Parameters: 0.999999 0.000728885 -0.000460182 -0.000729114 0.999999 -0.000249664 0.000459818 0.000249335 1 -0.0761163 0.00309201 0.0835594
FixedParameters: 0 0 0

#Transform 98
Transform: AffineTransform_float_3_3
Parameters: 0.999999 0.000728714 -0.000535389 -0.000729285 0.999999 -0.000533609 0.00053461 0.000534389 0.999999 -0.0745996 0.0117021 0.0898497
FixedParameters: 0 0 0

#Transform 99
Transform: AffineTransform_float_3_3
Parameters: 0.999999 0.00107688 -0.000636213 -0.00107713 1 -0.000197315 0.000635787 0.000197685 1 -0.0771684 -0.0603664 0.114216
FixedParameters: 0 0 0

#Transform 100
Transform: AffineTransform_float_3_3
Parameters: 0.999999 0.00128579 -0.000460576 -0.00128621 0.999999 -0.000447408 0.000460425 0.000447592 1 -0.0780285 0.00734976 0.0556027
FixedParameters: 0 0 0

#Transform 101
Transform: AffineTransform_float_3_3
Parameters: 1 0.00099887 -0.000460285 -0.000999132 1 -0.00028454 0.000460716 0.00028446 1 -0.074291 0.0484023 0.0497197
FixedParameters: 0 0 0

#Transform 102
Transform: AffineTransform_float_3_3
Parameters: 0.999998 0.00130384 -0.000922231 -0.00130416 0.999999 -0.000176797 0.000921768 0.000178202 0.999999 -0.0833767 -0.0491258 0.120281
FixedParameters: 0 0 0

#Transform 103
Transform: AffineTransform_float_3_3
Parameters: 0.999999 0.0012959 -0.000815163 -0.0012961 0.999999 -0.000125944 0.000814836 0.000127056 0.999999 -0.0794391 -0.00705304 0.136341
FixedParameters: 0 0 0

#Transform 104
Transform: AffineTransform_float_3_3
Parameters: 0.999999 0.00119035 -0.000738048 -0.00119065 0.999999 -0.000879122 0.000736953 0.000879878 1 -0.077001 0.0148697 0.154215
FixedParameters: 0 0 0

#Transform 105
Transform: AffineTransform_float_3_3
Parameters: 0.999998 0.00123805 -0.00148696 -0.00123795 0.999999 3.58408e-05 0.00148704 -3.4159e-05 0.999999 -0.0894377 -0.115672 0.325198
FixedParameters: 0 0 0

#Transform 106
Transform: AffineTransform_float_3_3
Parameters: 0.999997 0.00127267 -0.00208959 -0.00127233 0.999999 0.00032166 0.00209041 -0.000318341 0.999998 -0.0896589 -0.0828415 0.357147
FixedParameters: 0 0 0

#Transform 107
Transform: AffineTransform_float_3_3
Parameters: 0.999998 0.00118708 -0.00199395 -0.00118692 1 4.03668e-05 0.00199405 -3.7633e-05 0.999998 -0.0949086 -0.0412394 0.332309
FixedParameters: 0 0 0

#Transform 108
Transform: AffineTransform_float_3_3
Parameters: 0.999997 0.00123458 -0.0017553 -0.00123442 0.999999 -0.000239834 0.0017547 0.000241167 0.999999 -0.0896517 -0.0242752 0.322969
FixedParameters: 0 0 0

#Transform 109
Transform: AffineTransform_float_3_3
Parameters: 0.999998 0.00133258 -0.00160235 -0.00133342 0.999999 -0.000261864 0.00160165 0.000264135 0.999998 -0.0850398 -0.070603 0.321234
FixedParameters: 0 0 0

#Transform 110
Transform: AffineTransform_float_3_3
Parameters: 0.999997 0.00136871 -0.00173923 -0.00136929 0.999999 -0.000164619 0.00173877 0.00016638 0.999999 -0.092791 -0.0792956 0.317928
FixedParameters: 0 0 0

#Transform 111
Transform: AffineTransform_float_3_3
Parameters: 0.999997 0.0014319 -0.00200607 -0.0014321 0.999999 -4.61273e-05 0.00200593 4.88725e-05 0.999998 -0.0960143 -0.080351 0.328828
FixedParameters: 0 0 0

#Transform 112
Transform: AffineTransform_float_3_3
Parameters: 0.999997 0.00143169 -0.00200622 -0.00143231 0.999999 -0.000153127 0.00200578 0.000156872 0.999998 -0.0959805 -0.0268024 0.350188
FixedParameters: 0 0 0

#Transform 113
Transform: AffineTransform_float_3_3
Parameters: 0.999997 0.00143218 -0.00200587 -0.00143182 0.999999 9.18723e-05 0.00200613 -8.91271e-05 0.999998 -0.10291 -0.0809986 0.334575
FixedParameters: 0 0 0

#Transform 114
Transform: AffineTransform_float_3_3
Parameters: 0.999999 0.00097694 -0.00105898 -0.00097806 0.999999 -0.00100097 0.00105802 0.00100203 0.999999 -0.0881595 0.0274405 0.204219
FixedParameters: 0 0 0

#Transform 115
Transform: AffineTransform_float_3_3
Parameters: 1 0.000977155 -0.000696188 -0.000977845 0.999999 -0.00121432 0.000694812 0.00121568 0.999999 -0.0855495 -0.0465596 0.191414
FixedParameters: 0 0 0

#Transform 116
Transform: AffineTransform_float_3_3
Parameters: 0.999999 0.00116111 -0.00087918 -0.00116189 0.999999 -0.00101498 0.000878821 0.00101602 0.999999 -0.089055 -0.0213607 0.208645
FixedParameters: 0 0 0

#Transform 117
Transform: AffineTransform_float_3_3
Parameters: 0.999999 0.000976395 -0.000770041 -0.000977608 0.999998 -0.00208725 0.000768962 0.00208775 0.999998 -0.103787 -0.0273725 0.151267
FixedParameters: 0 0 0

#Transform 118
Transform: AffineTransform_float_3_3
Parameters: 1 0.000810406 -0.000872484 -0.000811593 0.999998 -0.00182829 0.000870518 0.00182871 0.999998 -0.100303 0.0847919 0.0923528
FixedParameters: 0 0 0

#Transform 119
Transform: AffineTransform_float_3_3
Parameters: 0.999999 0.000976491 -0.000899642 -0.00097751 0.999998 -0.00167912 0.00089836 0.00167988 0.999998 -0.116099 -0.0150214 0.109387
FixedParameters: 0 0 0

#Transform 120
Transform: AffineTransform_float_3_3
Parameters: 0.999999 0.000976634 -0.000899486 -0.000977367 0.999999 -0.00151912 0.000898516 0.00152088 0.999999 -0.110981 -0.0233023 0.144356
FixedParameters: 0 0 0

#Transform 121
Transform: AffineTransform_float_3_3
Parameters: 0.999999 0.000976227 -0.00096879 -0.000977773 0.999998 -0.00183105 0.000967211 0.00183195 0.999998 -0.116872 0.010086 0.125538
FixedParameters: 0 0 0

#Transform 122
Transform: AffineTransform_float_3_3
Parameters: 0.999999 0.00127208 -0.00130086 -0.00127492 0.999996 -0.00224834 0.00129714 0.00224965 0.999996 -0.116352 -0.0103147 0.242144
FixedParameters: 0 0 0

#Transform 123
Transform: AffineTransform_float_3_3
Parameters: 0.999997 0.00185644 -0.00188052 -0.00185956 0.999997 -0.00189351 0.00187648 0.00189649 0.999997 -0.0959947 -0.0872809 0.332832
FixedParameters: 0 0 0

#Transform 124
Transform: AffineTransform_float_3_3
Parameters: 0.999996 0.0016193 -0.00242314 -0.00162469 0.999997 -0.00193707 0.00241985 0.00194093 0.999995 -0.101088 -0.0853026 0.340036
FixedParameters: 0 0 0

#Transform 125
Transform: AffineTransform_float_3_3
Parameters: 0.999997 0.0015586 -0.00192357 -0.0015634 0.999996 -0.002289 0.00191942 0.002292 0.999995 -0.103932 -0.0681525 0.31839
FixedParameters: 0 0 0

#Transform 126
Transform: AffineTransform_float_3_3
Parameters: 0.999997 0.00156019 -0.00180144 -0.00156381 0.999997 -0.00156019 0.00179856 0.00156281 0.999997 -0.093867 -0.0777873 0.300946
FixedParameters: 0 0 0

#Transform 127
Transform: AffineTransform_float_3_3
Parameters: 0.999998 0.00135343 -0.00188557 -0.00135757 0.999998 -0.00189245 0.00188343 0.00189556 0.999997 -0.0939573 -0.029106 0.314824
FixedParameters: 0 0 0

#Transform 128
Transform: AffineTransform_float_3_3
Parameters: 0.999997 0.00123746 -0.00188599 -0.00124254 0.999997 -0.00240866 0.00188301 0.00241034 0.999996 -0.0934509 -0.00195499 0.268749
FixedParameters: 0 0 0

#Transform 129
Transform: AffineTransform_float_3_3
Parameters: 0.999996 0.00155855 -0.00231201 -0.00156345 0.999997 -0.00192439 0.00230899 0.00192761 0.999996 -0.0995384 -0.0386958 0.34969
FixedParameters: 0 0 0

#Transform 130
Transform: AffineTransform_float_3_3
Parameters: 0.999996 0.0015615 -0.00210311 -0.0015635 0.999999 -0.000711714 0.00210188 0.000715285 0.999997 -0.0973596 -0.164821 0.305731
FixedParameters: 0 0 0

#Transform 131
Transform: AffineTransform_float_3_3
Parameters: 0.999997 0.00155946 -0.00187095 -0.00156353 0.999997 -0.00188908 0.00186805 0.00189292 0.999997 -0.0945428 -0.0793908 0.285794
FixedParameters: 0 0 0

#Transform 132
Transform: AffineTransform_float_3_3
Parameters: 0.999996 0.00155996 -0.00205032 -0.00156304 0.999997 -0.0014828 0.00204768 0.0014862 0.999997 -0.0965389 -0.0477416 0.282245
FixedParameters: 0 0 0

#Transform 133
Transform: AffineTransform_float_3_3
Parameters: 0.999998 0.00156011 -0.0016737 -0.00156389 0.999998 -0.00172739 0.0016713 0.00172961 0.999997 -0.0921075 0.000885827 0.249352
FixedParameters: 0 0 0

#Transform 134
Transform: AffineTransform_float_3_3
Parameters: 0.999996 0.00209039 -0.00181401 -0.00209261 0.999997 -0.00143721 0.00181099 0.00144079 0.999998 -0.112778 -0.0845987 0.261835
FixedParameters: 0 0 0

#Transform 135
Transform: AffineTransform_float_3_3
Parameters: 0.999996 0.00140163 -0.00221713 -0.00140437 0.999998 -0.00151889 0.00221587 0.00152211 0.999997 -0.103164 -0.0201701 0.226475
FixedParameters: 0 0 0

#Transform 136
Transform: AffineTransform_float_3_3
Parameters: 0.999998 0.00102311 -0.0018526 -0.00102589 0.999999 -0.0015581 0.0018514 0.0015609 0.999997 -0.105189 -0.0329172 0.269343
FixedParameters: 0 0 0

#Transform 137
Transform: AffineTransform_float_3_3
Parameters: 0.999998 0.00123983 -0.00169758 -0.00124217 0.999999 -0.00127589 0.00169541 0.00127811 0.999997 -0.0968184 0.13957 0.175705
FixedParameters: 0 0 0

#Transform 138
Transform: AffineTransform_float_3_3
Parameters: 0.999997 0.00187679 -0.00140895 -0.00187921 0.999997 -0.00156736 0.00140605 0.00157064 0.999998 -0.111615 0.159515 0.153739
FixedParameters: 0 0 0

#Transform 139
Transform: AffineTransform_float_3_3
Parameters: 0.999998 0.00125116 -0.000993054 -0.00125184 0.999999 -0.000841758 0.000991945 0.000843242 0.999999 -0.0885386 -0.127896 0.157029
FixedParameters: 0 0 0

#Transform 140
Transform: AffineTransform_float_3_3
Parameters: 0.999999 0.00134899 -0.000717906 -0.00135001 0.999998 -0.00141203 0.000716094 0.00141297 0.999998 -0.0747578 -0.114833 0.115647
FixedParameters: 0 0 0

#Transform 141
Transform: AffineTransform_float_3_3
Parameters: 0.999998 0.00134779 -0.00111867 -0.00135021 0.999997 -0.00197649 0.00111633 0.00197751 0.999998 -0.0871412 -0.0438622 0.14399
FixedParameters: 0 0 0

#Transform 142
Transform: AffineTransform_float_3_3
Parameters: 0.999998 0.00155964 -0.00141161 -0.00156236 0.999998 -0.0016718 0.00140939 0.0016742 0.999997 -0.0839432 -0.0140625 0.13179
FixedParameters: 0 0 0

#Transform 143
Transform: AffineTransform_float_3_3
Parameters: 0.999999 0.00134793 -0.000783565 -0.00135006 0.999995 -0.00264194 0.000779436 0.00264205 0.999996 -0.0941203 0.0170396 0.117229
FixedParameters: 0 0 0

#Transform 144
Transform: AffineTransform_float_3_3
Parameters: 0.999998 0.00100993 -0.00129675 -0.00101607 0.999988 -0.00468869 0.00129225 0.00468931 0.999988 -0.142077 0.163165 -0.134038
FixedParameters: 0 0 0

#Transform 145
Transform: AffineTransform_float_3_3
Parameters: 0.999997 0.00208535 -0.000516802 -0.00208865 0.999985 -0.00517594 0.000506195 0.00517707 0.999987 -0.164549 -0.0899894 0.255862
FixedParameters: 0 0 0

#Transform 146
Transform: AffineTransform_float_3_3
Parameters: 0.999998 0.00208935 0.000334682 -0.00208865 0.99999 -0.00398271 -0.000343321 0.00398229 0.999992 -0.155046 -0.0496406 0.25202
FixedParameters: 0 0 0

#Transform 147
Transform: AffineTransform_float_3_3
Parameters: 0.999998 0.00208932 0.000346089 -0.00208867 0.99999 -0.00378773 -0.000353914 0.00378727 0.999993 -0.145902 -0.0253267 0.215548
FixedParameters: 0 0 0

#Transform 148
Transform: AffineTransform_float_3_3
Parameters: 0.999998 0.00208923 0.000346672 -0.00208777 0.999991 -0.00350873 -0.000354325 0.00350727 0.999994 -0.143671 -0.0211758 0.200132
FixedParameters: 0 0 0

#Transform 149
Transform: AffineTransform_float_3_3
Parameters: 0.999998 0.00227911 0.000346765 -0.00227789 0.999993 -0.0031758 -0.000354236 0.0031752 0.999995 -0.137861 0.010546 0.168767
FixedParameters: 0 0 0

#Transform 150
Transform: AffineTransform_float_3_3
Parameters: 0.999997 0.00236556 0.000474259 -0.00236444 0.999992 -0.00327413 -0.000481743 0.00327287 0.999995 -0.141472 -0.0129131 0.162767
FixedParameters: 0 0 0

#Transform 151
Transform: AffineTransform_float_3_3
Parameters: 0.999997 0.00234619 0.000346024 -0.00234581 0.999992 -0.00340082 -0.000353977 0.00339918 0.999994 -0.136214 -0.00256173 0.153352
FixedParameters: 0 0 0

#Transform 152
Transform: AffineTransform_float_3_3
Parameters: 0.999997 0.0023327 0.000510306 -0.0023313 0.999992 -0.0033002 -0.000517695 0.0032988 0.999994 -0.138594 -0.00429179 0.153426
FixedParameters: 0 0 0

#Transform 153
Transform: AffineTransform_float_3_3
Parameters: 0.999997 0.00242816 0.000345944 -0.00242684 0.999991 -0.00331885 -0.000354055 0.00331815 0.999994 -0.138516 0.00483798 0.150275
FixedParameters: 0 0 0

#Transform 154
Transform: AffineTransform_float_3_3
Parameters: 0.999997 0.00244218 0.000345773 -0.00244082 0.999992 -0.00336986 -0.000354224 0.00336815 0.999995 -0.140032 0.000510718 0.175336
FixedParameters: 0 0 0

#Transform 155
Transform: AffineTransform_float_3_3
Parameters: 0.999997 0.00241646 0.00077536 -0.00241453 0.999992 -0.00316388 -0.000783638 0.00316112 0.999994 -0.134936 0.0179056 0.122666
FixedParameters: 0 0 0

#Transform 156
Transform: AffineTransform_float_3_3
Parameters: 0.999997 0.00209025 0.000493741 -0.00208875 0.999994 -0.00251704 -0.000499258 0.00251596 0.999996 -0.144722 0.0697756 0.109785
FixedParameters: 0 0 0

#Transform 157
Transform: AffineTransform_float_3_3
Parameters: 0.999998 0.00191188 0.000349234 -0.00191112 0.999995 -0.00249367 -0.000353767 0.00249333 0.999997 -0.135746 -0.0488484 0.109976
FixedParameters: 0 0 0

#Transform 158
Transform: AffineTransform_float_3_3
Parameters: 0.999998 0.0023061 3.14184e-05 -0.0023059 0.999994 -0.00285408 -3.85811e-05 0.00285392 0.999996 -0.142651 0.0111706 0.111476
FixedParameters: 0 0 0

#Transform 159
Transform: AffineTransform_float_3_3
Parameters: 0.999996 0.00259277 -8.72157e-05 -0.00259323 0.999993 -0.00278278 7.97856e-05 0.00278222 0.999996 -0.149943 0.0490759 0.118066
FixedParameters: 0 0 0

#Transform 160
Transform: AffineTransform_float_3_3
Parameters: 0.999998 0.00230176 -8.67489e-05 -0.00230225 0.999993 -0.00293181 8.02522e-05 0.00293119 0.999995 -0.141942 0.0266923 0.130053
FixedParameters: 0 0 0

#Transform 161
Transform: AffineTransform_float_3_3
Parameters: 0.999998 0.00230198 -1.022e-05 -0.00230202 0.999993 -0.00270198 3.77994e-06 0.00270202 0.999997 -0.144738 0.0514889 0.0911463
FixedParameters: 0 0 0

#Transform 162
Transform: AffineTransform_float_3_3
Parameters: 0.999988 0.00504006 0.000245923 -0.00503995 0.999988 -0.000214242 -0.000247075 0.000212757 1 -0.309388 0.0153156 0.134891
FixedParameters: 0 0 0

#Transform 163
Transform: AffineTransform_float_3_3
Parameters: 0.999985 0.00519367 0.00143556 -0.00519333 0.999987 -0.000472462 -0.00143744 0.000465541 0.999999 -0.276029 0.0153801 0.0903141
FixedParameters: 0 0 0

#Transform 164
Transform: AffineTransform_float_3_3
Parameters: 0.999989 0.00459645 0.000886523 -0.00459555 0.999988 -0.00162909 -0.000894478 0.00162491 0.999999 -0.23461 0.0943578 0.0150998
FixedParameters: 0 0 0

#Transform 165
Transform: AffineTransform_float_3_3
Parameters: 0.999991 0.00420105 0.000598673 -0.00419995 0.999989 -0.00174553 -0.000606325 0.00174247 0.999999 -0.198807 0.0128467 0.0871616
FixedParameters: 0 0 0

#Transform 166
Transform: AffineTransform_float_3_3
Parameters: 0.999992 0.00393758 0.000312765 -0.00393742 0.99999 -0.00183825 -0.000319235 0.00183676 0.999999 -0.201181 0.0141782 0.0877602
FixedParameters: 0 0 0

#Transform 167
Transform: AffineTransform_float_3_3
Parameters: 0.999993 0.00388994 -3.1585e-05 -0.00389006 0.99999 -0.00220689 2.34144e-05 0.00220711 0.999997 -0.201607 0.0255023 0.0781759
FixedParameters: 0 0 0

#Transform 168
Transform: AffineTransform_float_3_3
Parameters: 0.999991 0.00410793 -3.26248e-05 -0.00410806 0.999989 -0.00234289 2.33746e-05 0.00234312 0.999998 -0.212749 0.0295363 0.0884288
FixedParameters: 0 0 0

#Transform 169
Transform: AffineTransform_float_3_3
Parameters: 0.999991 0.00409692 -3.39674e-05 -0.00409707 0.999988 -0.00267688 2.30319e-05 0.00267712 0.999997 -0.206818 0.00866773 0.104422
FixedParameters: 0 0 0

#Transform 170
Transform: AffineTransform_float_3_3
Parameters: 0.999992 0.00405604 8.54561e-06 -0.00405596 0.999988 -0.00282406 -2.0454e-05 0.00282394 0.999996 -0.212093 0.0286062 0.0703688
FixedParameters: 0 0 0

#Transform 171
Transform: AffineTransform_float_3_3
Parameters: 0.999991 0.00407365 0.000293146 -0.00407335 0.99999 -0.00217421 -0.000302854 0.00217278 0.999997 -0.209162 0.0129132 0.0833292
FixedParameters: 0 0 0

#Transform 172
Transform: AffineTransform_float_3_3
Parameters: 0.999992 0.00414336 0.000528444 -0.00414164 0.999988 -0.00254921 -0.000538554 0.00254679 0.999996 -0.204297 -0.0317226 0.103245
FixedParameters: 0 0 0

#Transform 173
Transform: AffineTransform_float_3_3
Parameters: 0.999991 0.00407622 0.000474615 -0.00407478 0.999989 -0.00254896 -0.000485384 0.00254704 0.999996 -0.207122 5.45842e-05 0.101768
FixedParameters: 0 0 0

#Transform 174
Transform: AffineTransform_float_3_3
Parameters: 0.999991 0.00427721 7.9563e-05 -0.00427679 0.999988 -0.00244036 -9.04392e-05 0.00244064 0.999997 -0.212233 0.0090169 0.0950003
FixedParameters: 0 0 0

#Transform 175
Transform: AffineTransform_float_3_3
Parameters: 0.999989 0.0045285 0.000161585 -0.0045285 0.999986 -0.00296276 -0.000175417 0.00296224 0.999995 -0.205421 -0.0502872 0.170814
FixedParameters: 0 0 0

#Transform 176
Transform: AffineTransform_float_3_3
Parameters: 0.999988 0.00477879 -0.00122656 -0.00478221 0.999985 -0.00262517 0.00121343 0.00263183 0.999996 -0.195973 -0.100177 0.498004
FixedParameters: 0 0 0

#Transform 177
Transform: AffineTransform_float_3_3
Parameters: 0.999987 0.00464242 -0.0021748 -0.00464658 0.999987 -0.00210392 0.00216521 0.00211408 0.999996 -0.184616 -0.192382 0.621651
FixedParameters: 0 0 0

#Transform 178
Transform: AffineTransform_float_3_3
Parameters: 0.999988 0.0045235 -0.00199624 -0.0045285 0.999987 -0.00225699 0.00198576 0.00226601 0.999996 -0.181649 -0.112984 0.572758
FixedParameters: 0 0 0

#Transform 179
Transform: AffineTransform_float_3_3
Parameters: 0.999989 0.00422798 -0.00210211 -0.00423202 0.999989 -0.00191313 0.00209389 0.00192187 0.999996 -0.187446 -0.147121 0.653784
FixedParameters: 0 0 0

#Transform 180
Transform: AffineTransform_float_3_3
Parameters: 0.999986 0.00408697 -0.00331769 -0.00409404 0.99999 -0.00211645 0.00330932 0.00212956 0.999993 -0.201235 -0.144335 0.74065
FixedParameters: 0 0 0

#Transform 181
Transform: AffineTransform_float_3_3
Parameters: 0.999986 0.0043167 -0.00280971 -0.0043233 0.999988 -0.00224088 0.00280029 0.00225312 0.999994 -0.196891 -0.10717 0.678055
FixedParameters: 0 0 0

#Transform 182
Transform: AffineTransform_float_3_3
Parameters: 0.999985 0.00439163 -0.0030596 -0.00439937 0.999988 -0.00240558 0.00304839 0.00241942 0.999993 -0.210446 -0.14292 0.671743
FixedParameters: 0 0 0

#Transform 183
Transform: AffineTransform_float_3_3
Parameters: 0.999985 0.00452967 -0.00300508 -0.00453733 0.999986 -0.0024364 0.00299392 0.0024506 0.999992 -0.216038 -0.157459 0.666796
FixedParameters: 0 0 0

#Transform 184
Transform: AffineTransform_float_3_3
Parameters: 0.999986 0.00460283 -0.00264627 -0.00460617 0.999988 -0.00157283 0.00263873 0.00158517 0.999996 -0.215558 -0.145684 0.67374
FixedParameters: 0 0 0

#Transform 185
Transform: AffineTransform_float_3_3
Parameters: 0.999987 0.00444946 -0.00249213 -0.00445455 0.999989 -0.00182092 0.00248387 0.00183208 0.999995 -0.199837 -0.118007 0.659186
FixedParameters: 0 0 0

#Transform 186
Transform: AffineTransform_float_3_3
Parameters: 0.999989 0.00408968 -0.00234654 -0.00409432 0.99999 -0.00183741 0.00233946 0.00184759 0.999995 -0.208382 -0.0964144 0.600851
FixedParameters: 0 0 0

#Transform 187
Transform: AffineTransform_float_3_3
Parameters: 0.999989 0.00429005 -0.0022356 -0.00429395 0.999989 -0.00176642 0.0022274 0.00177658 0.999996 -0.198641 -0.138374 0.627739
FixedParameters: 0 0 0

#Transform 188
Transform: AffineTransform_float_3_3
Parameters: 0.999992 0.00377372 -0.00114951 -0.00377628 0.999991 -0.00198668 0.0011415 0.00199032 0.999998 -0.169291 -0.0773237 0.499995
FixedParameters: 0 0 0

#Transform 189
Transform: AffineTransform_float_3_3
Parameters: 0.999994 0.00339278 -0.000725493 -0.00339423 0.99999 -0.00309056 0.000715511 0.00309245 0.999995 -0.16318 -0.075013 0.487531
FixedParameters: 0 0 0

#Transform 190
Transform: AffineTransform_float_3_3
Parameters: 0.999993 0.00364026 -0.000723836 -0.00364275 0.999991 -0.00242538 0.00071516 0.00242862 0.999997 -0.175288 -0.0898067 0.486092
FixedParameters: 0 0 0

#Transform 191
Transform: AffineTransform_float_3_3
