# transform file /out/sourcedata/freesurfer/sub-v1s23x0050553_ses-1/mri/transforms/cc_up.lta
# created by oesteban on Mon Mar  9 18:29:01 2026

type      = 0 # LINEAR_VOX_TO_VOX
nxforms   = 1
mean      = 130.0000 112.0000 120.0000
sigma     = 10000.0000
1 4 4
9.983972907066345e-01 -3.815303742885590e-02 4.179787635803223e-02 -7.537214756011963e-01 
3.811964392662048e-02 9.992718696594238e-01 1.595877809450030e-03 3.097886085510254e+01 
-4.182833060622215e-02 0.000000000000000e+00 9.991247653961182e-01 2.048417472839355e+01 
0.000000000000000e+00 0.000000000000000e+00 0.000000000000000e+00 1.000000000000000e+00 
src volume info
valid = 1  # volume info valid
filename = /out/sourcedata/freesurfer/sub-v1s23x0050553_ses-1/mri/norm.mgz
volume = 256 256 256
voxelsize = 1.000000000000000e+00 1.000000000000000e+00 1.000000000000000e+00
xras   = -1.000000000000000e+00 0.000000000000000e+00 0.000000000000000e+00
yras   = 0.000000000000000e+00 0.000000000000000e+00 -1.000000000000000e+00
zras   = 0.000000000000000e+00 1.000000000000000e+00 0.000000000000000e+00
cras   = 3.679118347167969e+01 -4.171592712402344e+01 5.053930664062500e+01
dst volume info
valid = 1  # volume info valid
filename = /out/sourcedata/freesurfer/sub-v1s23x0050553_ses-1/mri/norm.mgz
volume = 256 256 256
voxelsize = 1.000000000000000e+00 1.000000000000000e+00 1.000000000000000e+00
xras   = -1.000000000000000e+00 0.000000000000000e+00 0.000000000000000e+00
yras   = 0.000000000000000e+00 0.000000000000000e+00 -1.000000000000000e+00
zras   = 0.000000000000000e+00 1.000000000000000e+00 0.000000000000000e+00
cras   = 3.679118347167969e+01 -4.171592712402344e+01 5.053930664062500e+01
