# transform file /out/sourcedata/freesurfer/sub-v1s23x0050619_ses-1/mri/transforms/cc_up.lta
# created by oesteban on Mon Mar  9 22:32:49 2026

type      = 0 # LINEAR_VOX_TO_VOX
nxforms   = 1
mean      = 128.0000 141.0000 121.0000
sigma     = 10000.0000
1 4 4
9.997213482856750e-01 -3.176520811393857e-03 2.339458093047142e-02 -1.300089120864868e+00 
3.175651421770453e-03 9.999949932098389e-01 7.431374251609668e-05 8.585494995117188e+00 
-2.339469827711582e-02 0.000000000000000e+00 9.997263550758362e-01 1.502626419067383e+01 
0.000000000000000e+00 0.000000000000000e+00 0.000000000000000e+00 1.000000000000000e+00 
src volume info
valid = 1  # volume info valid
filename = /out/sourcedata/freesurfer/sub-v1s23x0050619_ses-1/mri/norm.mgz
volume = 256 256 256
voxelsize = 1.000000000000000e+00 1.000000000000000e+00 1.000000000000000e+00
xras   = -1.000000000000000e+00 0.000000000000000e+00 0.000000000000000e+00
yras   = 0.000000000000000e+00 0.000000000000000e+00 -1.000000000000000e+00
zras   = 0.000000000000000e+00 1.000000000000000e+00 0.000000000000000e+00
cras   = 3.800270080566406e+01 -4.740806579589844e+01 2.021708679199219e+01
dst volume info
valid = 1  # volume info valid
filename = /out/sourcedata/freesurfer/sub-v1s23x0050619_ses-1/mri/norm.mgz
volume = 256 256 256
voxelsize = 1.000000000000000e+00 1.000000000000000e+00 1.000000000000000e+00
xras   = -1.000000000000000e+00 0.000000000000000e+00 0.000000000000000e+00
yras   = 0.000000000000000e+00 0.000000000000000e+00 -1.000000000000000e+00
zras   = 0.000000000000000e+00 1.000000000000000e+00 0.000000000000000e+00
cras   = 3.800270080566406e+01 -4.740806579589844e+01 2.021708679199219e+01
