# transform file /out/sourcedata/freesurfer/sub-v1s23x0050573_ses-1/mri/transforms/cc_up.lta
# created by oesteban on Thu Mar 12 17:18:15 2026

type      = 0 # LINEAR_VOX_TO_VOX
nxforms   = 1
mean      = 128.0000 133.0000 107.0000
sigma     = 10000.0000
1 4 4
9.990760087966919e-01 2.949829027056694e-02 -3.125718981027603e-02 -1.452919721603394e+00 
-2.948386408388615e-02 9.995648860931396e-01 9.224350797012448e-04 1.276849269866943e+01 
3.127079829573631e-02 0.000000000000000e+00 9.995110034942627e-01 3.001203536987305e+01 
0.000000000000000e+00 0.000000000000000e+00 0.000000000000000e+00 1.000000000000000e+00 
src volume info
valid = 1  # volume info valid
filename = /out/sourcedata/freesurfer/sub-v1s23x0050573_ses-1/mri/norm.mgz
volume = 256 256 256
voxelsize = 1.000000000000000e+00 1.000000000000000e+00 1.000000000000000e+00
xras   = -1.000000000000000e+00 0.000000000000000e+00 0.000000000000000e+00
yras   = 0.000000000000000e+00 0.000000000000000e+00 -1.000000000000000e+00
zras   = 0.000000000000000e+00 1.000000000000000e+00 0.000000000000000e+00
cras   = 3.362770080566406e+01 -4.795494079589844e+01 2.842021179199219e+01
dst volume info
valid = 1  # volume info valid
filename = /out/sourcedata/freesurfer/sub-v1s23x0050573_ses-1/mri/norm.mgz
volume = 256 256 256
voxelsize = 1.000000000000000e+00 1.000000000000000e+00 1.000000000000000e+00
xras   = -1.000000000000000e+00 0.000000000000000e+00 0.000000000000000e+00
yras   = 0.000000000000000e+00 0.000000000000000e+00 -1.000000000000000e+00
zras   = 0.000000000000000e+00 1.000000000000000e+00 0.000000000000000e+00
cras   = 3.362770080566406e+01 -4.795494079589844e+01 2.842021179199219e+01
