# transform file /out/sourcedata/freesurfer/sub-v1s23x0050603_ses-1/mri/transforms/cc_up.lta
# created by oesteban on Mon Mar  9 21:32:23 2026

type      = 0 # LINEAR_VOX_TO_VOX
nxforms   = 1
mean      = 127.0000 135.0000 111.0000
sigma     = 10000.0000
1 4 4
9.993149638175964e-01 -2.466779015958309e-02 2.758918516337872e-02 1.715532064437866e+00 
2.465839311480522e-02 9.996957182884216e-01 6.807713070884347e-04 1.821778774261475e+00 
-2.759758383035660e-02 0.000000000000000e+00 9.996191263198853e-01 2.055665779113770e+01 
0.000000000000000e+00 0.000000000000000e+00 0.000000000000000e+00 1.000000000000000e+00 
src volume info
valid = 1  # volume info valid
filename = /out/sourcedata/freesurfer/sub-v1s23x0050603_ses-1/mri/norm.mgz
volume = 256 256 256
voxelsize = 1.000000000000000e+00 1.000000000000000e+00 1.000000000000000e+00
xras   = -1.000000000000000e+00 0.000000000000000e+00 0.000000000000000e+00
yras   = 0.000000000000000e+00 0.000000000000000e+00 -1.000000000000000e+00
zras   = 0.000000000000000e+00 1.000000000000000e+00 0.000000000000000e+00
cras   = 4.347145080566406e+01 -4.904869079589844e+01 3.881083679199219e+01
dst volume info
valid = 1  # volume info valid
filename = /out/sourcedata/freesurfer/sub-v1s23x0050603_ses-1/mri/norm.mgz
volume = 256 256 256
voxelsize = 1.000000000000000e+00 1.000000000000000e+00 1.000000000000000e+00
xras   = -1.000000000000000e+00 0.000000000000000e+00 0.000000000000000e+00
yras   = 0.000000000000000e+00 0.000000000000000e+00 -1.000000000000000e+00
zras   = 0.000000000000000e+00 1.000000000000000e+00 0.000000000000000e+00
cras   = 4.347145080566406e+01 -4.904869079589844e+01 3.881083679199219e+01
