#Insight Transform File V1.0
#Transform 0
Transform: AffineTransform_float_3_3
Parameters: 1 -0.000147326 0.000272824 0.000146674 1 0.00119504 -0.000273176 -0.00119496 0.999999 0.00170679 -0.0265635 0.435935
FixedParameters: 0 0 0

#Transform 1
Transform: AffineTransform_float_3_3
Parameters: 1 0.000335841 -9.75502e-05 -0.000336158 0.999998 -0.00163797 9.64495e-05 0.00163803 0.999998 -0.00156741 0.0550577 -0.0676119
FixedParameters: 0 0 0

#Transform 2
Transform: AffineTransform_float_3_3
Parameters: 1 0.000407001 4.93447e-06 -0.000406999 1 -0.000161002 -5.06553e-06 0.000160998 1 -0.00217934 -0.0172429 -0.113393
FixedParameters: 0 0 0

#Transform 3
Transform: AffineTransform_float_3_3
Parameters: 1 0.000278999 5.05161e-06 -0.000279001 1 0.000184999 -4.94838e-06 -0.000185001 1 -0.00189955 0.046699 -0.125928
FixedParameters: 0 0 0

#Transform 4
Transform: AffineTransform_float_3_3
Parameters: 1 -0.000197048 -0.000519982 0.000196952 1 -9.31024e-05 0.000520018 9.28975e-05 1 0.0270376 0.0955346 -0.177465
FixedParameters: 0 0 0

#Transform 5
Transform: AffineTransform_float_3_3
Parameters: 1 1.47764e-05 -0.000520006 -1.52236e-05 1 -0.000429992 0.000519993 0.000430008 1 0.0125314 0.0425936 -0.142258
FixedParameters: 0 0 0

#Transform 6
Transform: AffineTransform_float_3_3
Parameters: 1 -7.10134e-05 -1.29267e-05 7.09866e-05 1 -0.001033 1.30733e-05 0.001033 1 0.00151943 0.0797572 -0.196234
FixedParameters: 0 0 0

#Transform 7
Transform: AffineTransform_float_3_3
Parameters: 1 5.37474e-05 -0.000293046 -5.32525e-05 0.999999 -0.000861984 0.000292954 0.000862015 0.999999 0.000421227 0.147379 -0.171972
FixedParameters: 0 0 0

#Transform 8
Transform: AffineTransform_float_3_3
Parameters: 1 0.000199064 0.000137908 -0.000198936 1 -0.000461027 -0.000138092 0.000460972 1 -0.0162287 0.013421 -0.213589
FixedParameters: 0 0 0

#Transform 9
Transform: AffineTransform_float_3_3
Parameters: 1 -1.28398e-05 0.000160013 1.31601e-05 0.999999 -0.001001 -0.000159987 0.001001 0.999999 -0.00261849 0.108503 -0.200797
FixedParameters: 0 0 0

#Transform 10
Transform: AffineTransform_float_3_3
Parameters: 1 -6.94335e-06 6.00066e-05 7.05663e-06 0.999999 -0.000943999 -5.99933e-05 0.000944 0.999999 -0.00294608 0.0940715 -0.197685
FixedParameters: 0 0 0

#Transform 11
Transform: AffineTransform_float_3_3
Parameters: 1 0.000395126 0.000337853 -0.000394874 1 -0.000372133 -0.000337147 0.000371867 1 -0.0177374 0.0628129 -0.209502
FixedParameters: 0 0 0

#Transform 12
Transform: AffineTransform_float_3_3
Parameters: 1 8.41024e-05 0.000301971 -8.38976e-05 1 -0.000339025 -0.000302028 0.000338975 1 -0.012833 0.104468 -0.197971
FixedParameters: 0 0 0

#Transform 13
Transform: AffineTransform_float_3_3
Parameters: 1 0.000161079 0.000271953 -0.000160921 1 -0.000289044 -0.000272046 0.000288956 1 -0.0110988 0.087085 -0.202276
FixedParameters: 0 0 0

#Transform 14
Transform: AffineTransform_float_3_3
Parameters: 1 2.91008e-05 0.000407993 -2.88992e-05 1 -0.000247012 -0.000408007 0.000246988 1 -0.0172601 0.0778742 -0.199371
FixedParameters: 0 0 0

#Transform 15
Transform: AffineTransform_float_3_3
Parameters: 1 7.22375e-05 0.000335949 -7.27624e-05 0.999999 -0.000707024 -0.000336051 0.000706975 0.999999 -0.00987994 0.129517 -0.20554
FixedParameters: 0 0 0

#Transform 16
Transform: AffineTransform_float_3_3
Parameters: 1 0.000129069 0.000262966 -0.000129931 1 -0.000264034 -0.000262034 0.000263966 1 -0.00905861 0.0700616 -0.200692
FixedParameters: 0 0 0

#Transform 17
Transform: AffineTransform_float_3_3
Parameters: 1 5.29822e-05 0.000523002 -5.30178e-05 1 3.39723e-05 -0.000522998 -3.40277e-05 1 -0.0135516 0.0736687 -0.187672
FixedParameters: 0 0 0

#Transform 18
Transform: AffineTransform_float_3_3
Parameters: 1 -0.000196762 0.000366128 0.000197238 1 -0.000650928 -0.000365872 0.000651072 0.999999 -0.00725058 0.115369 -0.197066
FixedParameters: 0 0 0

#Transform 19
Transform: AffineTransform_float_3_3
Parameters: 1 -0.000196694 0.000560108 0.000197307 1 -0.000547889 -0.000559892 0.00054711 0.999999 -0.00697006 0.0967607 -0.193231
FixedParameters: 0 0 0

#Transform 20
Transform: AffineTransform_float_3_3
Parameters: 1 -3.98379e-05 0.000579011 4.01621e-05 1 -0.000279977 -0.000578989 0.000280023 1 0.00118157 0.0829321 -0.209536
FixedParameters: 0 0 0

#Transform 21
Transform: AffineTransform_float_3_3
Parameters: 1 0.000101333 0.000574941 -0.000101666 1 -0.000580058 -0.000575059 0.000579942 0.999999 0.00293222 0.0941971 -0.175078
FixedParameters: 0 0 0

#Transform 22
Transform: AffineTransform_float_3_3
Parameters: 1 4.9099e-05 0.000614992 -4.8901e-05 1 -0.00016103 -0.000615008 0.00016097 1 0.00442103 0.0746396 -0.182552
FixedParameters: 0 0 0

#Transform 23
Transform: AffineTransform_float_3_3
Parameters: 1 -7.18446e-05 0.000468024 7.11554e-05 1 -0.000331967 -0.000467976 0.000332034 1 0.0055211 0.0726739 -0.18826
FixedParameters: 0 0 0

#Transform 24
Transform: AffineTransform_float_3_3
Parameters: 1 -3.18227e-05 0.00054901 3.21773e-05 1 -0.000322982 -0.000548989 0.000323017 1 0.00377102 0.07378 -0.175135
FixedParameters: 0 0 0

#Transform 25
Transform: AffineTransform_float_3_3
Parameters: 1 -1.79412e-06 0.000549001 2.20587e-06 1 -0.000374999 -0.000548999 0.000375001 1 0.00640169 0.0894842 -0.181383
FixedParameters: 0 0 0

#Transform 26
Transform: AffineTransform_float_3_3
Parameters: 1 -1.10439e-05 0.000548999 1.09561e-05 1 8.0006e-05 -0.000549001 -7.99939e-05 1 0.00547483 0.0703048 -0.179908
FixedParameters: 0 0 0

#Transform 27
Transform: AffineTransform_float_3_3
Parameters: 1 3.90494e-05 0.000548996 -3.89506e-05 1 -9.00214e-05 -0.000549003 8.99786e-05 1 0.00354486 0.0828131 -0.172932
FixedParameters: 0 0 0

#Transform 28
Transform: AffineTransform_float_3_3
Parameters: 1 -8.66456e-06 0.000549005 8.33543e-06 1 -0.000610995 -0.000548995 0.000611005 0.999999 0.0080185 0.0885192 -0.19527
FixedParameters: 0 0 0

#Transform 29
Transform: AffineTransform_float_3_3
Parameters: 1 3.3073e-05 0.000548995 -3.3927e-05 1 -0.000133019 -0.000549004 0.000132982 1 0.00913687 0.0734462 -0.19078
FixedParameters: 0 0 0

#Transform 30
Transform: AffineTransform_float_3_3
Parameters: 1 -0.000197081 0.000474966 0.000196919 1 0.000171094 -0.000475034 -0.000170906 1 0.00976688 0.0667242 -0.171138
FixedParameters: 0 0 0

#Transform 31
Transform: AffineTransform_float_3_3
Parameters: 1 -0.000196903 0.000549035 0.000197097 1 -0.000176892 -0.000548965 0.000177108 1 0.00665509 0.0915665 -0.19188
FixedParameters: 0 0 0

#Transform 32
Transform: AffineTransform_float_3_3
Parameters: 1 -0.000196977 0.000549008 0.000197022 1 -4.08918e-05 -0.000548992 4.11081e-05 1 0.00438986 0.0744354 -0.198448
FixedParameters: 0 0 0

#Transform 33
Transform: AffineTransform_float_3_3
Parameters: 1 -0.000196839 0.000549057 0.000197161 1 -0.000292892 -0.000548942 0.000293108 1 0.0100387 0.0975555 -0.186755
FixedParameters: 0 0 0

#Transform 34
Transform: AffineTransform_float_3_3
Parameters: 1 -0.000113797 0.000549042 0.000113203 1 -0.000369938 -0.000548958 0.000370062 1 0.00723132 0.0817664 -0.214275
FixedParameters: 0 0 0

#Transform 35
Transform: AffineTransform_float_3_3
Parameters: 1 -3.0916e-05 0.000549005 3.1084e-05 1 -0.000152983 -0.000548995 0.000153017 1 0.0084726 0.0143966 -0.151258
FixedParameters: 0 0 0

#Transform 36
Transform: AffineTransform_float_3_3
Parameters: 1 -4.76228e-06 0.000549002 5.23771e-06 1 -0.000432997 -0.000548998 0.000433003 1 0.00268718 0.097388 -0.129491
FixedParameters: 0 0 0

#Transform 37
Transform: AffineTransform_float_3_3
Parameters: 1 -0.000603301 0.000332652 0.000602698 0.999992 0.0038962 -0.000335351 -0.0038958 0.999993 0.0383269 -0.13308 0.0968328
FixedParameters: 0 0 0

#Transform 38
Transform: AffineTransform_float_3_3
Parameters: 1 -0.000407336 0.000355615 0.000407664 0.999999 0.000944144 -0.000355385 -0.000944854 0.999999 0.0292957 0.103713 -0.0295694
FixedParameters: 0 0 0

#Transform 39
Transform: AffineTransform_float_3_3
Parameters: 1 -0.000432523 0.00039643 0.000432476 0.999999 0.00131917 -0.000397571 -0.00131883 0.999999 0.0278144 0.00118366 -0.0437524
FixedParameters: 0 0 0

#Transform 40
Transform: AffineTransform_float_3_3
Parameters: 1 -0.00029358 0.000454626 0.000293419 0.999999 0.00127613 -0.000455375 -0.00127587 0.999999 0.0312491 0.0414395 -0.0574339
FixedParameters: 0 0 0

#Transform 41
Transform: AffineTransform_float_3_3
Parameters: 1 -0.000304812 0.000522527 0.000304189 0.999998 0.00155316 -0.000522473 -0.00155284 0.999998 0.0249795 -0.00163655 -0.0655581
FixedParameters: 0 0 0

#Transform 42
Transform: AffineTransform_float_3_3
Parameters: 1 -0.000417761 0.000502367 0.000417237 0.999999 0.00151521 -0.000503632 -0.00151479 0.999998 0.0259522 0.0660292 -0.0577237
FixedParameters: 0 0 0

#Transform 43
Transform: AffineTransform_float_3_3
Parameters: 1 -0.000352585 0.000450543 0.000351415 0.999999 0.00129616 -0.000451456 -0.00129684 0.999999 0.0290157 0.0149043 -0.0528548
FixedParameters: 0 0 0

#Transform 44
Transform: AffineTransform_float_3_3
Parameters: 1 -0.000393831 0.000570426 0.000393169 0.999999 0.00145722 -0.000570573 -0.00145678 0.999999 0.0258003 0.0039185 -0.0604939
FixedParameters: 0 0 0

#Transform 45
Transform: AffineTransform_float_3_3
Parameters: 1 -0.000293894 0.000439403 0.000293105 0.999998 0.00203313 -0.000440597 -0.00203287 0.999998 0.0313608 0.0277786 -0.0644655
FixedParameters: 0 0 0

#Transform 46
Transform: AffineTransform_float_3_3
Parameters: 1 -0.000337667 0.000472524 0.000337332 0.999999 0.00141216 -0.000473477 -0.00141184 0.999999 0.0312626 0.0531391 -0.06597
FixedParameters: 0 0 0

#Transform 47
Transform: AffineTransform_float_3_3
Parameters: 1 -0.000344733 0.0005045 0.000344268 0.999999 0.00145217 -0.0005045 -0.00145183 0.999999 0.0233638 0.0331066 -0.0622508
FixedParameters: 0 0 0

#Transform 48
Transform: AffineTransform_float_3_3
Parameters: 0.999999 -0.000107177 0.00090086 0.000105823 0.999999 0.0013061 -0.000901138 -0.0013059 0.999998 0.0127074 0.0294543 -0.0808567
FixedParameters: 0 0 0

#Transform 49
Transform: AffineTransform_float_3_3
Parameters: 1 -8.85937e-05 0.000531902 8.84062e-05 1 0.00111605 -0.000532099 -0.00111595 0.999999 0.0175875 0.036048 -0.0572898
FixedParameters: 0 0 0

#Transform 50
Transform: AffineTransform_float_3_3
Parameters: 1 -0.000143464 0.000571884 0.000142535 0.999999 0.000812082 -0.000572116 -0.000811918 1 0.0235727 0.0355339 -0.0662917
FixedParameters: 0 0 0

#Transform 51
Transform: AffineTransform_float_3_3
Parameters: 1 -0.000131782 0.000524804 0.000131218 0.999999 0.00149007 -0.000525196 -0.00148993 0.999999 0.0215015 0.019514 -0.0733328
FixedParameters: 0 0 0

#Transform 52
Transform: AffineTransform_float_3_3
Parameters: 1 -0.000132235 0.00055971 0.000130764 0.999998 0.00220608 -0.00056029 -0.00220593 0.999998 0.0194163 0.0103724 -0.0870741
FixedParameters: 0 0 0

#Transform 53
Transform: AffineTransform_float_3_3
Parameters: 1 -1.98925e-05 0.00105998 1.91075e-05 0.999999 0.00084202 -0.00106002 -0.000841979 0.999999 0.0127601 0.0583131 -0.0802982
FixedParameters: 0 0 0

#Transform 54
Transform: AffineTransform_float_3_3
Parameters: 1 -0.000131922 0.000502759 0.000131077 0.999999 0.00183407 -0.000503241 -0.00183393 0.999998 0.0174406 0.0666091 -0.0769673
FixedParameters: 0 0 0

#Transform 55
Transform: AffineTransform_float_3_3
Parameters: 1 -0.000131871 0.000682832 0.000131129 0.999999 0.00127509 -0.000683168 -0.00127491 0.999999 0.0121312 0.0769331 -0.109743
FixedParameters: 0 0 0

#Transform 56
Transform: AffineTransform_float_3_3
Parameters: 1 -0.000189158 0.000533591 0.000187841 0.999997 0.0021691 -0.000534409 -0.0021689 0.999998 0.0177454 0.0351576 -0.094476
FixedParameters: 0 0 0

#Transform 57
Transform: AffineTransform_float_3_3
Parameters: 1 -0.000131394 0.000549906 0.000131606 0.999999 0.000716072 -0.000550094 -0.000715927 0.999999 0.0184667 0.0818653 -0.0739203
FixedParameters: 0 0 0

#Transform 58
Transform: AffineTransform_float_3_3
Parameters: 1 -0.000193885 0.00061172 0.000193114 0.999999 0.00144712 -0.00061228 -0.00144688 0.999999 0.0225184 0.0387975 -0.083704
FixedParameters: 0 0 0

#Transform 59
Transform: AffineTransform_float_3_3
Parameters: 1 -0.000132353 0.000634719 0.000131648 0.999997 0.00213208 -0.000634282 -0.00213191 0.999997 0.0166884 0.0353968 -0.105293
FixedParameters: 0 0 0

#Transform 60
Transform: AffineTransform_float_3_3
Parameters: 0.999999 -0.000132126 0.000789812 0.000130875 0.999999 0.0014261 -0.000789187 -0.0014259 0.999998 0.0174532 0.0526067 -0.0892901
FixedParameters: 0 0 0

#Transform 61
Transform: AffineTransform_float_3_3
Parameters: 1 -0.000131931 0.00100988 0.000131069 0.999999 0.000922133 -0.00101012 -0.000921867 0.999999 0.0154926 0.0747075 -0.0849435
FixedParameters: 0 0 0

#Transform 62
Transform: AffineTransform_float_3_3
Parameters: 1 -0.00013155 0.000608882 0.000131451 0.999999 0.00090208 -0.000609119 -0.00090292 1 0.00887376 0.0477256 -0.0937183
FixedParameters: 0 0 0

#Transform 63
Transform: AffineTransform_float_3_3
Parameters: 1 -0.000131845 0.000579808 0.000131155 0.999999 0.00145708 -0.000580191 -0.00145692 0.999999 0.0163786 0.0345972 -0.0707945
FixedParameters: 0 0 0

#Transform 64
Transform: AffineTransform_float_3_3
Parameters: 1 -0.000131582 0.000457833 0.000131418 0.999999 0.00127106 -0.000458168 -0.00127194 0.999999 0.0200987 0.0373628 -0.0659607
FixedParameters: 0 0 0

#Transform 65
Transform: AffineTransform_float_3_3
Parameters: 1 -0.000131485 0.000591893 0.000131514 0.999999 0.000820078 -0.000592108 -0.000819922 1 0.0173385 0.0726931 -0.066288
FixedParameters: 0 0 0

#Transform 66
Transform: AffineTransform_float_3_3
Parameters: 0.999999 -8.09278e-05 0.000841911 8.0072e-05 1 0.00110207 -0.000842088 -0.00110193 0.999999 0.0203524 0.0429197 -0.0798232
FixedParameters: 0 0 0

#Transform 67
Transform: AffineTransform_float_3_3
Parameters: 1 -0.000131852 0.000583808 0.000131148 0.999999 0.00145908 -0.000584192 -0.00145892 0.999999 0.0129215 0.0405127 -0.0869857
FixedParameters: 0 0 0

#Transform 68
Transform: AffineTransform_float_3_3
Parameters: 1 -0.000131786 0.00068885 0.000131214 1 0.00114109 -0.00068915 -0.00114091 0.999999 0.0153885 0.0517466 -0.0826528
FixedParameters: 0 0 0

#Transform 69
Transform: AffineTransform_float_3_3
Parameters: 1 -0.000131677 0.000660866 0.000131323 1 0.00102409 -0.000661135 -0.00102391 1 0.00993747 0.0313972 -0.0743911
FixedParameters: 0 0 0

#Transform 70
Transform: AffineTransform_float_3_3
Parameters: 0.999999 -0.000131594 0.000723892 0.000131406 0.999999 0.000820095 -0.000724108 -0.000819905 1 0.00806956 0.0560123 -0.0901534
FixedParameters: 0 0 0

#Transform 71
Transform: AffineTransform_float_3_3
Parameters: 1 -0.000131474 0.000567891 0.000131526 0.999999 0.000834075 -0.00056811 -0.000833926 1 0.0125359 0.0458269 -0.0954909
FixedParameters: 0 0 0

#Transform 72
Transform: AffineTransform_float_3_3
Parameters: 0.999999 -7.18509e-05 0.000767921 7.1149e-05 1 0.00110806 -0.000768079 -0.00110795 0.999999 0.016844 0.0381459 -0.0876121
FixedParameters: 0 0 0

#Transform 73
Transform: AffineTransform_float_3_3
Parameters: 1 -0.000132241 0.00065275 0.000131759 0.999998 0.00190009 -0.000653251 -0.00190091 0.999998 0.0138036 0.0286123 -0.0882777
FixedParameters: 0 0 0

#Transform 74
Transform: AffineTransform_float_3_3
Parameters: 0.999999 -0.000132331 0.00106083 0.000131668 0.999999 0.00125514 -0.00106117 -0.00125486 0.999998 0.0042429 0.0770788 -0.0901926
FixedParameters: 0 0 0

#Transform 75
Transform: AffineTransform_float_3_3
Parameters: 0.999999 -0.000131933 0.000928868 0.000131067 1 0.00100412 -0.000929132 -0.00100388 0.999999 0.0129829 0.0574911 -0.0994531
FixedParameters: 0 0 0

#Transform 76
Transform: AffineTransform_float_3_3
Parameters: 0.999999 -0.000131906 0.00079285 0.000131095 1 0.0011431 -0.00079215 -0.0011429 0.999999 0.0136961 0.0308281 -0.0762852
FixedParameters: 0 0 0

#Transform 77
Transform: AffineTransform_float_3_3
Parameters: 0.999999 -0.000131401 0.000720927 0.000131599 1 0.000556095 -0.000721073 -0.000555905 0.999999 0.0186688 0.0706054 -0.0709273
FixedParameters: 0 0 0

#Transform 78
Transform: AffineTransform_float_3_3
Parameters: 1 -0.00013177 0.000679851 0.00013123 1 0.00113209 -0.000680149 -0.00113191 0.999999 0.0191226 0.0652116 -0.0765666
FixedParameters: 0 0 0

#Transform 79
Transform: AffineTransform_float_3_3
Parameters: 1 -0.000131756 0.000596834 0.000131244 0.999999 0.00126608 -0.000597167 -0.00126592 0.999999 0.0115443 0.036545 -0.0701399
FixedParameters: 0 0 0

#Transform 80
Transform: AffineTransform_float_3_3
Parameters: 1 -0.000131792 0.000618832 0.000131208 0.999999 0.00128008 -0.000619168 -0.00127992 0.999999 0.0115543 0.0379835 -0.0633443
FixedParameters: 0 0 0

#Transform 81
Transform: AffineTransform_float_3_3
Parameters: 1 -0.00013173 0.000586837 0.00013127 0.999999 0.00124308 -0.000587164 -0.00124292 0.999999 0.0115045 0.0560269 -0.066032
FixedParameters: 0 0 0

#Transform 82
Transform: AffineTransform_float_3_3
Parameters: 0.999999 -0.000131786 0.000764865 0.000131214 0.999999 0.0010281 -0.000764135 -0.0010279 0.999999 0.0107915 0.0536682 -0.0739859
FixedParameters: 0 0 0

#Transform 83
Transform: AffineTransform_float_3_3
Parameters: 1 -7.80798e-05 0.000565852 7.69199e-05 0.999998 0.00190804 -0.000566148 -0.00190796 0.999998 0.011375 -0.00261646 -0.0762018
FixedParameters: 0 0 0

#Transform 84
Transform: AffineTransform_float_3_3
Parameters: 0.999999 -8.16325e-05 0.000779934 8.13673e-05 0.999999 0.000811064 -0.000780066 -0.000810937 1 0.0125699 0.0966102 -0.0804043
FixedParameters: 0 0 0

#Transform 85
Transform: AffineTransform_float_3_3
Parameters: 1 -0.000303124 0.000879614 0.000301875 0.999999 0.00127827 -0.000880387 -0.00127773 0.999999 0.0182961 0.00659268 -0.0676244
FixedParameters: 0 0 0

#Transform 86
Transform: AffineTransform_float_3_3
Parameters: 1 -0.000132094 0.00106286 0.000130906 1 0.00102914 -0.00106314 -0.00102886 0.999999 0.0123692 0.0442825 -0.0660102
FixedParameters: 0 0 0

#Transform 87
Transform: AffineTransform_float_3_3
Parameters: 1 -0.000131594 0.000655881 0.000131406 0.999999 0.000905086 -0.000656119 -0.000904914 1 0.0195377 0.0453944 -0.0631821
FixedParameters: 0 0 0

#Transform 88
Transform: AffineTransform_float_3_3
Parameters: 0.999999 -0.000206911 0.000958803 0.000206089 0.999999 0.000950198 -0.000959196 -0.000949802 0.999999 0.0178967 0.0363712 -0.06725
FixedParameters: 0 0 0

#Transform 89
Transform: AffineTransform_float_3_3
Parameters: 1 -0.000131643 0.000530841 0.000131358 1 0.00121207 -0.00053016 -0.00121193 0.999999 0.0142867 0.0333494 -0.0630527
FixedParameters: 0 0 0

#Transform 90
Transform: AffineTransform_float_3_3
Parameters: 1 -0.000132732 0.00119081 0.000131268 0.999999 0.00145416 -0.00119119 -0.00145384 0.999998 0.0136819 0.0420552 -0.0774656
FixedParameters: 0 0 0

#Transform 91
Transform: AffineTransform_float_3_3
Parameters: 0.999999 -0.000132274 0.00076078 0.000131726 0.999998 0.0016741 -0.000761222 -0.0016739 0.999999 0.0198675 0.0249232 -0.073586
FixedParameters: 0 0 0

#Transform 92
Transform: AffineTransform_float_3_3
Parameters: 1 -0.000131919 0.000602799 0.000131081 0.999999 0.00152408 -0.0006032 -0.00152392 0.999998 0.0147937 0.039059 -0.0583446
FixedParameters: 0 0 0

#Transform 93
Transform: AffineTransform_float_3_3
Parameters: 1 -0.000131729 0.000655854 0.00013127 1 0.00111209 -0.000656146 -0.00111191 0.999999 0.014319 0.0688876 -0.0686109
FixedParameters: 0 0 0

#Transform 94
Transform: AffineTransform_float_3_3
Parameters: 0.999999 -4.91368e-05 0.000745925 4.7863e-05 0.999999 0.00152404 -0.000746073 -0.00152396 0.999998 0.0102314 -0.00824411 -0.0636366
FixedParameters: 0 0 0

#Transform 95
Transform: AffineTransform_float_3_3
Parameters: 0.999999 -0.000132154 0.000767802 0.000130845 0.999999 0.0015031 -0.000768197 -0.0015029 0.999998 0.0101839 0.038655 -0.0640325
FixedParameters: 0 0 0

#Transform 96
Transform: AffineTransform_float_3_3
Parameters: 0.999999 -0.000132486 0.000974799 0.000131514 0.999999 0.00152413 -0.000975201 -0.00152387 0.999999 0.0108576 0.0398524 -0.0714071
FixedParameters: 0 0 0

#Transform 97
Transform: AffineTransform_float_3_3
Parameters: 1 -0.000131661 0.000405786 0.000131339 0.999998 0.00162805 -0.000406214 -0.00162795 0.999998 0.00814553 0.00480839 -0.0638676
FixedParameters: 0 0 0

#Transform 98
Transform: AffineTransform_float_3_3
Parameters: 0.999999 -4.92123e-05 0.000762923 4.77875e-05 0.999998 0.00158904 -0.000763077 -0.00158896 0.999999 0.00535165 0.047598 -0.0659165
FixedParameters: 0 0 0

#Transform 99
Transform: AffineTransform_float_3_3
Parameters: 1 -7.8843e-05 0.000985934 7.81578e-05 0.999999 0.000855077 -0.000985068 -0.000854923 0.999999 0.00778997 0.0654925 -0.0748875
FixedParameters: 0 0 0

#Transform 100
Transform: AffineTransform_float_3_3
Parameters: 1 -7.90534e-05 0.000655874 7.79463e-05 0.999998 0.00160605 -0.000656126 -0.00160595 0.999999 0.00914534 0.0207285 -0.0746806
FixedParameters: 0 0 0

#Transform 101
Transform: AffineTransform_float_3_3
Parameters: 1 -0.00013176 0.000655848 0.00013124 1 0.00115809 -0.000656152 -0.00115791 0.999999 0.00759101 0.0585767 -0.0508777
FixedParameters: 0 0 0

#Transform 102
Transform: AffineTransform_float_3_3
Parameters: 0.999999 -0.000131701 0.000763879 0.000131298 0.999999 0.0009181 -0.000764121 -0.0009179 1 0.00619907 0.0488906 -0.0605871
FixedParameters: 0 0 0

#Transform 103
Transform: AffineTransform_float_3_3
Parameters: 1 -0.000132318 0.000655735 0.000131682 0.999998 0.00200909 -0.000656266 -0.00200891 0.999998 0.00600225 0.0230737 -0.0713189
FixedParameters: 0 0 0

#Transform 104
Transform: AffineTransform_float_3_3
Parameters: 1 -0.000131407 0.000655918 0.000131593 1 0.000621086 -0.000656081 -0.000620914 0.999999 0.0103891 0.0284517 -0.0567078
FixedParameters: 0 0 0

#Transform 105
Transform: AffineTransform_float_3_3
Parameters: 1 -0.000131712 0.000501813 0.000131287 0.999999 0.00141907 -0.000502187 -0.00141893 0.999999 0.0149061 -0.0127873 -0.028551
FixedParameters: 0 0 0

#Transform 106
Transform: AffineTransform_float_3_3
Parameters: 1 -0.000131786 0.000655842 0.000131213 1 0.00119909 -0.000656158 -0.00119891 0.999999 0.0122774 0.0790369 -0.0294028
FixedParameters: 0 0 0

#Transform 107
Transform: AffineTransform_float_3_3
Parameters: 1 -0.000183819 0.000655771 0.00018318 0.999999 0.00124912 -0.000656229 -0.00124888 0.999999 0.0211691 -0.0377298 -0.0252199
FixedParameters: 0 0 0

#Transform 108
Transform: AffineTransform_float_3_3
Parameters: 1 -5.3184e-05 0.000655905 5.18158e-05 0.999999 0.00180504 -0.000656095 -0.00180497 0.999998 0.0133787 -0.00433772 -0.0382914
FixedParameters: 0 0 0

#Transform 109
Transform: AffineTransform_float_3_3
Parameters: 1 -0.000132018 0.000655795 0.000130982 0.999999 0.00155209 -0.000656204 -0.00155191 0.999998 0.0113319 0.0363278 -0.0555169
FixedParameters: 0 0 0

#Transform 110
Transform: AffineTransform_float_3_3
Parameters: 0.999999 -0.000132195 0.000737787 0.000130806 0.999998 0.0016201 -0.000737213 -0.0016199 0.999999 0.0111382 0.0465473 -0.0387787
FixedParameters: 0 0 0

#Transform 111
Transform: AffineTransform_float_3_3
Parameters: 1 -0.000131939 0.000655812 0.000131061 0.999999 0.00143109 -0.000656188 -0.00143091 0.999999 0.011834 0.0384635 -0.0457656
FixedParameters: 0 0 0

#Transform 112
Transform: AffineTransform_float_3_3
Parameters: 1 -0.000132026 0.000655794 0.000130973 0.999999 0.00156509 -0.000656205 -0.00156491 0.999998 0.0121742 0.00779537 -0.0454466
FixedParameters: 0 0 0

#Transform 113
Transform: AffineTransform_float_3_3
Parameters: 1 -0.000132261 0.000655747 0.000131738 0.999998 0.00192309 -0.000656254 -0.00192291 0.999998 0.00954185 0.0133486 -0.0388029
FixedParameters: 0 0 0

#Transform 114
Transform: AffineTransform_float_3_3
Parameters: 0.999999 -0.000132011 0.000757824 0.00013099 0.999999 0.0013341 -0.000757175 -0.0013339 0.999999 0.00787103 0.0404047 -0.0440572
FixedParameters: 0 0 0

#Transform 115
Transform: AffineTransform_float_3_3
Parameters: 0.999999 -6.62617e-05 0.000851902 6.47381e-05 0.999999 0.00148105 -0.000852096 -0.00148094 0.999998 0.0125651 0.0304102 -0.0467543
FixedParameters: 0 0 0

#Transform 116
Transform: AffineTransform_float_3_3
Parameters: 0.999999 -0.000132117 0.000715794 0.000130883 0.999999 0.00156009 -0.000716205 -0.0015599 0.999998 0.0212729 0.00711903 -0.0454928
FixedParameters: 0 0 0

#Transform 117
Transform: AffineTransform_float_3_3
Parameters: 0.999999 -0.000302953 0.00065556 0.000302047 0.999999 0.0014542 -0.000655439 -0.0014538 0.999998 0.0150287 0.0409251 -0.0404993
FixedParameters: 0 0 0

#Transform 118
Transform: AffineTransform_float_3_3
Parameters: 0.999999 -0.000132705 0.000908752 0.000131294 0.999998 0.00187612 -0.000909247 -0.00187588 0.999998 0.0142321 0.0262406 -0.0380016
FixedParameters: 0 0 0

#Transform 119
Transform: AffineTransform_float_3_3
Parameters: 0.999999 -0.000132415 0.000838778 0.000131584 0.999998 0.00168711 -0.000839223 -0.00168689 0.999998 0.0131325 0.0140926 -0.0452117
FixedParameters: 0 0 0

#Transform 120
Transform: AffineTransform_float_3_3
Parameters: 0.999999 -7.13959e-05 0.000828881 6.96039e-05 0.999999 0.00168406 -0.000829118 -0.00168394 0.999998 0.0120525 0.018193 -0.0475687
FixedParameters: 0 0 0

#Transform 121
Transform: AffineTransform_float_3_3
Parameters: 1 -0.000131998 0.0006558 0.000131002 0.999999 0.00152109 -0.0006562 -0.00152091 0.999998 0.0202922 0.0454072 -0.045643
FixedParameters: 0 0 0

#Transform 122
Transform: AffineTransform_float_3_3
Parameters: 1 -0.000131893 0.000655821 0.000131107 0.999999 0.00136109 -0.000656179 -0.00136091 0.999999 0.0171119 0.00739323 -0.0459906
FixedParameters: 0 0 0

#Transform 123
Transform: AffineTransform_float_3_3
Parameters: 0.999999 -0.000132331 0.000893804 0.00013167 0.999999 0.00148912 -0.000893197 -0.00148888 0.999999 0.0172386 0.0248607 -0.0426106
FixedParameters: 0 0 0

#Transform 124
Transform: AffineTransform_float_3_3
Parameters: 0.999999 -0.000132283 0.000813793 0.000131718 0.999998 0.00157611 -0.000813209 -0.00157589 0.999999 0.0127363 0.0193976 -0.045402
FixedParameters: 0 0 0

#Transform 125
Transform: AffineTransform_float_3_3
Parameters: 0.999999 -0.000132469 0.000941794 0.000131532 0.999999 0.00156012 -0.000941206 -0.00155988 0.999999 0.0132863 0.0158297 -0.0423695
FixedParameters: 0 0 0

#Transform 126
Transform: AffineTransform_float_3_3
Parameters: 1 -0.000132198 0.000655759 0.000130801 0.999999 0.00182709 -0.00065624 -0.00182691 0.999998 0.00793833 0.00700224 -0.0362939
FixedParameters: 0 0 0

#Transform 127
Transform: AffineTransform_float_3_3
Parameters: 0.999999 -0.000132358 0.00085279 0.000131642 0.999998 0.00159211 -0.000853211 -0.00159189 0.999999 0.00957883 0.0458277 -0.0424078
FixedParameters: 0 0 0

#Transform 128
Transform: AffineTransform_float_3_3
Parameters: 0.999999 -0.000132142 0.00079181 0.000130859 0.999999 0.0014421 -0.000791189 -0.0014419 0.999998 0.0146444 0.0361856 -0.0557817
FixedParameters: 0 0 0

#Transform 129
Transform: AffineTransform_float_3_3
Parameters: 0.999999 -0.000132567 0.000904771 0.000131432 0.999998 0.00173212 -0.000905229 -0.00173188 0.999998 0.016414 0.0135431 -0.0551903
FixedParameters: 0 0 0

#Transform 130
Transform: AffineTransform_float_3_3
Parameters: 1 -0.000131941 0.000655811 0.000131058 0.999999 0.00143509 -0.000656188 -0.00143491 0.999999 0.0240216 0.0568631 -0.0396024
FixedParameters: 0 0 0

#Transform 131
Transform: AffineTransform_float_3_3
Parameters: 1 -0.00013257 0.00113782 0.000131429 0.999999 0.00138015 -0.00113818 -0.00137985 0.999999 0.0154824 0.0569695 -0.0561084
FixedParameters: 0 0 0

#Transform 132
Transform: AffineTransform_float_3_3
Parameters: 0.999999 -0.000308654 0.000881771 0.000308346 0.999999 0.000742272 -0.000881229 -0.000741728 1 0.0133502 0.00856921 -0.0466765
FixedParameters: 0 0 0

#Transform 133
Transform: AffineTransform_float_3_3
Parameters: 1 -0.000194922 0.000655726 0.000194078 0.999999 0.00140513 -0.000656273 -0.00140587 0.999999 0.0160996 0.0250169 -0.0412895
FixedParameters: 0 0 0

#Transform 134
Transform: AffineTransform_float_3_3
Parameters: 0.999999 -0.000131758 0.000883887 0.000131241 0.999999 0.000858116 -0.000884113 -0.000857884 0.999999 0.0097417 0.0735472 -0.040955
FixedParameters: 0 0 0

#Transform 135
Transform: AffineTransform_float_3_3
Parameters: 0.999999 -0.000131878 0.000707837 0.000131122 0.999999 0.00124009 -0.000708163 -0.00123991 0.999999 0.00749162 0.0401297 -0.0562865
FixedParameters: 0 0 0

#Transform 136
Transform: AffineTransform_float_3_3
Parameters: 0.999999 -0.000132399 0.000927801 0.0001316 0.999999 0.00150812 -0.000928199 -0.00150788 0.999999 0.00561848 0.00256811 -0.0556805
FixedParameters: 0 0 0

#Transform 137
Transform: AffineTransform_float_3_3
Parameters: 0.999999 -0.000132063 0.000871839 0.000130937 0.999999 0.00121911 -0.00087216 -0.00121889 0.999999 0.00405228 0.0714036 -0.0502567
FixedParameters: 0 0 0

#Transform 138
Transform: AffineTransform_float_3_3
Parameters: 0.999999 -0.000132111 0.000836825 0.000130888 0.999999 0.00132811 -0.000837174 -0.00132789 0.999999 0.0141584 0.0323367 -0.0561159
FixedParameters: 0 0 0

#Transform 139
Transform: AffineTransform_float_3_3
Parameters: 0.999999 -0.000132293 0.00089881 0.000131706 0.999999 0.00143912 -0.00089919 -0.00143888 0.999998 0.0129753 0.014384 -0.0483835
FixedParameters: 0 0 0

#Transform 140
Transform: AffineTransform_float_3_3
Parameters: 0.999999 -0.000302928 0.000737619 0.000301071 0.999999 0.00125822 -0.000738379 -0.00125778 0.999999 0.0119968 0.0338545 -0.0358894
FixedParameters: 0 0 0

#Transform 141
Transform: AffineTransform_float_3_3
Parameters: 1 -0.000131945 0.00065581 0.000131055 0.999999 0.00144109 -0.000656189 -0.00144091 0.999998 0.0162918 0.0302169 -0.0339857
FixedParameters: 0 0 0

#Transform 142
Transform: AffineTransform_float_3_3
Parameters: 0.999999 -7.75104e-05 0.00082986 7.64901e-05 0.999999 0.00181906 -0.00083014 -0.00181994 0.999998 0.0134259 0.000101156 -0.0449119
FixedParameters: 0 0 0

#Transform 143
Transform: AffineTransform_float_3_3
Parameters: 1 -0.000131989 0.000655801 0.000131011 0.999999 0.00150809 -0.000656198 -0.00150791 0.999998 0.00982966 0.0468462 -0.0415583
FixedParameters: 0 0 0

#Transform 144
Transform: AffineTransform_float_3_3
Parameters: 0.999999 -0.000132082 0.000845831 0.000130918 0.999999 0.00127911 -0.000846168 -0.00127889 0.999999 0.00638779 0.0780662 -0.048005
FixedParameters: 0 0 0

#Transform 145
Transform: AffineTransform_float_3_3
Parameters: 1 -0.000131807 0.000655838 0.000131193 0.999999 0.00123009 -0.000656162 -0.00122991 0.999999 0.00599932 0.0702656 -0.0465448
FixedParameters: 0 0 0

#Transform 146
Transform: AffineTransform_float_3_3
Parameters: 0.999999 -0.000132276 0.000858804 0.000131723 0.999999 0.00148611 -0.000859196 -0.00148589 0.999998 0.00560607 0.0501695 -0.0458735
FixedParameters: 0 0 0

#Transform 147
Transform: AffineTransform_float_3_3
Parameters: 1 -0.000131868 0.000655826 0.000131132 0.999999 0.00132309 -0.000656174 -0.00132291 0.999999 0.0138388 0.0834444 -0.0462124
FixedParameters: 0 0 0

#Transform 148
Transform: AffineTransform_float_3_3
Parameters: 0.999999 -0.000132562 0.000969787 0.000131437 0.999998 0.00161113 -0.000970213 -0.00161087 0.999998 0.00846525 0.0532688 -0.0376637
FixedParameters: 0 0 0

#Transform 149
Transform: AffineTransform_float_3_3
Parameters: 0.999998 -0.000581528 0.00148346 0.000575474 0.99999 0.00439686 -0.00148554 -0.00439614 0.999989 0.0202342 -0.00552292 0.0225111
FixedParameters: 0 0 0

#Transform 150
Transform: AffineTransform_float_3_3
Parameters: 1 -0.000282462 0.0010296 0.00028054 0.999999 0.00141929 -0.0010294 -0.00141971 0.999999 0.0111214 0.0882514 -0.0438337
FixedParameters: 0 0 0

#Transform 151
Transform: AffineTransform_float_3_3
Parameters: 0.999999 -0.000132621 0.00140585 0.000131379 1 0.00115319 -0.00140615 -0.00115282 0.999999 0.0049782 0.077832 -0.039377
FixedParameters: 0 0 0

#Transform 152
Transform: AffineTransform_float_3_3
Parameters: 0.999999 -0.000268398 0.000741495 0.000266601 0.999998 0.0018852 -0.000742504 -0.0018848 0.999998 0.0100102 0.0673125 -0.0436389
FixedParameters: 0 0 0

#Transform 153
Transform: AffineTransform_float_3_3
Parameters: 0.999999 -0.000173845 0.000741802 0.000173155 1 0.00113913 -0.000742198 -0.00113887 0.999999 0.00683771 0.0770326 -0.043873
FixedParameters: 0 0 0

#Transform 154
Transform: AffineTransform_float_3_3
Parameters: 0.999999 -0.000152969 0.000741801 0.000152031 0.999999 0.00130611 -0.000742199 -0.00130589 0.999999 0.00503365 0.0232865 -0.0461535
FixedParameters: 0 0 0

#Transform 155
Transform: AffineTransform_float_3_3
Parameters: 0.999999 8.73721e-06 0.00122601 -1.02628e-05 1 0.00102999 -0.00122599 -0.00103001 0.999998 0.00750968 0.0636545 -0.0473665
FixedParameters: 0 0 0

#Transform 156
Transform: AffineTransform_float_3_3
Parameters: 0.999999 -7.91718e-05 0.000978905 7.8828e-05 1 0.00119708 -0.000979094 -0.00119692 0.999999 0.00854261 0.0444907 -0.0496784
FixedParameters: 0 0 0

#Transform 157
Transform: AffineTransform_float_3_3
Parameters: 0.999999 -0.000103253 0.000871852 0.000101747 0.999999 0.00143709 -0.000872146 -0.00143691 0.999998 0.0101067 0.0486009 -0.0563367
FixedParameters: 0 0 0

#Transform 158
Transform: AffineTransform_float_3_3
Parameters: 1 -3.97882e-05 0.00111797 3.92118e-05 1 0.000705044 -0.00111803 -0.000704956 0.999999 0.00477527 0.11678 -0.0580872
FixedParameters: 0 0 0

#Transform 159
Transform: AffineTransform_float_3_3
Parameters: 0.999999 -5.13222e-05 0.000991932 4.96776e-05 0.999999 0.00133305 -0.000992066 -0.00133295 0.999998 0.00824827 -0.0118875 -0.0607394
FixedParameters: 0 0 0

#Transform 160
Transform: AffineTransform_float_3_3
Parameters: 1 -0.000102006 0.000889886 0.000100995 1 0.00113009 -0.000889115 -0.00112991 0.999999 0.0112874 0.0517655 -0.0569173
FixedParameters: 0 0 0

#Transform 161
Transform: AffineTransform_float_3_3
Parameters: 0.999999 -0.000298641 0.0012036 0.000297361 0.999999 0.00136236 -0.00120341 -0.00136264 0.999999 0.00776142 0.0773992 -0.0565483
FixedParameters: 0 0 0

#Transform 162
Transform: AffineTransform_float_3_3
Parameters: 0.999999 -2.86841e-05 0.00124196 2.73158e-05 0.999999 0.00135604 -0.00124204 -0.00135597 0.999999 0.000807563 0.0669463 -0.0566041
FixedParameters: 0 0 0

#Transform 163
Transform: AffineTransform_float_3_3
Parameters: 0.999999 -0.000103398 0.00095485 0.000101602 0.999999 0.0014641 -0.00095515 -0.0014639 0.999999 0.0101058 0.0448537 -0.0562149
FixedParameters: 0 0 0

#Transform 164
Transform: AffineTransform_float_3_3
Parameters: 0.999999 -9.68642e-05 0.00122593 9.61356e-05 0.999999 0.000705118 -0.00122607 -0.000704882 0.999999 0.0040249 0.0842291 -0.0508497
FixedParameters: 0 0 0

#Transform 165
Transform: AffineTransform_float_3_3
Parameters: 1 -5.38015e-05 0.00113696 5.31984e-05 1 0.000705061 -0.00113704 -0.000704939 0.999999 0.00610837 0.0737439 -0.0580979
FixedParameters: 0 0 0

#Transform 166
Transform: AffineTransform_float_3_3
Parameters: 0.999999 -5.64815e-05 0.000977915 5.45197e-05 0.999999 0.00151505 -0.000977084 -0.00151495 0.999999 0.00702194 0.0282841 -0.053017
FixedParameters: 0 0 0

#Transform 167
Transform: AffineTransform_float_3_3
Parameters: 1 -6.96661e-05 0.00110096 6.93339e-05 1 0.000605077 -0.00110104 -0.000604924 0.999999 0.00662858 0.0623496 -0.0437673
FixedParameters: 0 0 0

#Transform 168
Transform: AffineTransform_float_3_3
Parameters: 1 -7.01085e-05 0.00106893 6.98914e-05 1 0.00103708 -0.00106907 -0.00103693 0.999999 0.00660967 0.038379 -0.0485357
FixedParameters: 0 0 0

#Transform 169
Transform: AffineTransform_float_3_3
Parameters: 0.999999 -0.000279961 0.000944716 0.00027904 1 0.00101626 -0.000945284 -0.00101674 0.999999 0.00768005 0.0508458 -0.0513946
FixedParameters: 0 0 0

#Transform 170
Transform: AffineTransform_float_3_3
Parameters: 1 -2.70748e-05 0.00115698 2.69251e-05 0.999999 0.000929031 -0.00115703 -0.000928969 0.999999 0.00543555 0.0425575 -0.0507314
FixedParameters: 0 0 0

#Transform 171
Transform: AffineTransform_float_3_3
Parameters: 1 -5.91076e-05 0.00106594 5.78924e-05 1 0.00103906 -0.00106606 -0.00103894 0.999999 0.00503928 0.0343 -0.0395085
FixedParameters: 0 0 0

#Transform 172
Transform: AffineTransform_float_3_3
Parameters: 0.999999 -0.000211885 0.00133286 0.000211115 1 0.000664282 -0.00133314 -0.000663718 0.999999 -0.000132333 0.0712063 -0.0511125
FixedParameters: 0 0 0

#Transform 173
Transform: AffineTransform_float_3_3
Parameters: 0.999999 -1.32039e-05 0.00122599 1.1796e-05 0.999999 0.000982014 -0.00122601 -0.000981984 0.999999 0.00375852 0.0348541 -0.0634275
FixedParameters: 0 0 0

#Transform 174
Transform: AffineTransform_float_3_3
Parameters: 0.999999 -2.34472e-05 0.00127397 2.25527e-05 1 0.00113603 -0.00127403 -0.00113597 0.999998 0.00471775 0.0393224 -0.0571103
FixedParameters: 0 0 0

#Transform 175
Transform: AffineTransform_float_3_3
Parameters: 0.999999 -0.000536849 0.000697347 0.00053615 0.999999 0.00121737 -0.000698653 -0.00121763 0.999999 0.0212951 0.0388006 -0.027315
FixedParameters: 0 0 0

#Transform 176
Transform: AffineTransform_float_3_3
Parameters: 1 -0.000131477 0.00104482 0.000130524 0.999999 0.00141414 -0.00104419 -0.00141386 0.999999 0.00872903 -0.0332796 -0.0171638
FixedParameters: 0 0 0

#Transform 177
Transform: AffineTransform_float_3_3
Parameters: 0.999999 -7.30876e-05 0.001349 7.29123e-05 1 6.50984e-05 -0.001349 -6.49015e-05 0.999999 0.00211026 0.120845 -0.0378133
FixedParameters: 0 0 0

#Transform 178
Transform: AffineTransform_float_3_3
Parameters: 0.999999 -0.000237064 0.00147635 0.000232938 0.999996 0.00275135 -0.00147665 -0.00275165 0.999995 0.0131652 -0.130147 0.057246
FixedParameters: 0 0 0

#Transform 179
Transform: AffineTransform_float_3_3
Parameters: 0.999999 -0.000357835 0.00147632 0.000355166 0.999998 0.00191953 -0.00147668 -0.00191947 0.999997 0.0171712 0.00935042 0.0351824
FixedParameters: 0 0 0

#Transform 180
Transform: AffineTransform_float_3_3
Parameters: 0.999999 -0.00081712 0.00156037 0.000813879 0.999997 0.00199927 -0.00156263 -0.00199773 0.999997 0.0467353 0.0696294 0.0304387
FixedParameters: 0 0 0

#Transform 181
Transform: AffineTransform_float_3_3
Parameters: 0.999999 -0.000541874 0.00171616 0.000536128 0.999994 0.00342092 -0.00171784 -0.00342007 0.999992 0.0230179 -0.107376 0.107725
FixedParameters: 0 0 0

#Transform 182
Transform: AffineTransform_float_3_3
Parameters: 0.999999 -0.000539447 0.00147574 0.000536553 0.999997 0.0023348 -0.00147726 -0.00233421 0.999996 0.0269745 0.0524435 0.0468118
FixedParameters: 0 0 0

#Transform 183
Transform: AffineTransform_float_3_3
Parameters: 0.999999 -0.000487211 0.00168679 0.000482789 0.999997 0.00249582 -0.00168821 -0.00249518 0.999996 0.020161 -0.0496787 0.0290927
FixedParameters: 0 0 0

#Transform 184
Transform: AffineTransform_float_3_3
Parameters: 0.999999 -0.000463413 0.00147593 0.000460587 0.999997 0.00231168 -0.00147707 -0.00231132 0.999996 0.0189896 -0.0157852 0.0386074
FixedParameters: 0 0 0

#Transform 185
Transform: AffineTransform_float_3_3
Parameters: 0.999998 -0.00112603 0.00173374 0.00112097 0.999995 0.00290095 -0.00173726 -0.00289905 0.999995 0.0548821 0.0107179 0.0456383
FixedParameters: 0 0 0

#Transform 186
Transform: AffineTransform_float_3_3
Parameters: 0.999999 -0.00046817 0.00147631 0.000465831 0.999999 0.00146969 -0.00147669 -0.00146931 0.999998 0.0139198 0.087515 0.00447382
FixedParameters: 0 0 0

#Transform 187
Transform: AffineTransform_float_3_3
Parameters: 0.999999 -0.000371475 0.000731759 0.000371526 0.999999 0.000648272 -0.000731241 -0.000648728 0.999999 0.0239937 0.0773045 0.00394615
FixedParameters: 0 0 0

#Transform 188
Transform: AffineTransform_float_3_3
Parameters: 0.999998 -0.000539369 0.00162188 0.00053563 0.999997 0.00207687 -0.00162311 -0.00207613 0.999996 0.0188092 -0.174687 0.0181285
FixedParameters: 0 0 0

#Transform 189
Transform: AffineTransform_float_3_3
Parameters: 0.999999 -0.000419192 0.00147638 0.000416809 0.999999 0.00148462 -0.00147662 -0.00148438 0.999998 0.0195931 0.00212563 -0.00309054
FixedParameters: 0 0 0

#Transform 190
