#Insight Transform File V1.0
#Transform 0
Transform: AffineTransform_float_3_3
Parameters: 1 5.10103e-05 6.29917e-05 -5.09897e-05 1 -0.000163003 -6.30083e-05 0.000162997 1 0.00354383 0.0484037 0.375022
FixedParameters: 0 0 0

#Transform 1
Transform: AffineTransform_float_3_3
Parameters: 1 -0.000558769 0.000361814 0.000557229 0.999997 0.0021242 -0.000363184 -0.0021238 0.999997 0.00503379 0.0235085 0.0231239
FixedParameters: 0 0 0

#Transform 2
Transform: AffineTransform_float_3_3
Parameters: 1 -0.000184611 0.000258565 0.000184388 0.999997 0.00236005 -0.000259436 -0.00235995 0.999997 0.0191648 -0.0442433 -0.0488922
FixedParameters: 0 0 0

#Transform 3
Transform: AffineTransform_float_3_3
Parameters: 1 -6.81653e-05 0.000157929 6.78347e-05 1 0.00104601 -0.000158071 -0.00104599 1 0.0379928 0.0512788 -0.046846
FixedParameters: 0 0 0

#Transform 4
Transform: AffineTransform_float_3_3
Parameters: 1 -0.000307468 0.000353593 0.000306533 0.999999 0.00132311 -0.000353406 -0.00132289 0.999999 0.0360367 0.00379362 -0.0644098
FixedParameters: 0 0 0

#Transform 5
Transform: AffineTransform_float_3_3
Parameters: 1 -0.0002554 0.000559817 0.0002546 0.999999 0.000715142 -0.000559182 -0.000714857 0.999999 0.0367669 -0.0299271 -0.0458076
FixedParameters: 0 0 0

#Transform 6
Transform: AffineTransform_float_3_3
Parameters: 1 -0.000164291 0.000523908 0.000163709 1 0.000556086 -0.000524091 -0.000555914 0.999999 0.0440951 0.00559474 -0.0449358
FixedParameters: 0 0 0

#Transform 7
Transform: AffineTransform_float_3_3
Parameters: 1 -0.000133411 0.000514893 0.000133588 0.999999 0.000799068 -0.000515107 -0.000798931 0.999999 0.0338942 -0.0218578 -0.0361989
FixedParameters: 0 0 0

#Transform 8
Transform: AffineTransform_float_3_3
Parameters: 0.999999 -0.000557938 0.000747046 0.000558062 1 -8.25831e-05 -0.000746953 8.34168e-05 0.999999 0.0306739 0.037156 -0.0805172
FixedParameters: 0 0 0

#Transform 9
Transform: AffineTransform_float_3_3
Parameters: 1 -9.69939e-05 0.000466001 9.7006e-05 1 -1.29548e-05 -0.000465999 1.30452e-05 1 0.0354303 0.0676837 -0.0927412
FixedParameters: 0 0 0

#Transform 10
Transform: AffineTransform_float_3_3
Parameters: 1 -0.000159994 0.000527002 0.000160006 1 -1.19157e-05 -0.000526998 1.20843e-05 1 0.0263915 0.0171513 -0.0703916
FixedParameters: 0 0 0

#Transform 11
Transform: AffineTransform_float_3_3
Parameters: 1 0.000463987 -6.11016e-05 -0.000464013 1 -0.000218972 6.18984e-05 0.000219029 1 0.0286166 0.0237725 -0.030025
FixedParameters: 0 0 0

#Transform 12
Transform: AffineTransform_float_3_3
Parameters: 1 0.000636003 1.07927e-05 -0.000635996 0.999999 -0.000326007 -1.12073e-05 0.000325993 1 0.0226026 0.00959716 -0.0403346
FixedParameters: 0 0 0

#Transform 13
Transform: AffineTransform_float_3_3
Parameters: 0.999999 0.000914 -6.39926e-05 -0.000913999 0.999999 8.05849e-06 6.40073e-05 -7.9415e-06 1 -0.00250702 -0.0233574 -0.03868
FixedParameters: 0 0 0

#Transform 14
Transform: AffineTransform_float_3_3
Parameters: 0.999999 0.000706917 0.00017234 -0.000707083 0.999999 0.000480878 -0.00017266 -0.000481122 1 0.00883398 0.0435513 -0.0494307
FixedParameters: 0 0 0

#Transform 15
Transform: AffineTransform_float_3_3
Parameters: 1 0.000436959 0.000142125 -0.00043704 1 0.000284938 -0.000141875 -0.000285062 1 0.00742133 -0.0277978 -0.0430307
FixedParameters: 0 0 0

#Transform 16
Transform: AffineTransform_float_3_3
Parameters: 1 0.000656005 -1.98157e-05 -0.000655994 0.999999 0.000281013 2.01843e-05 -0.000280987 1 0.00888095 0.0503572 -0.0743913
FixedParameters: 0 0 0

#Transform 17
Transform: AffineTransform_float_3_3
Parameters: 0.999999 0.000878055 -9.54977e-05 -0.000877946 1 0.000572084 9.55021e-05 -0.000571917 1 0.0167366 0.0194545 -0.0528635
FixedParameters: 0 0 0

#Transform 18
Transform: AffineTransform_float_3_3
Parameters: 0.999999 0.000937349 -0.000407197 -0.000936651 0.999999 0.000856382 0.000407801 -0.000855618 0.999999 0.00951135 0.0159851 -0.062569
FixedParameters: 0 0 0

#Transform 19
Transform: AffineTransform_float_3_3
Parameters: 0.999999 0.000916989 5.71705e-05 -0.00091701 0.999999 0.000185948 -5.78294e-05 -0.000186053 1 0.020241 0.021612 -0.0401323
FixedParameters: 0 0 0

#Transform 20
Transform: AffineTransform_float_3_3
Parameters: 0.999999 0.00121704 -0.000209747 -0.00121696 0.999999 0.000208255 0.000210253 -0.000207744 1 0.0175169 0.0456641 -0.0413735
FixedParameters: 0 0 0

#Transform 21
Transform: AffineTransform_float_3_3
Parameters: 0.999999 0.00123613 -0.000302474 -0.00123587 0.999999 0.000425374 0.000303525 -0.000424625 1 0.017494 0.0690943 -0.0718653
FixedParameters: 0 0 0

#Transform 22
Transform: AffineTransform_float_3_3
Parameters: 0.999999 0.00129227 -0.000284784 -0.00129173 0.999998 0.000941368 0.000286217 -0.00094163 0.999999 0.0143771 0.00366025 -0.0651403
FixedParameters: 0 0 0

#Transform 23
Transform: AffineTransform_float_3_3
Parameters: 1 0.00101433 -0.000324965 -0.00101367 0.999999 0.00102133 0.000326035 -0.00102067 1 0.00916344 0.135041 -0.12144
FixedParameters: 0 0 0

#Transform 24
Transform: AffineTransform_float_3_3
Parameters: 0.999999 0.00117455 -0.000399382 -0.00117445 0.999999 0.00137847 0.000400619 -0.00137753 0.999999 0.00252026 0.0318729 -0.123609
FixedParameters: 0 0 0

#Transform 25
Transform: AffineTransform_float_3_3
Parameters: 0.999999 0.00115265 -0.000467403 -0.00115235 0.999999 0.00138654 0.000469597 -0.00138546 0.999999 0.0049082 0.0676934 -0.09175
FixedParameters: 0 0 0

#Transform 26
Transform: AffineTransform_float_3_3
Parameters: 0.999999 0.00150957 -0.000377731 -0.00150943 0.999997 0.00150357 0.00038027 -0.00150343 0.999999 0.0251254 0.0701761 -0.0954589
FixedParameters: 0 0 0

#Transform 27
Transform: AffineTransform_float_3_3
Parameters: 0.999999 0.0013255 -0.000359148 -0.0013245 0.999998 0.00139748 0.00036085 -0.00139652 0.999999 0.019028 0.0170732 -0.0924404
FixedParameters: 0 0 0

#Transform 28
Transform: AffineTransform_float_3_3
Parameters: 0.999999 0.00138272 -0.000547171 -0.00138227 0.999998 0.00132376 0.000548829 -0.00132224 0.999999 0.0233296 0.126309 -0.105014
FixedParameters: 0 0 0

#Transform 29
Transform: AffineTransform_float_3_3
Parameters: 0.999999 0.00148375 -0.000476681 -0.00148325 0.999997 0.00156371 0.00047932 -0.00156329 0.999998 0.014299 -0.0117119 -0.105013
FixedParameters: 0 0 0

#Transform 30
Transform: AffineTransform_float_3_3
Parameters: 0.999999 0.00162235 -0.000775178 -0.00162065 0.999997 0.00174126 0.000778822 -0.00173974 0.999998 0.0220898 0.131213 -0.137373
FixedParameters: 0 0 0

#Transform 31
Transform: AffineTransform_float_3_3
Parameters: 0.999998 0.00174439 -0.000805995 -0.00174261 0.999997 0.00172441 0.000809005 -0.00172259 0.999998 0.0195185 0.0302954 -0.119675
FixedParameters: 0 0 0

#Transform 32
Transform: AffineTransform_float_3_3
Parameters: 0.999998 0.00191917 -0.000889341 -0.00191684 0.999995 0.00242971 0.000893656 -0.00242729 0.999996 0.0311017 0.140025 -0.199242
FixedParameters: 0 0 0

#Transform 33
Transform: AffineTransform_float_3_3
Parameters: 0.999997 0.00191486 -0.00091712 -0.00191214 0.999996 0.00202776 0.000921875 -0.00202524 0.999997 0.0178414 0.0769523 -0.165063
FixedParameters: 0 0 0

#Transform 34
Transform: AffineTransform_float_3_3
Parameters: 0.999998 0.00164434 -0.00117635 -0.00164066 0.999994 0.00283294 0.00118065 -0.00283106 0.999996 0.00892536 0.114508 -0.193128
FixedParameters: 0 0 0

#Transform 35
Transform: AffineTransform_float_3_3
Parameters: 0.999998 0.00164372 -0.000940268 -0.00164028 0.999995 0.00288255 0.000945732 -0.00288145 0.999996 0.00722529 0.0907154 -0.223965
FixedParameters: 0 0 0

#Transform 36
Transform: AffineTransform_float_3_3
Parameters: 0.999999 0.00123594 -0.000683512 -0.00123407 0.999995 0.00282485 0.000686488 -0.00282415 0.999996 0.00407822 0.127255 -0.219053
FixedParameters: 0 0 0

#Transform 37
Transform: AffineTransform_float_3_3
Parameters: 0.999998 0.00184964 -0.000830143 -0.00184636 0.999994 0.00316954 0.000835854 -0.00316746 0.999994 0.0293272 0.155486 -0.212487
FixedParameters: 0 0 0

#Transform 38
Transform: AffineTransform_float_3_3
Parameters: 0.999997 0.00182279 -0.00109271 -0.00181921 0.999993 0.003458 0.0010993 -0.00345601 0.999994 0.0151832 0.0795446 -0.221961
FixedParameters: 0 0 0

#Transform 39
Transform: AffineTransform_float_3_3
Parameters: 0.999998 0.0016448 -0.00102795 -0.0016412 0.999992 0.00368169 0.00103405 -0.0036803 0.999992 0.00642069 0.12961 -0.243232
FixedParameters: 0 0 0

#Transform 40
Transform: AffineTransform_float_3_3
Parameters: 0.999998 0.00174118 -0.000952211 -0.00173782 0.999993 0.00332866 0.000957789 -0.00332734 0.999994 0.0157017 0.163622 -0.222426
FixedParameters: 0 0 0

#Transform 41
Transform: AffineTransform_float_3_3
Parameters: 0.999998 0.00164536 -0.00109447 -0.00164064 0.999991 0.0039748 0.00110053 -0.00397219 0.999991 0.00644253 0.173987 -0.27173
FixedParameters: 0 0 0

#Transform 42
Transform: AffineTransform_float_3_3
Parameters: 0.999997 0.00204512 -0.00150974 -0.00203887 0.999989 0.00404609 0.00151826 -0.00404291 0.99999 -0.00879143 0.0983395 -0.260168
FixedParameters: 0 0 0

#Transform 43
Transform: AffineTransform_float_3_3
Parameters: 0.999996 0.00228382 -0.00115145 -0.00228018 0.999992 0.00330764 0.00115855 -0.00330536 0.999994 0.0195771 0.167563 -0.210875
FixedParameters: 0 0 0

#Transform 44
Transform: AffineTransform_float_3_3
Parameters: 0.999997 0.00214511 -0.00117572 -0.00213989 0.999989 0.00433153 0.00118528 -0.00432847 0.99999 0.00614174 0.117873 -0.280805
FixedParameters: 0 0 0

#Transform 45
Transform: AffineTransform_float_3_3
Parameters: 0.999997 0.0021223 -0.00120445 -0.0021177 0.999992 0.00356056 0.00121255 -0.00355844 0.999993 -0.00182054 0.132524 -0.199788
FixedParameters: 0 0 0

#Transform 46
Transform: AffineTransform_float_3_3
Parameters: 0.999997 0.00227049 -0.000976925 -0.00226751 0.999991 0.00356023 0.000985078 -0.00355878 0.999993 0.0170468 0.138787 -0.224491
FixedParameters: 0 0 0

#Transform 47
Transform: AffineTransform_float_3_3
Parameters: 0.999997 0.00213889 -0.0012698 -0.00213311 0.999991 0.00383872 0.00127819 -0.00383528 0.999992 0.00256684 0.173844 -0.258067
FixedParameters: 0 0 0

#Transform 48
Transform: AffineTransform_float_3_3
Parameters: 0.999996 0.00227093 -0.00120159 -0.00226706 0.999992 0.00326574 0.00120941 -0.00326326 0.999994 -0.0104377 0.118749 -0.215476
FixedParameters: 0 0 0

#Transform 49
Transform: AffineTransform_float_3_3
Parameters: 0.999996 0.00221231 -0.00130674 -0.0022087 0.999992 0.0032879 0.00131327 -0.00328511 0.999993 0.000519127 0.178706 -0.216554
FixedParameters: 0 0 0

#Transform 50
Transform: AffineTransform_float_3_3
Parameters: 0.999996 0.00213837 -0.00139733 -0.00213363 0.999993 0.00312199 0.00140466 -0.00311901 0.999994 -0.00292933 0.142194 -0.211152
FixedParameters: 0 0 0

#Transform 51
Transform: AffineTransform_float_3_3
Parameters: 0.999995 0.0021408 -0.00205595 -0.0021332 0.999993 0.0033014 0.00206305 -0.0032976 0.999993 -0.0132525 0.0881448 -0.198799
FixedParameters: 0 0 0

#Transform 52
Transform: AffineTransform_float_3_3
Parameters: 0.999996 0.00213784 -0.00171723 -0.00213316 0.999995 0.00223467 0.00172177 -0.00223033 0.999996 0.00154165 0.14797 -0.143899
FixedParameters: 0 0 0

#Transform 53
Transform: AffineTransform_float_3_3
Parameters: 0.999997 0.00196677 -0.00157029 -0.00196323 0.999995 0.00240009 0.00157471 -0.00239691 0.999996 -0.018589 0.0748255 -0.129597
FixedParameters: 0 0 0

#Transform 54
Transform: AffineTransform_float_3_3
Parameters: 0.999996 0.00213769 -0.00149473 -0.00213331 0.999994 0.0024672 0.00149926 -0.0024638 0.999996 0.00288589 0.130327 -0.150375
FixedParameters: 0 0 0

#Transform 55
Transform: AffineTransform_float_3_3
Parameters: 0.999997 0.00164777 -0.00146967 -0.00164224 0.999994 0.00323842 0.00147432 -0.00323658 0.999993 0.0126292 0.179773 -0.223708
FixedParameters: 0 0 0

#Transform 56
Transform: AffineTransform_float_3_3
Parameters: 0.999998 0.00140758 -0.00139941 -0.00140342 0.999996 0.00255397 0.00140359 -0.00255203 0.999996 -0.00711888 0.100695 -0.182935
FixedParameters: 0 0 0

#Transform 57
Transform: AffineTransform_float_3_3
Parameters: 0.999997 0.00180739 -0.00153986 -0.00180261 0.999995 0.00284978 0.00154514 -0.00284622 0.999995 0.00700462 0.195605 -0.228606
FixedParameters: 0 0 0

#Transform 58
Transform: AffineTransform_float_3_3
Parameters: 0.999997 0.00191648 -0.00140793 -0.00191152 0.999993 0.0031737 0.00141407 -0.0031713 0.999994 0.0108066 0.139808 -0.225277
FixedParameters: 0 0 0

#Transform 59
Transform: AffineTransform_float_3_3
Parameters: 0.999997 0.00206844 -0.00145772 -0.00206456 0.999993 0.00304202 0.00146428 -0.00303898 0.999995 0.0148632 0.143483 -0.185249
FixedParameters: 0 0 0

#Transform 60
Transform: AffineTransform_float_3_3
Parameters: 0.999997 0.00191692 -0.00146558 -0.00191207 0.999992 0.00335381 0.00147242 -0.00335119 0.999994 0.0217453 0.191378 -0.22927
FixedParameters: 0 0 0

#Transform 61
Transform: AffineTransform_float_3_3
Parameters: 0.999997 0.00191638 -0.00137993 -0.00191162 0.999993 0.00317065 0.00138607 -0.00316835 0.999994 0.0162392 0.17268 -0.257667
FixedParameters: 0 0 0

#Transform 62
Transform: AffineTransform_float_3_3
Parameters: 0.999997 0.00197215 -0.00153039 -0.00196685 0.999993 0.00335902 0.00153661 -0.00335598 0.999993 0.0169139 0.218361 -0.279708
FixedParameters: 0 0 0

#Transform 63
Transform: AffineTransform_float_3_3
Parameters: 0.999997 0.00191677 -0.00164445 -0.00191123 0.999994 0.00289915 0.00164955 -0.00289685 0.999995 0.00811562 0.221726 -0.265063
FixedParameters: 0 0 0

#Transform 64
Transform: AffineTransform_float_3_3
Parameters: 0.999997 0.00191595 -0.00136849 -0.00191205 0.999994 0.00287962 0.00137451 -0.00287637 0.999995 0.00656732 0.187238 -0.232412
FixedParameters: 0 0 0

#Transform 65
Transform: AffineTransform_float_3_3
Parameters: 0.999997 0.00191568 -0.00138592 -0.00191132 0.999994 0.00265465 0.00139108 -0.00265234 0.999995 0.0106338 0.164757 -0.202476
FixedParameters: 0 0 0

#Transform 66
Transform: AffineTransform_float_3_3
Parameters: 0.999996 0.00198909 -0.0017723 -0.00198391 0.999994 0.00286953 0.0017777 -0.00286547 0.999995 0.0022826 0.183462 -0.229865
FixedParameters: 0 0 0

#Transform 67
Transform: AffineTransform_float_3_3
Parameters: 0.999997 0.00191637 -0.0016038 -0.00191163 0.999995 0.00272008 0.0016092 -0.00271693 0.999995 0.00344144 0.156999 -0.196987
FixedParameters: 0 0 0

#Transform 68
Transform: AffineTransform_float_3_3
Parameters: 0.999997 0.00213121 -0.00159238 -0.00212779 0.999994 0.0026434 0.00159863 -0.0026396 0.999995 0.0141462 0.197323 -0.188618
FixedParameters: 0 0 0

#Transform 69
Transform: AffineTransform_float_3_3
Parameters: 0.999997 0.00207728 -0.00161451 -0.00207273 0.999995 0.00264636 0.00161949 -0.00264265 0.999995 0.00590517 0.129854 -0.188767
FixedParameters: 0 0 0

#Transform 70
Transform: AffineTransform_float_3_3
Parameters: 0.999997 0.00191609 -0.0015038 -0.00191191 0.999994 0.00271788 0.0015092 -0.00271512 0.999995 0.00757628 0.161007 -0.194507
FixedParameters: 0 0 0

#Transform 71
Transform: AffineTransform_float_3_3
Parameters: 0.999997 0.00191682 -0.00137932 -0.00191118 0.999992 0.00348865 0.00138567 -0.00348535 0.999993 0.0157448 0.180692 -0.254944
FixedParameters: 0 0 0

#Transform 72
Transform: AffineTransform_float_3_3
Parameters: 0.999997 0.001917 -0.00158698 -0.001912 0.999993 0.00314404 0.00159302 -0.00314096 0.999994 0.0131947 0.175518 -0.237707
FixedParameters: 0 0 0

#Transform 73
Transform: AffineTransform_float_3_3
Parameters: 0.999997 0.00212571 -0.00162124 -0.00211929 0.999989 0.00412945 0.00162976 -0.00412655 0.99999 0.0194871 0.151342 -0.211402
FixedParameters: 0 0 0

#Transform 74
Transform: AffineTransform_float_3_3
Parameters: 0.999997 0.00191677 -0.00151901 -0.00191124 0.999994 0.00313191 0.00152499 -0.00312909 0.999994 -0.0127982 0.109983 -0.135575
FixedParameters: 0 0 0

#Transform 75
Transform: AffineTransform_float_3_3
Parameters: 0.999997 0.00191474 -0.00092334 -0.00191126 0.999994 0.00295877 0.000928658 -0.00295723 0.999995 -0.00901491 0.0694091 -0.0858157
FixedParameters: 0 0 0

#Transform 76
Transform: AffineTransform_float_3_3
Parameters: 0.999997 0.00191513 -0.000983926 -0.00191187 0.999993 0.00317489 0.000990073 -0.00317311 0.999994 0.000532422 0.123849 -0.131376
FixedParameters: 0 0 0

#Transform 77
Transform: AffineTransform_float_3_3
Parameters: 0.999997 0.00222571 -0.00112973 -0.00222229 0.999992 0.00327252 0.00113728 -0.00327048 0.999994 0.0082169 0.0598101 -0.0920455
FixedParameters: 0 0 0

#Transform 78
Transform: AffineTransform_float_3_3
Parameters: 0.999997 0.00226001 -0.00108166 -0.00225599 0.99999 0.00369645 0.00109034 -0.00369354 0.999992 0.016467 0.103705 -0.163954
FixedParameters: 0 0 0

#Transform 79
Transform: AffineTransform_float_3_3
Parameters: 0.999997 0.00191808 -0.00151635 -0.00191192 0.99999 0.00399791 0.00152465 -0.00399509 0.999991 0.0137296 0.108587 -0.18659
FixedParameters: 0 0 0

#Transform 80
Transform: AffineTransform_float_3_3
Parameters: 0.999997 0.00226602 -0.00143152 -0.00225998 0.999988 0.00419325 0.00144049 -0.00418975 0.99999 0.0156835 0.0997531 -0.212222
FixedParameters: 0 0 0

#Transform 81
Transform: AffineTransform_float_3_3
Parameters: 0.999998 0.00191716 -0.00131351 -0.00191184 0.999991 0.00391553 0.0013215 -0.00391348 0.999992 0.00152548 0.116039 -0.165465
FixedParameters: 0 0 0

#Transform 82
Transform: AffineTransform_float_3_3
Parameters: 0.999997 0.00191776 -0.0014876 -0.00191124 0.99999 0.00386386 0.00149539 -0.00386014 0.999992 0.00359669 0.140404 -0.194477
FixedParameters: 0 0 0

#Transform 83
Transform: AffineTransform_float_3_3
Parameters: 0.999996 0.00229184 -0.00128138 -0.00228716 0.999991 0.00376795 0.00128962 -0.00376506 0.999992 0.00799191 0.103572 -0.181196
FixedParameters: 0 0 0

#Transform 84
Transform: AffineTransform_float_3_3
Parameters: 0.999996 0.0024782 -0.00152419 -0.0024738 0.999993 0.00275178 0.00153081 -0.00274822 0.999995 0.0182366 0.160452 -0.160064
FixedParameters: 0 0 0

#Transform 85
Transform: AffineTransform_float_3_3
Parameters: 0.999996 0.00234421 -0.0014657 -0.00233879 0.999991 0.00354544 0.0014743 -0.00354256 0.999992 0.0122329 0.129624 -0.18542
FixedParameters: 0 0 0

#Transform 86
Transform: AffineTransform_float_3_3
Parameters: 0.999996 0.00239491 -0.00139662 -0.00239009 0.999991 0.00350635 0.00140538 -0.00350265 0.999993 0.0236938 0.130816 -0.205283
FixedParameters: 0 0 0

#Transform 87
Transform: AffineTransform_float_3_3
Parameters: 0.999997 0.0019165 -0.00150328 -0.0019115 0.999993 0.00299188 0.00150872 -0.00298912 0.999995 -0.000424845 0.146767 -0.178024
FixedParameters: 0 0 0

#Transform 88
Transform: AffineTransform_float_3_3
Parameters: 0.999996 0.00223798 -0.00132831 -0.00223402 0.999993 0.00299198 0.00133469 -0.00298902 0.999994 0.0155082 0.148725 -0.163679
FixedParameters: 0 0 0

#Transform 89
Transform: AffineTransform_float_3_3
Parameters: 0.999997 0.00210024 -0.00139865 -0.00209576 0.999993 0.00302894 0.00140535 -0.00302606 0.999995 0.0138333 0.122256 -0.15654
FixedParameters: 0 0 0

#Transform 90
Transform: AffineTransform_float_3_3
Parameters: 0.999997 0.00191521 -0.00116976 -0.0019118 0.999995 0.00273624 0.00117423 -0.00273476 0.999995 -0.000229742 0.118623 -0.146176
FixedParameters: 0 0 0

#Transform 91
Transform: AffineTransform_float_3_3
Parameters: 0.999998 0.00191497 -0.00122035 -0.00191203 0.999995 0.00243134 0.00122565 -0.00242966 0.999997 -0.00536775 0.0903765 -0.125598
FixedParameters: 0 0 0

#Transform 92
Transform: AffineTransform_float_3_3
Parameters: 0.999997 0.00207596 -0.00119286 -0.00207304 0.999995 0.00247748 0.00119814 -0.00247452 0.999996 0.0167837 0.127533 -0.132536
FixedParameters: 0 0 0

#Transform 93
Transform: AffineTransform_float_3_3
Parameters: 0.999997 0.00196819 -0.00136197 -0.00196381 0.999994 0.00307069 0.00136804 -0.00306832 0.999995 -0.000181338 0.111026 -0.187581
FixedParameters: 0 0 0

#Transform 94
Transform: AffineTransform_float_3_3
Parameters: 0.999997 0.00207954 -0.00119285 -0.00207646 0.999994 0.00295949 0.00119915 -0.00295752 0.999995 -0.00247799 0.0529274 -0.147816
FixedParameters: 0 0 0

#Transform 95
Transform: AffineTransform_float_3_3
Parameters: 0.999996 0.00255962 -0.00138835 -0.00255538 0.999994 0.00260056 0.00139464 -0.00259644 0.999995 0.0151692 0.0960726 -0.129018
FixedParameters: 0 0 0

#Transform 96
Transform: AffineTransform_float_3_3
Parameters: 0.999995 0.00265873 -0.00157537 -0.00265227 0.99999 0.0036272 0.00158563 -0.0036238 0.999992 -0.00545819 0.0111252 -0.0948783
FixedParameters: 0 0 0

#Transform 97
Transform: AffineTransform_float_3_3
Parameters: 0.999995 0.00242369 -0.00174249 -0.00241931 0.999994 0.00268923 0.00174851 -0.00268477 0.999995 -0.0115024 0.124456 -0.0889833
FixedParameters: 0 0 0

#Transform 98
Transform: AffineTransform_float_3_3
Parameters: 0.999996 0.00242462 -0.00186171 -0.00241938 0.999992 0.00301352 0.00186929 -0.00300848 0.999993 -0.00647979 0.0945297 -0.156006
FixedParameters: 0 0 0

#Transform 99
Transform: AffineTransform_float_3_3
Parameters: 0.999996 0.00231807 -0.00174194 -0.00231193 0.999992 0.00348104 0.00175005 -0.00347696 0.999992 -0.00201113 0.0949802 -0.158407
FixedParameters: 0 0 0

#Transform 100
Transform: AffineTransform_float_3_3
Parameters: 0.999996 0.00236642 -0.00145082 -0.00236258 0.999992 0.00303944 0.00145818 -0.00303556 0.999995 -0.0137253 0.103633 -0.125812
FixedParameters: 0 0 0

#Transform 101
Transform: AffineTransform_float_3_3
Parameters: 0.999996 0.00242392 -0.00161263 -0.00241908 0.999993 0.00304492 0.00161937 -0.00304109 0.999994 -0.0149137 0.138636 -0.138549
FixedParameters: 0 0 0

#Transform 102
Transform: AffineTransform_float_3_3
Parameters: 0.999996 0.00242392 -0.00161665 -0.00241908 0.999992 0.00303692 0.00162435 -0.00303307 0.999994 -0.00376926 0.0900461 -0.114183
FixedParameters: 0 0 0

#Transform 103
Transform: AffineTransform_float_3_3
Parameters: 0.999995 0.00242387 -0.00164183 -0.00241912 0.999992 0.00296498 0.00164918 -0.00296102 0.999995 -0.00503793 0.0909046 -0.138623
FixedParameters: 0 0 0

#Transform 104
Transform: AffineTransform_float_3_3
Parameters: 0.999996 0.00242285 -0.00136519 -0.00241915 0.999993 0.00281431 0.00137181 -0.00281069 0.999995 -0.000266949 0.11495 -0.12461
FixedParameters: 0 0 0

#Transform 105
Transform: AffineTransform_float_3_3
Parameters: 0.999996 0.00242327 -0.00156541 -0.00241973 0.999994 0.0027248 0.00157159 -0.0027202 0.999995 -0.00370904 0.117134 -0.103572
FixedParameters: 0 0 0

#Transform 106
Transform: AffineTransform_float_3_3
Parameters: 0.999996 0.00220479 -0.00177707 -0.00220021 0.999994 0.00269492 0.00178293 -0.00269108 0.999995 -0.0130239 0.0820507 -0.118169
FixedParameters: 0 0 0

#Transform 107
Transform: AffineTransform_float_3_3
Parameters: 0.999996 0.00242307 -0.00150748 -0.00241893 0.999994 0.00269566 0.00151452 -0.00269134 0.999995 -0.0144877 0.0810246 -0.13583
FixedParameters: 0 0 0

#Transform 108
Transform: AffineTransform_float_3_3
Parameters: 0.999995 0.0024232 -0.00171207 -0.0024188 0.999994 0.00245215 0.00171793 -0.00244785 0.999995 -0.00207051 0.123036 -0.112011
FixedParameters: 0 0 0

#Transform 109
Transform: AffineTransform_float_3_3
Parameters: 0.999996 0.00250575 -0.00170952 -0.00250225 0.999995 0.00219129 0.00171448 -0.00218672 0.999996 -0.0112972 0.096775 -0.10354
FixedParameters: 0 0 0

#Transform 110
Transform: AffineTransform_float_3_3
Parameters: 0.999995 0.00242198 -0.00164763 -0.00241902 0.999996 0.00180699 0.00165237 -0.00180301 0.999997 -0.0246652 0.0708001 -0.0801096
FixedParameters: 0 0 0

#Transform 111
Transform: AffineTransform_float_3_3
Parameters: 0.999995 0.00242257 -0.00167987 -0.00241943 0.999995 0.00212307 0.00168514 -0.00211893 0.999997 -0.0390716 0.066732 -0.0918502
FixedParameters: 0 0 0

#Transform 112
Transform: AffineTransform_float_3_3
Parameters: 0.999996 0.00253764 -0.00161229 -0.00253336 0.999994 0.0022561 0.00161772 -0.00225191 0.999996 -0.0273415 0.119323 -0.103322
FixedParameters: 0 0 0

#Transform 113
Transform: AffineTransform_float_3_3
Parameters: 0.999996 0.00265504 -0.00149686 -0.00265096 0.999993 0.00269298 0.00150414 -0.00268902 0.999996 -0.029114 0.114272 -0.148844
FixedParameters: 0 0 0

#Transform 114
Transform: AffineTransform_float_3_3
Parameters: 0.999995 0.00279115 -0.00136059 -0.00278885 0.999995 0.0015818 0.00136541 -0.0015772 0.999998 -0.0396232 0.0745633 -0.0704312
FixedParameters: 0 0 0

#Transform 115
Transform: AffineTransform_float_3_3
Parameters: 0.999995 0.00265784 -0.00126212 -0.00265616 0.999996 0.00146036 0.00126688 -0.00145764 0.999998 -0.0208019 0.165891 -0.10423
FixedParameters: 0 0 0

#Transform 116
Transform: AffineTransform_float_3_3
Parameters: 0.999995 0.0027119 -0.00149776 -0.0027091 0.999995 0.00193707 0.00150325 -0.00193293 0.999997 -0.0170827 0.157052 -0.124339
FixedParameters: 0 0 0

#Transform 117
Transform: AffineTransform_float_3_3
Parameters: 0.999995 0.00277891 -0.00139824 -0.00277609 0.999994 0.00207689 0.00140376 -0.00207311 0.999997 -0.0258657 0.0925096 -0.132
FixedParameters: 0 0 0

#Transform 118
Transform: AffineTransform_float_3_3
Parameters: 0.999995 0.00277813 -0.00157749 -0.00277587 0.999994 0.00198539 0.00158351 -0.00198061 0.999997 -0.0312895 0.146788 -0.140713
FixedParameters: 0 0 0

#Transform 119
Transform: AffineTransform_float_3_3
Parameters: 0.999994 0.00303633 -0.00167398 -0.00303267 0.999994 0.00198609 0.00168002 -0.00198091 0.999996 -0.0232152 0.1526 -0.131843
FixedParameters: 0 0 0

#Transform 120
Transform: AffineTransform_float_3_3
Parameters: 0.999996 0.00264204 -0.00153076 -0.00263896 0.999994 0.00198505 0.00153524 -0.00198095 0.999997 -0.0396476 0.101038 -0.135109
FixedParameters: 0 0 0

#Transform 121
Transform: AffineTransform_float_3_3
Parameters: 0.999994 0.0028399 -0.00158581 -0.0028371 0.999995 0.00182951 0.00159118 -0.00182449 0.999997 -0.0306863 0.141174 -0.108379
FixedParameters: 0 0 0

#Transform 122
Transform: AffineTransform_float_3_3
Parameters: 0.999995 0.0027811 -0.00147015 -0.0027779 0.999994 0.00210609 0.00147585 -0.00210191 0.999996 -0.0286516 0.168145 -0.152304
FixedParameters: 0 0 0

#Transform 123
Transform: AffineTransform_float_3_3
Parameters: 0.999995 0.00270809 -0.00120407 -0.00270491 0.999993 0.00256027 0.00121092 -0.00255673 0.999996 -0.0296087 0.110869 -0.141233
FixedParameters: 0 0 0

#Transform 124
Transform: AffineTransform_float_3_3
Parameters: 0.999994 0.00293932 -0.00150246 -0.00293668 0.999995 0.00154642 0.00150754 -0.00154258 0.999997 -0.018581 0.134041 -0.089278
FixedParameters: 0 0 0

#Transform 125
Transform: AffineTransform_float_3_3
Parameters: 0.999995 0.00286451 -0.00162182 -0.00286149 0.999993 0.00216265 0.00162819 -0.00215835 0.999997 -0.0283363 0.116523 -0.134721
FixedParameters: 0 0 0

#Transform 126
Transform: AffineTransform_float_3_3
Parameters: 0.999995 0.0027861 -0.0015165 -0.00278291 0.999993 0.00269524 0.0015245 -0.00269177 0.999995 -0.0373396 0.131904 -0.173074
FixedParameters: 0 0 0

#Transform 127
Transform: AffineTransform_float_3_3
Parameters: 0.999994 0.00317098 -0.00143744 -0.00316802 0.999993 0.00207057 0.00144356 -0.00206643 0.999997 -0.00933981 0.156346 -0.124447
FixedParameters: 0 0 0

#Transform 128
Transform: AffineTransform_float_3_3
Parameters: 0.999995 0.00296526 -0.00153673 -0.00296174 0.999994 0.00211956 0.00154327 -0.00211444 0.999996 -0.0200174 0.119344 -0.135438
FixedParameters: 0 0 0

#Transform 129
Transform: AffineTransform_float_3_3
Parameters: 0.999995 0.00279741 -0.00145035 -0.00279559 0.999994 0.00166306 0.00145464 -0.00165894 0.999997 -0.0261232 0.114828 -0.118089
FixedParameters: 0 0 0

#Transform 130
Transform: AffineTransform_float_3_3
Parameters: 0.999994 0.00287127 -0.00156683 -0.00286872 0.999995 0.0014535 0.00157116 -0.0014485 0.999997 -0.0210445 0.130698 -0.0954794
FixedParameters: 0 0 0

#Transform 131
Transform: AffineTransform_float_3_3
Parameters: 0.999994 0.00285567 -0.00160526 -0.00285333 0.999994 0.00166259 0.00160974 -0.00165741 0.999998 -0.0227389 0.112047 -0.102276
FixedParameters: 0 0 0

#Transform 132
Transform: AffineTransform_float_3_3
Parameters: 0.999994 0.00286161 -0.00153428 -0.00285738 0.999993 0.0023534 0.00154072 -0.0023486 0.999996 -0.0200546 0.15765 -0.151825
FixedParameters: 0 0 0

#Transform 133
Transform: AffineTransform_float_3_3
Parameters: 0.999994 0.00292032 -0.00150551 -0.00291868 0.999994 0.0015394 0.00151049 -0.0015356 0.999997 -0.0243498 0.119948 -0.100151
FixedParameters: 0 0 0

#Transform 134
Transform: AffineTransform_float_3_3
Parameters: 0.999994 0.00291946 -0.00145608 -0.00291854 0.999995 0.00100226 0.00145892 -0.000998747 0.999999 -0.0158848 0.14497 -0.0812717
FixedParameters: 0 0 0

#Transform 135
Transform: AffineTransform_float_3_3
Parameters: 0.999995 0.00239059 -0.00169535 -0.00238741 0.999996 0.00152805 0.00169865 -0.00152395 0.999998 -0.0321723 0.149525 -0.0948953
FixedParameters: 0 0 0

#Transform 136
Transform: AffineTransform_float_3_3
Parameters: 0.999995 0.00270461 -0.00156049 -0.00270139 0.999995 0.00167222 0.00156551 -0.00166777 0.999998 -0.0329978 0.101156 -0.0918052
FixedParameters: 0 0 0

#Transform 137
Transform: AffineTransform_float_3_3
Parameters: 0.999995 0.0027038 -0.00154185 -0.0027012 0.999995 0.00116817 0.00154515 -0.00116383 0.999998 -0.0327595 0.153982 -0.0680266
FixedParameters: 0 0 0

#Transform 138
Transform: AffineTransform_float_3_3
Parameters: 0.999995 0.00291585 -0.00163594 -0.00291316 0.999994 0.00173978 0.00164107 -0.00173523 0.999997 -0.0338953 0.1191 -0.096404
FixedParameters: 0 0 0

#Transform 139
Transform: AffineTransform_float_3_3
Parameters: 0.999994 0.00286368 -0.00184484 -0.00286032 0.999995 0.00145629 0.00184916 -0.00145071 0.999997 -0.0187373 0.155367 -0.0877606
FixedParameters: 0 0 0

#Transform 140
Transform: AffineTransform_float_3_3
Parameters: 0.999995 0.00298529 -0.00156976 -0.00298171 0.999994 0.00209369 0.00157624 -0.00208931 0.999996 -0.0172898 0.137244 -0.107786
FixedParameters: 0 0 0

#Transform 141
Transform: AffineTransform_float_3_3
Parameters: 0.999994 0.00314675 -0.00156147 -0.00314325 0.999992 0.00239792 0.00156953 -0.00239308 0.999996 -0.0326112 0.0590587 -0.0889318
FixedParameters: 0 0 0

#Transform 142
Transform: AffineTransform_float_3_3
Parameters: 0.999992 0.00314468 -0.00215555 -0.00314331 0.999995 0.000783781 0.00215845 -0.000776218 0.999998 -0.0205211 0.20092 -0.0895701
FixedParameters: 0 0 0

#Transform 143
Transform: AffineTransform_float_3_3
Parameters: 0.999995 0.00276915 -0.00167781 -0.00276585 0.999995 0.00187665 0.00168319 -0.00187235 0.999997 -0.0377557 0.0934695 -0.106102
FixedParameters: 0 0 0

#Transform 144
Transform: AffineTransform_float_3_3
Parameters: 0.999994 0.00303977 -0.00180233 -0.00303723 0.999994 0.00153848 0.00180666 -0.00153252 0.999997 -0.0196411 0.123561 -0.0639635
FixedParameters: 0 0 0

#Transform 145
Transform: AffineTransform_float_3_3
Parameters: 0.999993 0.00305164 -0.00181589 -0.00304736 0.999994 0.00200555 0.00182111 -0.00199946 0.999997 -0.0251639 0.0831315 -0.0739134
FixedParameters: 0 0 0

#Transform 146
Transform: AffineTransform_float_3_3
Parameters: 0.999993 0.00284113 -0.0021392 -0.00283587 0.999993 0.00239708 0.00214679 -0.00239092 0.999995 -0.0329165 0.0779942 -0.0605281
FixedParameters: 0 0 0

#Transform 147
Transform: AffineTransform_float_3_3
Parameters: 0.999995 0.00272487 -0.00197028 -0.00272013 0.999993 0.00247137 0.00197772 -0.00246563 0.999995 -0.0289678 0.15695 -0.0914417
FixedParameters: 0 0 0

#Transform 148
Transform: AffineTransform_float_3_3
Parameters: 0.999994 0.00282314 -0.00194701 -0.00281986 0.999994 0.0021265 0.00195299 -0.0021215 0.999996 -0.0329874 0.0616058 -0.0779813
FixedParameters: 0 0 0

#Transform 149
Transform: AffineTransform_float_3_3
Parameters: 0.999994 0.00282353 -0.00210594 -0.00281947 0.999993 0.00214995 0.00211206 -0.00214405 0.999996 -0.0231105 0.160925 -0.10766
FixedParameters: 0 0 0

#Transform 150
Transform: AffineTransform_float_3_3
Parameters: 0.999994 0.00282446 -0.00209365 -0.00281954 0.999992 0.00260692 0.00210135 -0.00260108 0.999995 -0.0407611 0.157402 -0.141101
FixedParameters: 0 0 0

#Transform 151
Transform: AffineTransform_float_3_3
Parameters: 0.999994 0.00288856 -0.00215825 -0.00288244 0.999991 0.00303624 0.00216775 -0.00302976 0.999993 -0.0434887 0.121729 -0.14683
FixedParameters: 0 0 0

#Transform 152
Transform: AffineTransform_float_3_3
Parameters: 0.999993 0.00307704 -0.00237047 -0.00307196 0.999993 0.0021273 0.00237653 -0.0021197 0.999995 -0.0346473 0.165215 -0.109372
FixedParameters: 0 0 0

#Transform 153
Transform: AffineTransform_float_3_3
Parameters: 0.999993 0.00295593 -0.00195607 -0.00295007 0.999991 0.00302779 0.00196493 -0.00302221 0.999994 -0.0364447 0.135757 -0.157047
FixedParameters: 0 0 0

#Transform 154
Transform: AffineTransform_float_3_3
Parameters: 0.999993 0.00307237 -0.00206403 -0.00306663 0.999992 0.00259935 0.00207197 -0.00259365 0.999994 -0.0288091 0.143887 -0.121345
FixedParameters: 0 0 0

#Transform 155
Transform: AffineTransform_float_3_3
Parameters: 0.999993 0.00316267 -0.00231894 -0.00315634 0.999991 0.00287134 0.00232806 -0.00286466 0.999993 -0.0279446 0.169209 -0.137467
FixedParameters: 0 0 0

#Transform 156
Transform: AffineTransform_float_3_3
Parameters: 0.999994 0.00282496 -0.00209197 -0.00281904 0.999992 0.00284791 0.00210003 -0.00284208 0.999994 -0.0372515 0.133252 -0.136366
FixedParameters: 0 0 0

#Transform 157
Transform: AffineTransform_float_3_3
Parameters: 0.999991 0.00344322 -0.00249807 -0.00343578 0.99999 0.00288961 0.00250792 -0.00288139 0.999992 -0.0163139 0.143098 -0.109639
FixedParameters: 0 0 0

#Transform 158
Transform: AffineTransform_float_3_3
Parameters: 0.999991 0.00334341 -0.00238263 -0.00333558 0.999989 0.00310997 0.00239237 -0.00310203 0.999993 -0.0249332 0.20021 -0.183335
FixedParameters: 0 0 0

#Transform 159
Transform: AffineTransform_float_3_3
Parameters: 0.999991 0.00328693 -0.00241791 -0.00327807 0.999988 0.00368696 0.00243009 -0.00367904 0.999991 -0.0343274 0.157623 -0.199817
FixedParameters: 0 0 0

#Transform 160
Transform: AffineTransform_float_3_3
Parameters: 0.999992 0.00320865 -0.00248789 -0.00320035 0.999989 0.00347199 0.00249911 -0.00346401 0.999991 -0.0306066 0.193029 -0.188571
FixedParameters: 0 0 0

#Transform 161
Transform: AffineTransform_float_3_3
Parameters: 0.999992 0.00328144 -0.0022819 -0.00327355 0.999988 0.0036945 0.00229409 -0.0036865 0.99999 -0.0349877 0.164452 -0.199595
FixedParameters: 0 0 0

#Transform 162
Transform: AffineTransform_float_3_3
Parameters: 0.999992 0.00310723 -0.00225243 -0.00310077 0.999992 0.002763 0.00226056 -0.002756 0.999993 -0.0380098 0.148895 -0.118895
FixedParameters: 0 0 0

#Transform 163
Transform: AffineTransform_float_3_3
Parameters: 0.999993 0.00295514 -0.00224394 -0.00294886 0.999992 0.00273463 0.00225206 -0.00272736 0.999993 -0.0379558 0.178103 -0.114316
FixedParameters: 0 0 0

#Transform 164
Transform: AffineTransform_float_3_3
Parameters: 0.999992 0.00307039 -0.00226536 -0.00306361 0.999992 0.00281996 0.00227364 -0.00281304 0.999993 -0.0345485 0.155842 -0.112472
FixedParameters: 0 0 0

#Transform 165
Transform: AffineTransform_float_3_3
Parameters: 0.999993 0.00300661 -0.00217992 -0.0030004 0.999991 0.00302656 0.00218908 -0.00302044 0.999993 -0.0400934 0.138137 -0.117379
FixedParameters: 0 0 0

#Transform 166
Transform: AffineTransform_float_3_3
Parameters: 0.999993 0.00308811 -0.00232791 -0.00308189 0.999992 0.00262519 0.00233609 -0.0026178 0.999994 -0.0363827 0.184833 -0.115804
FixedParameters: 0 0 0

#Transform 167
Transform: AffineTransform_float_3_3
Parameters: 0.999993 0.00286563 -0.0023447 -0.00285837 0.99999 0.00325172 0.0023533 -0.00324528 0.999992 -0.0508215 0.186416 -0.155172
FixedParameters: 0 0 0

#Transform 168
Transform: AffineTransform_float_3_3
Parameters: 0.999994 0.00286499 -0.00228124 -0.002858 0.999991 0.00306354 0.00229076 -0.00305646 0.999992 -0.0472538 0.132273 -0.122836
FixedParameters: 0 0 0

#Transform 169
Transform: AffineTransform_float_3_3
Parameters: 0.999993 0.0032356 -0.00216265 -0.00322941 0.999992 0.00258701 0.00217035 -0.00258 0.999995 -0.0292479 0.21786 -0.129965
FixedParameters: 0 0 0

#Transform 170
Transform: AffineTransform_float_3_3
Parameters: 0.999993 0.00286347 -0.00212164 -0.00285753 0.999992 0.00257608 0.00212836 -0.00256992 0.999995 -0.0463794 0.125436 -0.107194
FixedParameters: 0 0 0

#Transform 171
Transform: AffineTransform_float_3_3
Parameters: 0.999993 0.00298343 -0.00230799 -0.00297856 0.999993 0.00235489 0.00231501 -0.00234711 0.999994 -0.0432144 0.184271 -0.0879264
FixedParameters: 0 0 0

#Transform 172
Transform: AffineTransform_float_3_3
Parameters: 0.999994 0.00286365 -0.00219967 -0.00285835 0.999992 0.0025663 0.00220634 -0.0025607 0.999995 -0.0426997 0.171031 -0.115011
FixedParameters: 0 0 0

#Transform 173
Transform: AffineTransform_float_3_3
Parameters: 0.999994 0.00303431 -0.00203711 -0.00302869 0.999992 0.00260619 0.00204489 -0.00259981 0.999994 -0.0410305 0.144891 -0.0915016
FixedParameters: 0 0 0

#Transform 174
Transform: AffineTransform_float_3_3
Parameters: 0.999993 0.00283122 -0.00239668 -0.00282479 0.999992 0.00259279 0.00240332 -0.00258621 0.999994 -0.0437928 0.150407 -0.0676368
FixedParameters: 0 0 0

#Transform 175
Transform: AffineTransform_float_3_3
Parameters: 0.999992 0.00306607 -0.00232972 -0.00305893 0.99999 0.00303215 0.00233928 -0.00302585 0.999992 -0.0410147 0.158156 -0.128035
FixedParameters: 0 0 0

#Transform 176
Transform: AffineTransform_float_3_3
Parameters: 0.999993 0.0029944 -0.00219165 -0.0029896 0.999993 0.00246157 0.00219936 -0.00245443 0.999995 -0.051 0.138015 -0.0755713
FixedParameters: 0 0 0

#Transform 177
Transform: AffineTransform_float_3_3
Parameters: 0.999994 0.00282908 -0.00230501 -0.00282493 0.999995 0.00176852 0.00230999 -0.00176248 0.999996 -0.0572284 0.154067 -0.0462154
FixedParameters: 0 0 0

#Transform 178
Transform: AffineTransform_float_3_3
Parameters: 0.999992 0.0030958 -0.00230456 -0.00309119 0.999993 0.00208614 0.00231144 -0.00207886 0.999995 -0.0420201 0.146291 -0.0653033
FixedParameters: 0 0 0

#Transform 179
Transform: AffineTransform_float_3_3
Parameters: 0.999994 0.00300041 -0.00209269 -0.00299659 0.999994 0.00210828 0.00209931 -0.00210172 0.999995 -0.0497999 0.100191 -0.0615858
FixedParameters: 0 0 0

#Transform 180
Transform: AffineTransform_float_3_3
Parameters: 0.999993 0.00302157 -0.002293 -0.00301644 0.999994 0.00199193 0.002299 -0.00198507 0.999996 -0.0438032 0.176413 -0.0751688
FixedParameters: 0 0 0

#Transform 181
Transform: AffineTransform_float_3_3
Parameters: 0.999993 0.00305032 -0.00222272 -0.00304569 0.999993 0.00239079 0.00223028 -0.00238421 0.999994 -0.0435778 0.117599 -0.0826077
FixedParameters: 0 0 0

#Transform 182
Transform: AffineTransform_float_3_3
Parameters: 0.999992 0.00311482 -0.00242281 -0.00311018 0.999993 0.00199255 0.00242919 -0.00198445 0.999995 -0.0453332 0.122505 -0.0522871
FixedParameters: 0 0 0

#Transform 183
Transform: AffineTransform_float_3_3
Parameters: 0.999992 0.00329674 -0.00200321 -0.00329225 0.999992 0.00236761 0.00201079 -0.00236039 0.999995 -0.0566794 0.112033 -0.0164071
FixedParameters: 0 0 0

#Transform 184
Transform: AffineTransform_float_3_3
Parameters: 0.999992 0.00348004 -0.00226423 -0.00347297 0.999989 0.00310289 0.00227477 -0.00309511 0.999992 -0.063749 0.114335 -0.0404912
FixedParameters: 0 0 0

#Transform 185
Transform: AffineTransform_float_3_3
Parameters: 0.999993 0.00315181 -0.00202764 -0.00314919 0.999994 0.0013874 0.00203136 -0.00138061 0.999997 -0.05899 0.043019 0.0108145
FixedParameters: 0 0 0

#Transform 186
Transform: AffineTransform_float_3_3
Parameters: 0.999992 0.00322419 -0.00208353 -0.00322081 0.999993 0.00201172 0.00208947 -0.00200428 0.999996 -0.0351223 0.186468 -0.0648315
FixedParameters: 0 0 0

#Transform 187
Transform: AffineTransform_float_3_3
Parameters: 0.999993 0.00344753 -0.00129757 -0.00345047 0.999992 -0.00190354 0.00129143 0.00190847 0.999998 -0.0257422 -0.0736368 -0.00949493
FixedParameters: 0 0 0

#Transform 188
