# transform file /out/sourcedata/freesurfer/sub-v1s23x0050561_ses-1/mri/transforms/cc_up.lta
# created by oesteban on Thu Mar 12 17:38:14 2026

type      = 0 # LINEAR_VOX_TO_VOX
nxforms   = 1
mean      = 125.0000 120.0000 122.0000
sigma     = 10000.0000
1 4 4
9.981928467750549e-01 -4.732966795563698e-02 3.702634200453758e-02 4.962400913238525e+00 
4.729713872075081e-02 9.988793730735779e-01 1.754410448484123e-03 1.805345726013184e+01 
-3.706788271665573e-02 0.000000000000000e+00 9.993127584457397e-01 1.967408370971680e+01 
0.000000000000000e+00 0.000000000000000e+00 0.000000000000000e+00 1.000000000000000e+00 
src volume info
valid = 1  # volume info valid
filename = /out/sourcedata/freesurfer/sub-v1s23x0050561_ses-1/mri/norm.mgz
volume = 256 256 256
voxelsize = 1.000000000000000e+00 1.000000000000000e+00 1.000000000000000e+00
xras   = -1.000000000000000e+00 0.000000000000000e+00 0.000000000000000e+00
yras   = 0.000000000000000e+00 0.000000000000000e+00 -1.000000000000000e+00
zras   = 0.000000000000000e+00 1.000000000000000e+00 0.000000000000000e+00
cras   = 8.940895080566406e+01 -4.740806579589844e+01 5.029521179199219e+01
dst volume info
valid = 1  # volume info valid
filename = /out/sourcedata/freesurfer/sub-v1s23x0050561_ses-1/mri/norm.mgz
volume = 256 256 256
voxelsize = 1.000000000000000e+00 1.000000000000000e+00 1.000000000000000e+00
xras   = -1.000000000000000e+00 0.000000000000000e+00 0.000000000000000e+00
yras   = 0.000000000000000e+00 0.000000000000000e+00 -1.000000000000000e+00
zras   = 0.000000000000000e+00 1.000000000000000e+00 0.000000000000000e+00
cras   = 8.940895080566406e+01 -4.740806579589844e+01 5.029521179199219e+01
