# transform file /out/sourcedata/freesurfer/sub-v1s23x0050551_ses-1/mri/transforms/cc_up.lta
# created by oesteban on Mon Mar  9 18:29:45 2026

type      = 0 # LINEAR_VOX_TO_VOX
nxforms   = 1
mean      = 127.0000 114.0000 130.0000
sigma     = 10000.0000
1 4 4
9.970947504043579e-01 -7.582601904869080e-02 7.255218923091888e-03 1.051968574523926e+01 
7.582400739192963e-02 9.971211552619934e-01 5.517226527445018e-04 2.579770469665527e+01 
-7.276166230440140e-03 5.820766785236131e-11 9.999735355377197e-01 5.905496120452881e+00 
0.000000000000000e+00 0.000000000000000e+00 0.000000000000000e+00 1.000000000000000e+00 
src volume info
valid = 1  # volume info valid
filename = /out/sourcedata/freesurfer/sub-v1s23x0050551_ses-1/mri/norm.mgz
volume = 256 256 256
voxelsize = 1.000000000000000e+00 1.000000000000000e+00 1.000000000000000e+00
xras   = -1.000000000000000e+00 0.000000000000000e+00 0.000000000000000e+00
yras   = 0.000000000000000e+00 0.000000000000000e+00 -1.000000000000000e+00
zras   = 0.000000000000000e+00 1.000000000000000e+00 0.000000000000000e+00
cras   = 5.278941345214844e+01 -4.859407043457031e+01 1.263990783691406e+01
dst volume info
valid = 1  # volume info valid
filename = /out/sourcedata/freesurfer/sub-v1s23x0050551_ses-1/mri/norm.mgz
volume = 256 256 256
voxelsize = 1.000000000000000e+00 1.000000000000000e+00 1.000000000000000e+00
xras   = -1.000000000000000e+00 0.000000000000000e+00 0.000000000000000e+00
yras   = 0.000000000000000e+00 0.000000000000000e+00 -1.000000000000000e+00
zras   = 0.000000000000000e+00 1.000000000000000e+00 0.000000000000000e+00
cras   = 5.278941345214844e+01 -4.859407043457031e+01 1.263990783691406e+01
