# transform file /out/sourcedata/freesurfer/sub-v1s23x0050568_ses-1/mri/transforms/cc_up.lta
# created by oesteban on Mon Mar  9 20:21:14 2026

type      = 0 # LINEAR_VOX_TO_VOX
nxforms   = 1
mean      = 128.0000 106.0000 106.0000
sigma     = 10000.0000
1 4 4
9.994925856590271e-01 -2.751347608864307e-02 1.605172082781792e-02 2.588442325592041e+00 
2.750992774963379e-02 9.996214509010315e-01 4.418058379087597e-04 3.751524734497070e+01 
-1.605780050158501e-02 2.910383045673370e-11 9.998711347579956e-01 3.204067611694336e+01 
0.000000000000000e+00 0.000000000000000e+00 0.000000000000000e+00 1.000000000000000e+00 
src volume info
valid = 1  # volume info valid
filename = /out/sourcedata/freesurfer/sub-v1s23x0050568_ses-1/mri/norm.mgz
volume = 256 256 256
voxelsize = 1.000000000000000e+00 1.000000000000000e+00 1.000000000000000e+00
xras   = -1.000000000000000e+00 0.000000000000000e+00 0.000000000000000e+00
yras   = 0.000000000000000e+00 0.000000000000000e+00 -1.000000000000000e+00
zras   = 0.000000000000000e+00 1.000000000000000e+00 0.000000000000000e+00
cras   = 3.929543304443359e+01 -4.926875305175781e+01 3.827845764160156e+01
dst volume info
valid = 1  # volume info valid
filename = /out/sourcedata/freesurfer/sub-v1s23x0050568_ses-1/mri/norm.mgz
volume = 256 256 256
voxelsize = 1.000000000000000e+00 1.000000000000000e+00 1.000000000000000e+00
xras   = -1.000000000000000e+00 0.000000000000000e+00 0.000000000000000e+00
yras   = 0.000000000000000e+00 0.000000000000000e+00 -1.000000000000000e+00
zras   = 0.000000000000000e+00 1.000000000000000e+00 0.000000000000000e+00
cras   = 3.929543304443359e+01 -4.926875305175781e+01 3.827845764160156e+01
