# transform file /out/sourcedata/freesurfer/sub-v1s23x0050552_ses-1/mri/transforms/cc_up.lta
# created by oesteban on Mon Mar  9 18:37:06 2026

type      = 0 # LINEAR_VOX_TO_VOX
nxforms   = 1
mean      = 127.0000 137.0000 109.0000
sigma     = 10000.0000
1 4 4
9.992254972457886e-01 -7.301581557840109e-03 -3.866649419069290e-02 7.825065612792969e+00 
7.296121213585138e-03 9.999733567237854e-01 -2.823341055773199e-04 9.119367599487305e+00 
3.866752237081528e-02 2.910383045673370e-11 9.992521405220032e-01 2.324134445190430e+01 
0.000000000000000e+00 0.000000000000000e+00 0.000000000000000e+00 1.000000000000000e+00 
src volume info
valid = 1  # volume info valid
filename = /out/sourcedata/freesurfer/sub-v1s23x0050552_ses-1/mri/norm.mgz
volume = 256 256 256
voxelsize = 1.000000000000000e+00 1.000000000000000e+00 1.000000000000000e+00
xras   = -1.000000000000000e+00 0.000000000000000e+00 0.000000000000000e+00
yras   = 0.000000000000000e+00 0.000000000000000e+00 -1.000000000000000e+00
zras   = 0.000000000000000e+00 1.000000000000000e+00 0.000000000000000e+00
cras   = 3.581520080566406e+01 -4.850181579589844e+01 2.787333679199219e+01
dst volume info
valid = 1  # volume info valid
filename = /out/sourcedata/freesurfer/sub-v1s23x0050552_ses-1/mri/norm.mgz
volume = 256 256 256
voxelsize = 1.000000000000000e+00 1.000000000000000e+00 1.000000000000000e+00
xras   = -1.000000000000000e+00 0.000000000000000e+00 0.000000000000000e+00
yras   = 0.000000000000000e+00 0.000000000000000e+00 -1.000000000000000e+00
zras   = 0.000000000000000e+00 1.000000000000000e+00 0.000000000000000e+00
cras   = 3.581520080566406e+01 -4.850181579589844e+01 2.787333679199219e+01
