# transform file /out/sourcedata/freesurfer/sub-v1s23x0050617_ses-1/mri/transforms/cc_up.lta
# created by oesteban on Mon Mar  9 22:25:00 2026

type      = 0 # LINEAR_VOX_TO_VOX
nxforms   = 1
mean      = 128.0000 146.0000 138.0000
sigma     = 10000.0000
1 4 4
9.984631538391113e-01 5.511328205466270e-02 -5.814079660922289e-03 -7.061252117156982e+00 
-5.511234328150749e-02 9.984800815582275e-01 3.209207498002797e-04 7.204960823059082e+00 
5.822930019348860e-03 0.000000000000000e+00 9.999829530715942e-01 -9.743009567260742e+00 
0.000000000000000e+00 0.000000000000000e+00 0.000000000000000e+00 1.000000000000000e+00 
src volume info
valid = 1  # volume info valid
filename = /out/sourcedata/freesurfer/sub-v1s23x0050617_ses-1/mri/norm.mgz
volume = 256 256 256
voxelsize = 1.000000000000000e+00 1.000000000000000e+00 1.000000000000000e+00
xras   = -1.000000000000000e+00 0.000000000000000e+00 0.000000000000000e+00
yras   = 0.000000000000000e+00 0.000000000000000e+00 -1.000000000000000e+00
zras   = 0.000000000000000e+00 1.000000000000000e+00 0.000000000000000e+00
cras   = 3.581520080566406e+01 -6.272056579589844e+01 1.638896179199219e+01
dst volume info
valid = 1  # volume info valid
filename = /out/sourcedata/freesurfer/sub-v1s23x0050617_ses-1/mri/norm.mgz
volume = 256 256 256
voxelsize = 1.000000000000000e+00 1.000000000000000e+00 1.000000000000000e+00
xras   = -1.000000000000000e+00 0.000000000000000e+00 0.000000000000000e+00
yras   = 0.000000000000000e+00 0.000000000000000e+00 -1.000000000000000e+00
zras   = 0.000000000000000e+00 1.000000000000000e+00 0.000000000000000e+00
cras   = 3.581520080566406e+01 -6.272056579589844e+01 1.638896179199219e+01
