# transform file /out/sourcedata/freesurfer/sub-v1s23x0050618_ses-1/mri/transforms/cc_up.lta
# created by oesteban on Mon Mar  9 22:24:54 2026

type      = 0 # LINEAR_VOX_TO_VOX
nxforms   = 1
mean      = 128.0000 136.0000 116.0000
sigma     = 10000.0000
1 4 4
9.986166357994080e-01 3.747662529349327e-02 -3.688540309667587e-02 4.776469469070435e-01 
-3.745108842849731e-02 9.992976188659668e-01 1.383312279358506e-03 1.273561668395996e+01 
3.691133111715317e-02 -2.328306714094452e-10 9.993185997009277e-01 9.337986946105957e+00 
0.000000000000000e+00 0.000000000000000e+00 0.000000000000000e+00 1.000000000000000e+00 
src volume info
valid = 1  # volume info valid
filename = /out/sourcedata/freesurfer/sub-v1s23x0050618_ses-1/mri/norm.mgz
volume = 256 256 256
voxelsize = 1.000000000000000e+00 1.000000000000000e+00 1.000000000000000e+00
xras   = -1.000000000000000e+00 0.000000000000000e+00 0.000000000000000e+00
yras   = 0.000000000000000e+00 0.000000000000000e+00 -1.000000000000000e+00
zras   = 0.000000000000000e+00 1.000000000000000e+00 0.000000000000000e+00
cras   = 2.159645080566406e+01 -5.232994079589844e+01 1.912333679199219e+01
dst volume info
valid = 1  # volume info valid
filename = /out/sourcedata/freesurfer/sub-v1s23x0050618_ses-1/mri/norm.mgz
volume = 256 256 256
voxelsize = 1.000000000000000e+00 1.000000000000000e+00 1.000000000000000e+00
xras   = -1.000000000000000e+00 0.000000000000000e+00 0.000000000000000e+00
yras   = 0.000000000000000e+00 0.000000000000000e+00 -1.000000000000000e+00
zras   = 0.000000000000000e+00 1.000000000000000e+00 0.000000000000000e+00
cras   = 2.159645080566406e+01 -5.232994079589844e+01 1.912333679199219e+01
