#Insight Transform File V1.0
#Transform 0
Transform: AffineTransform_float_3_3
Parameters: 1 -9.9216e-08 0.000159 -9.9216e-08 1 0.000624 -0.000159 -0.000624 1 -0.0246844 -0.0193899 -0.391858
FixedParameters: 0 0 0

#Transform 1
Transform: AffineTransform_float_3_3
Parameters: 0.999999 0.000604295 -0.000534797 -0.000604703 0.999999 -0.00131768 0.000533203 0.00131832 0.999999 -0.00862249 0.148166 0.0681278
FixedParameters: 0 0 0

#Transform 2
Transform: AffineTransform_float_3_3
Parameters: 1 0.00033266 -0.00104275 -0.000334339 0.999998 -0.00224465 0.00104125 0.00224535 0.999997 0.00673468 0.218425 0.0314572
FixedParameters: 0 0 0

#Transform 3
Transform: AffineTransform_float_3_3
Parameters: 1 2.31498e-05 -0.000268075 -2.485e-05 0.999995 -0.00317199 0.000267922 0.00317201 0.999995 -0.0244682 0.195171 -0.00700407
FixedParameters: 0 0 0

#Transform 4
Transform: AffineTransform_float_3_3
Parameters: 1 -0.000178317 -0.000533561 0.000176684 0.999997 -0.00246809 0.000533437 0.0024679 0.999997 -0.00417238 0.229206 0.0760018
FixedParameters: 0 0 0

#Transform 5
Transform: AffineTransform_float_3_3
Parameters: 0.999999 -0.00137825 -0.000530774 0.00137776 0.999997 -0.00234173 0.000533226 0.00234027 0.999997 0.0262759 0.196495 0.0378535
FixedParameters: 0 0 0

#Transform 6
Transform: AffineTransform_float_3_3
Parameters: 0.999998 -0.00128003 -0.00100141 0.00127796 0.999997 -0.00202928 0.00100459 0.00202772 0.999998 0.0410587 0.208552 0.0246737
FixedParameters: 0 0 0

#Transform 7
Transform: AffineTransform_float_3_3
Parameters: 0.999999 -0.0010941 -0.000970519 0.0010909 0.999995 -0.00318706 0.000974481 0.00318594 0.999995 0.0346551 0.243232 -0.0238327
FixedParameters: 0 0 0

#Transform 8
Transform: AffineTransform_float_3_3
Parameters: 0.999998 -0.00107801 -0.00160264 0.00107299 0.999995 -0.00312173 0.00160636 0.00312028 0.999994 0.0826063 0.361335 0.04151
FixedParameters: 0 0 0

#Transform 9
Transform: AffineTransform_float_3_3
Parameters: 0.999997 -0.00139103 -0.00235477 0.00137698 0.999982 -0.00594826 0.00236223 0.00594474 0.999979 0.123879 0.371849 0.0385561
FixedParameters: 0 0 0

#Transform 10
Transform: AffineTransform_float_3_3
Parameters: 0.999996 -0.00126908 -0.00276362 0.00124392 0.999958 -0.00905548 0.00277538 0.00905252 0.999955 0.107298 0.471143 -0.0395751
FixedParameters: 0 0 0

#Transform 11
Transform: AffineTransform_float_3_3
Parameters: 0.999993 -0.00140871 -0.00328056 0.00137728 0.999952 -0.00964958 0.00329444 0.00964442 0.999948 0.108871 0.497209 -0.0539328
FixedParameters: 0 0 0

#Transform 12
Transform: AffineTransform_float_3_3
Parameters: 0.999991 -0.00141614 -0.00381269 0.00137685 0.999946 -0.0102493 0.00382731 0.0102447 0.99994 0.104543 0.492289 0.00533574
FixedParameters: 0 0 0

#Transform 13
Transform: AffineTransform_float_3_3
Parameters: 0.999992 -0.000665234 -0.00389234 0.00062577 0.999946 -0.0103285 0.00389867 0.0103265 0.999939 0.0850632 0.476982 -0.012881
FixedParameters: 0 0 0

#Transform 14
Transform: AffineTransform_float_3_3
Parameters: 0.999993 -0.000860186 -0.003495 0.000827812 0.999954 -0.00948595 0.00350301 0.00948304 0.999949 0.0724257 0.440215 0.105379
FixedParameters: 0 0 0

#Transform 15
Transform: AffineTransform_float_3_3
Parameters: 0.999993 -0.000937127 -0.00378777 0.000899869 0.999949 -0.0100555 0.00379724 0.0100515 0.999943 0.0577418 0.546233 0.125531
FixedParameters: 0 0 0

#Transform 16
Transform: AffineTransform_float_3_3
Parameters: 0.999996 -0.000848683 -0.00246063 0.000827312 0.999961 -0.00880007 0.00246837 0.00879794 0.999959 0.0223223 0.407641 0.118557
FixedParameters: 0 0 0

#Transform 17
Transform: AffineTransform_float_3_3
Parameters: 0.999998 -0.000313761 -0.00201075 0.000298244 0.999973 -0.00733762 0.00201224 0.00733638 0.999971 0.0360979 0.395626 0.0976044
FixedParameters: 0 0 0

#Transform 18
Transform: AffineTransform_float_3_3
Parameters: 0.999997 -0.000349541 -0.00215053 0.000334455 0.999974 -0.00722273 0.00215347 0.00722226 0.999971 0.0209133 0.379271 0.0987784
FixedParameters: 0 0 0

#Transform 19
Transform: AffineTransform_float_3_3
Parameters: 0.999998 -0.000284517 -0.0023168 0.000266482 0.999968 -0.00798864 0.0023192 0.00798837 0.999966 0.0156854 0.447481 0.055936
FixedParameters: 0 0 0

#Transform 20
Transform: AffineTransform_float_3_3
Parameters: 0.999999 -0.000141019 -0.000895072 0.000134981 0.999978 -0.00672113 0.000895927 0.00672088 0.999977 -0.00196965 0.399463 -0.0171587
FixedParameters: 0 0 0

#Transform 21
Transform: AffineTransform_float_3_3
Parameters: 0.999999 -0.00120455 -0.000602066 0.00119845 0.999942 -0.0107667 0.000614939 0.0107663 0.999942 0.0140495 0.496317 0.0841415
FixedParameters: 0 0 0

#Transform 22
Transform: AffineTransform_float_3_3
Parameters: 0.999998 -0.000979497 -0.00172965 0.000960499 0.999942 -0.0106627 0.00174034 0.0106613 0.999941 0.0302385 0.522973 0.0473625
FixedParameters: 0 0 0

#Transform 23
Transform: AffineTransform_float_3_3
Parameters: 0.999999 -0.00046667 -0.00126741 0.000454333 0.99995 -0.00997959 0.0012716 0.00997842 0.99995 0.0104491 0.469532 0.0676198
FixedParameters: 0 0 0

#Transform 24
Transform: AffineTransform_float_3_3
Parameters: 1 -0.000456994 7.08235e-05 0.000458008 0.999888 -0.014914 -6.41764e-05 0.014914 0.999889 0.0044241 0.642452 0.0941596
FixedParameters: 0 0 0

#Transform 25
Transform: AffineTransform_float_3_3
Parameters: 0.999998 -0.00124465 0.00158916 0.00128135 0.999732 -0.023083 -0.00155984 0.023085 0.999733 -0.0183943 0.736821 0.201619
FixedParameters: 0 0 0

#Transform 26
Transform: AffineTransform_float_3_3
Parameters: 0.999999 -0.000823981 0.000625165 0.000836034 0.99981 -0.0194745 -0.000609833 0.0194755 0.99981 0.00357731 0.620271 0.270763
FixedParameters: 0 0 0

#Transform 27
Transform: AffineTransform_float_3_3
Parameters: 0.999999 -0.000772031 -0.000133526 0.000768959 0.999771 -0.0213781 0.000150473 0.0213779 0.999772 0.0145078 0.736114 0.268996
FixedParameters: 0 0 0

#Transform 28
Transform: AffineTransform_float_3_3
Parameters: 1 -0.00052006 -0.000317722 0.000512956 0.999762 -0.0218312 0.000328276 0.0218308 0.999761 0.0122211 0.646982 0.264251
FixedParameters: 0 0 0

#Transform 29
Transform: AffineTransform_float_3_3
Parameters: 0.999999 -0.000493643 0.000905819 0.00051336 0.999769 -0.0214945 -0.000895171 0.0214954 0.999768 -0.0380852 0.698977 0.238046
FixedParameters: 0 0 0

#Transform 30
Transform: AffineTransform_float_3_3
Parameters: 0.999999 -0.00105777 -0.000670753 0.00104122 0.999733 -0.0230927 0.00069523 0.0230923 0.999733 0.0183489 0.648413 0.36785
FixedParameters: 0 0 0

#Transform 31
Transform: AffineTransform_float_3_3
Parameters: 0.999999 -0.00177857 -0.000400657 0.00176742 0.999686 -0.0250028 0.00044533 0.0250023 0.999688 0.0239318 0.838766 0.342932
FixedParameters: 0 0 0

#Transform 32
Transform: AffineTransform_float_3_3
Parameters: 0.999997 -0.00211326 -0.00110161 0.00208376 0.999662 -0.0259144 0.00115539 0.0259126 0.999663 0.0471748 0.770234 0.323248
FixedParameters: 0 0 0

#Transform 33
Transform: AffineTransform_float_3_3
Parameters: 0.999996 -0.00273642 -0.000873788 0.00271357 0.999665 -0.0257655 0.000944225 0.0257625 0.999667 0.0544628 0.815111 0.267215
FixedParameters: 0 0 0

#Transform 34
Transform: AffineTransform_float_3_3
Parameters: 0.999995 -0.0027441 -0.00115153 0.00271389 0.999654 -0.0261893 0.00122349 0.0261858 0.999657 0.0349209 0.825119 0.27661
FixedParameters: 0 0 0

#Transform 35
Transform: AffineTransform_float_3_3
Parameters: 0.999995 -0.00256175 -0.00143668 0.00252424 0.999667 -0.0256867 0.00150233 0.0256833 0.999669 0.0279306 0.811081 0.266346
FixedParameters: 0 0 0

#Transform 36
Transform: AffineTransform_float_3_3
Parameters: 0.999997 -0.0019479 -0.00141144 0.00191109 0.999668 -0.0256858 0.00146157 0.0256832 0.999669 0.0323791 0.835088 0.27875
FixedParameters: 0 0 0

#Transform 37
Transform: AffineTransform_float_3_3
Parameters: 0.999995 -0.00211015 -0.00202607 0.00205585 0.99965 -0.0263663 0.00208092 0.0263617 0.999651 0.0518091 0.866106 0.220661
FixedParameters: 0 0 0

#Transform 38
Transform: AffineTransform_float_3_3
Parameters: 0.999996 -0.00181295 -0.00220868 0.00175505 0.999662 -0.025961 0.00225532 0.025957 0.999661 0.0571197 0.837528 0.23593
FixedParameters: 0 0 0

#Transform 39
Transform: AffineTransform_float_3_3
Parameters: 0.999997 -0.00189978 -0.00182965 0.00185221 0.999666 -0.0257705 0.00187835 0.0257665 0.999666 0.0453096 0.818442 0.227621
FixedParameters: 0 0 0

#Transform 40
Transform: AffineTransform_float_3_3
Parameters: 0.999996 -0.00192958 -0.0021124 0.00187543 0.999672 -0.0255441 0.00216061 0.0255399 0.999672 0.0447362 0.820619 0.253909
FixedParameters: 0 0 0

#Transform 41
Transform: AffineTransform_float_3_3
Parameters: 0.999996 -0.00203379 -0.00193499 0.00198221 0.99965 -0.0263999 0.00198802 0.0263961 0.999649 0.0328058 0.847407 0.236259
FixedParameters: 0 0 0

#Transform 42
Transform: AffineTransform_float_3_3
Parameters: 0.999997 -0.00152655 -0.0020304 0.00147146 0.999632 -0.0270841 0.00207061 0.0270809 0.999631 0.0286047 0.844397 0.24488
FixedParameters: 0 0 0

#Transform 43
Transform: AffineTransform_float_3_3
Parameters: 0.999999 -0.000639507 -0.00115809 0.000603466 0.999537 -0.0304047 0.00117789 0.0304043 0.999537 -0.0108623 0.834432 0.298288
FixedParameters: 0 0 0

#Transform 44
Transform: AffineTransform_float_3_3
Parameters: 0.999992 -0.00102679 -0.00380749 0.000889225 0.999351 -0.0360167 0.00384152 0.0360123 0.999344 0.0132031 0.949472 0.558255
FixedParameters: 0 0 0

#Transform 45
Transform: AffineTransform_float_3_3
Parameters: 0.999984 -0.00155967 -0.00533084 0.00133733 0.999136 -0.0415208 0.00539117 0.0415132 0.999124 0.0159456 1.02692 0.582028
FixedParameters: 0 0 0

#Transform 46
Transform: AffineTransform_float_3_3
Parameters: 0.999987 -0.0014678 -0.00473793 0.00126819 0.999129 -0.0416935 0.00479504 0.0416865 0.999119 0.0189513 1.02061 0.513398
FixedParameters: 0 0 0

#Transform 47
Transform: AffineTransform_float_3_3
Parameters: 0.999983 -0.00150016 -0.0055183 0.00126886 0.999131 -0.0416567 0.00557569 0.0416493 0.999116 0.0209203 0.974746 0.602172
FixedParameters: 0 0 0

#Transform 48
Transform: AffineTransform_float_3_3
Parameters: 0.999983 -0.00147766 -0.00565455 0.00126832 0.999325 -0.0367288 0.00570543 0.0367212 0.99931 0.0443492 1.05549 0.803345
FixedParameters: 0 0 0

#Transform 49
Transform: AffineTransform_float_3_3
Parameters: 0.999985 -0.00126632 -0.00521042 0.0010817 0.999372 -0.0354161 0.0052516 0.0354109 0.999359 0.0330815 0.931071 0.781338
FixedParameters: 0 0 0

#Transform 50
Transform: AffineTransform_float_3_3
Parameters: 0.999984 -0.00147441 -0.00535362 0.00126861 0.999271 -0.0381714 0.00540536 0.0381636 0.999257 0.0391624 0.955585 0.654524
FixedParameters: 0 0 0

#Transform 51
Transform: AffineTransform_float_3_3
Parameters: 0.999985 -0.00131853 -0.00534781 0.00110046 0.999173 -0.0406625 0.00539721 0.0406565 0.999158 0.0331467 0.99915 0.535654
FixedParameters: 0 0 0

#Transform 52
Transform: AffineTransform_float_3_3
Parameters: 0.999984 -0.00150524 -0.0054785 0.00126873 0.999079 -0.0428736 0.00553848 0.0428653 0.999065 0.042794 1.00594 0.571649
FixedParameters: 0 0 0

#Transform 53
Transform: AffineTransform_float_3_3
Parameters: 0.999988 -0.00154335 -0.00478502 0.00133661 0.999072 -0.0430379 0.00484801 0.043031 0.999062 0.0020952 0.928093 0.435161
FixedParameters: 0 0 0

#Transform 54
Transform: AffineTransform_float_3_3
Parameters: 0.999997 0.000659886 0.00236667 -0.000482091 0.99726 -0.0739774 -0.00240927 0.0739756 0.997257 -0.178049 1.74929 -0.41619
FixedParameters: 0 0 0

#Transform 55
Transform: AffineTransform_float_3_3
Parameters: 0.999998 -0.00026394 0.00225159 0.000329044 0.999581 -0.0289443 -0.00224242 0.0289447 0.999579 -0.0412002 1.21698 -0.212454
FixedParameters: 0 0 0

#Transform 56
Transform: AffineTransform_float_3_3
Parameters: 0.999999 -0.000427049 0.00171122 0.000455948 0.999866 -0.0163672 -0.00170377 0.0163677 0.999864 -0.00554354 0.873002 -0.0482646
FixedParameters: 0 0 0

#Transform 57
Transform: AffineTransform_float_3_3
Parameters: 0.999999 -0.00122401 0.000552183 0.00124298 0.999358 -0.0358073 -0.000507818 0.0358076 0.999358 -0.0429989 1.01131 0.296676
FixedParameters: 0 0 0

#Transform 58
Transform: AffineTransform_float_3_3
Parameters: 0.999999 -0.00122728 0.000484861 0.00124273 0.999425 -0.0338814 -0.000443148 0.0338826 0.999425 -0.0773265 0.925606 0.243304
FixedParameters: 0 0 0

#Transform 59
Transform: AffineTransform_float_3_3
Parameters: 0.999998 -0.00168283 -0.000318285 0.00167215 0.999505 -0.0314186 0.000371718 0.0314174 0.999507 -0.0428764 0.958326 0.269437
FixedParameters: 0 0 0

#Transform 60
Transform: AffineTransform_float_3_3
Parameters: 0.999999 -0.0016915 -0.000577799 0.0016715 0.99948 -0.032221 0.000632185 0.03222 0.99948 -0.00982532 0.948322 0.386485
FixedParameters: 0 0 0

#Transform 61
Transform: AffineTransform_float_3_3
Parameters: 0.999995 -0.00262499 0.00177325 0.002685 0.999393 -0.0347344 -0.00168074 0.0347396 0.999395 -0.00849085 1.16325 0.208749
FixedParameters: 0 0 0

#Transform 62
Transform: AffineTransform_float_3_3
Parameters: 0.999993 -0.00358803 0.000957105 0.00361697 0.999475 -0.0322188 -0.000840895 0.0322223 0.999481 -0.0189796 1.06079 0.1748
FixedParameters: 0 0 0

#Transform 63
Transform: AffineTransform_float_3_3
Parameters: 0.999994 -0.00321613 0.0013111 0.00325686 0.999467 -0.0324609 -0.00120591 0.0324651 0.999472 -0.0261418 1.12708 0.312033
FixedParameters: 0 0 0

#Transform 64
Transform: AffineTransform_float_3_3
Parameters: 0.999994 -0.00305431 0.00164671 0.00310567 0.999472 -0.0323611 -0.0015463 0.0323659 0.999475 -0.0344722 1.08419 0.33796
FixedParameters: 0 0 0

#Transform 65
Transform: AffineTransform_float_3_3
Parameters: 0.999994 -0.00323826 0.000723632 0.00325672 0.999614 -0.0275928 -0.000633374 0.0275952 0.999619 -0.00953687 1.12735 0.272689
FixedParameters: 0 0 0

#Transform 66
Transform: AffineTransform_float_3_3
Parameters: 0.999994 -0.00324794 0.000372888 0.00325704 0.999613 -0.0276309 -0.00028211 0.0276321 0.999618 -0.0140256 1.10247 0.236701
FixedParameters: 0 0 0

#Transform 67
Transform: AffineTransform_float_3_3
Parameters: 0.999997 -0.002485 0.000424402 0.00249499 0.999673 -0.025458 -0.000360598 0.025459 0.999676 -0.017215 1.05147 0.18933
FixedParameters: 0 0 0

#Transform 68
Transform: AffineTransform_float_3_3
Parameters: 0.999995 -0.00283903 -0.00094946 0.00281296 0.999648 -0.0263728 0.00102454 0.0263702 0.999651 -0.00886019 0.9994 0.216449
FixedParameters: 0 0 0

#Transform 69
Transform: AffineTransform_float_3_3
Parameters: 0.999998 -0.000617337 -0.00192844 0.000562648 0.999607 -0.0280511 0.00194555 0.0280499 0.999604 -0.0276687 0.858787 0.406659
FixedParameters: 0 0 0

#Transform 70
Transform: AffineTransform_float_3_3
Parameters: 0.999996 -0.00119904 -0.00277255 0.00111598 0.999557 -0.0297612 0.00280646 0.0297578 0.999553 0.00230447 0.953768 0.293322
FixedParameters: 0 0 0

#Transform 71
Transform: AffineTransform_float_3_3
Parameters: 0.999993 -0.00152709 -0.003191 0.00142691 0.999514 -0.0311368 0.00323699 0.0311313 0.99951 0.0118683 0.960855 0.31895
FixedParameters: 0 0 0

#Transform 72
Transform: AffineTransform_float_3_3
Parameters: 0.999992 -0.0016119 -0.00349944 0.00150211 0.999512 -0.0311845 0.00354756 0.0311795 0.999508 0.0202669 0.961879 0.276344
FixedParameters: 0 0 0

#Transform 73
Transform: AffineTransform_float_3_3
Parameters: 0.999993 -0.00140039 -0.00340922 0.00129362 0.999518 -0.0310106 0.00345077 0.0310064 0.999513 0.00158869 0.953724 0.291746
FixedParameters: 0 0 0

#Transform 74
Transform: AffineTransform_float_3_3
Parameters: 0.999992 -0.00126265 -0.00385098 0.00114635 0.999552 -0.0298876 0.00388699 0.0298833 0.999546 0.0145838 0.945934 0.192508
FixedParameters: 0 0 0

#Transform 75
Transform: AffineTransform_float_3_3
Parameters: 0.999992 -0.00114315 -0.00366843 0.00103983 0.999608 -0.027998 0.00369956 0.027994 0.999601 0.00295766 0.936795 0.126924
FixedParameters: 0 0 0

#Transform 76
Transform: AffineTransform_float_3_3
Parameters: 0.999992 -0.000712576 -0.00409201 0.000607426 0.999669 -0.0257437 0.004109 0.0257413 0.99966 0.0142241 0.920509 0.138707
FixedParameters: 0 0 0

#Transform 77
Transform: AffineTransform_float_3_3
Parameters: 0.999989 -0.0010609 -0.00443264 0.000944097 0.999654 -0.0262904 0.00445936 0.0262865 0.999644 0.0318044 0.927984 0.11423
FixedParameters: 0 0 0

#Transform 78
Transform: AffineTransform_float_3_3
Parameters: 0.99999 -0.00113204 -0.00419214 0.00101497 0.999612 -0.0278155 0.00422186 0.0278115 0.999605 0.0137388 0.982311 0.094047
FixedParameters: 0 0 0

#Transform 79
Transform: AffineTransform_float_3_3
Parameters: 0.999993 -0.000490136 -0.00367292 0.000388863 0.999622 -0.0274856 0.00368508 0.0274844 0.999616 -0.023335 0.989561 0.168889
FixedParameters: 0 0 0

#Transform 80
Transform: AffineTransform_float_3_3
Parameters: 0.999991 -0.000508576 -0.00421328 0.000389429 0.999599 -0.0283339 0.00422573 0.0283311 0.999589 -0.00167797 0.976696 0.126067
FixedParameters: 0 0 0

#Transform 81
Transform: AffineTransform_float_3_3
Parameters: 0.999988 -0.000528379 -0.00501026 0.000389626 0.999614 -0.0277793 0.00502277 0.0277767 0.999602 0.0247158 1.01097 0.146355
FixedParameters: 0 0 0

#Transform 82
Transform: AffineTransform_float_3_3
Parameters: 0.999984 -0.00146739 -0.0055648 0.00131364 0.999622 -0.0274678 0.00560219 0.0274602 0.999607 0.057121 1.01301 0.106508
FixedParameters: 0 0 0

#Transform 83
Transform: AffineTransform_float_3_3
Parameters: 0.999986 -0.00120802 -0.00519581 0.001065 0.999623 -0.0274419 0.00522619 0.0274361 0.99961 0.0363905 1.01947 0.170206
FixedParameters: 0 0 0

#Transform 84
Transform: AffineTransform_float_3_3
Parameters: 0.999986 -0.00120155 -0.00525262 0.00106544 0.999664 -0.025923 0.00528239 0.025917 0.99965 0.0445439 0.949082 0.0896037
FixedParameters: 0 0 0

#Transform 85
Transform: AffineTransform_float_3_3
Parameters: 0.999984 -0.00115343 -0.00550498 0.00100457 0.999638 -0.02689 0.00553401 0.026884 0.999623 0.035164 0.978586 0.0632026
FixedParameters: 0 0 0

#Transform 86
Transform: AffineTransform_float_3_3
Parameters: 0.999985 -0.000957935 -0.00537864 0.000816057 0.999653 -0.0263288 0.00540236 0.0263242 0.999639 0.0222709 0.97637 0.055415
FixedParameters: 0 0 0

#Transform 87
Transform: AffineTransform_float_3_3
Parameters: 0.999986 -0.00121004 -0.00525067 0.00106495 0.99962 -0.027538 0.00528233 0.027532 0.999607 0.0164134 1.00492 0.0694545
FixedParameters: 0 0 0

#Transform 88
Transform: AffineTransform_float_3_3
Parameters: 0.999986 -0.00120634 -0.00525153 0.00106465 0.99964 -0.026834 0.00528247 0.026828 0.999626 0.0161121 0.996495 0.127067
FixedParameters: 0 0 0

#Transform 89
Transform: AffineTransform_float_3_3
Parameters: 0.999986 -0.00120193 -0.00525254 0.00106506 0.999662 -0.025995 0.00528247 0.025988 0.999649 0.0264793 0.933154 0.0964824
FixedParameters: 0 0 0

#Transform 90
Transform: AffineTransform_float_3_3
Parameters: 0.999985 -0.00104591 -0.00525488 0.000899085 0.999611 -0.0278821 0.00528212 0.0278769 0.999598 0.0387181 1.02869 0.103595
FixedParameters: 0 0 0

#Transform 91
Transform: AffineTransform_float_3_3
Parameters: 0.999989 -0.000870665 -0.00475292 0.000727335 0.999546 -0.0301448 0.0047771 0.0301412 0.999534 0.0272574 1.06267 0.143672
FixedParameters: 0 0 0

#Transform 92
Transform: AffineTransform_float_3_3
Parameters: 0.999985 -0.00102948 -0.00525424 0.000875532 0.999576 -0.029129 0.00528174 0.029124 0.999562 0.0198686 1.05409 0.129486
FixedParameters: 0 0 0

#Transform 93
Transform: AffineTransform_float_3_3
Parameters: 0.999986 -0.000558383 -0.00526769 0.000400605 0.999555 -0.0298315 0.0052823 0.0298285 0.999541 0.0389259 1.13575 0.152791
FixedParameters: 0 0 0

#Transform 94
Transform: AffineTransform_float_3_3
Parameters: 0.999986 -0.000470871 -0.00527057 0.000318116 0.999581 -0.0289681 0.00528243 0.0289659 0.999567 0.0330451 1.05907 0.0982251
FixedParameters: 0 0 0

#Transform 95
Transform: AffineTransform_float_3_3
Parameters: 0.999986 -0.000443904 -0.00527135 0.000291078 0.99958 -0.028972 0.00528265 0.0289701 0.999567 0.0235473 1.03161 0.0665409
FixedParameters: 0 0 0

#Transform 96
Transform: AffineTransform_float_3_3
Parameters: 0.999982 -0.000962272 -0.00587999 0.000786734 0.999558 -0.0297372 0.00590601 0.0297329 0.999541 0.0534652 1.08343 0.0502711
FixedParameters: 0 0 0

#Transform 97
Transform: AffineTransform_float_3_3
Parameters: 0.999982 -0.000830761 -0.00595603 0.000644239 0.999516 -0.0311234 0.00597894 0.0311186 0.999498 0.0515388 1.12341 0.0435723
FixedParameters: 0 0 0

#Transform 98
Transform: AffineTransform_float_3_3
Parameters: 0.99999 -0.000399953 -0.00429677 0.000234036 0.999256 -0.0385544 0.00430923 0.0385526 0.999248 0.0149408 1.2158 0.136781
FixedParameters: 0 0 0

#Transform 99
Transform: AffineTransform_float_3_3
Parameters: 0.999985 -0.000428511 -0.00532387 0.00023248 0.999328 -0.0366708 0.00533611 0.0366683 0.999313 0.0360738 1.20084 0.133665
FixedParameters: 0 0 0

#Transform 100
Transform: AffineTransform_float_3_3
Parameters: 0.999986 -0.000704564 -0.00538429 0.000512415 0.999363 -0.0356813 0.00540673 0.0356787 0.999348 0.0250352 1.19951 0.0595679
FixedParameters: 0 0 0

#Transform 101
Transform: AffineTransform_float_3_3
Parameters: 0.999985 -0.000967124 -0.00527715 0.000786881 0.99942 -0.0340286 0.00530685 0.0340243 0.999407 0.0196708 1.167 0.0257551
FixedParameters: 0 0 0

#Transform 102
Transform: AffineTransform_float_3_3
Parameters: 0.999985 -0.000892337 -0.0055398 0.000703653 0.999418 -0.0340864 0.00556722 0.0340815 0.999403 0.0450539 1.1175 0.0203904
FixedParameters: 0 0 0

#Transform 103
Transform: AffineTransform_float_3_3
Parameters: 0.999984 -0.00064006 -0.00573743 0.000443954 0.999412 -0.0342821 0.0057556 0.0342789 0.999395 0.035734 1.21942 0.0763911
FixedParameters: 0 0 0

#Transform 104
Transform: AffineTransform_float_3_3
Parameters: 0.999986 -0.000355359 -0.00529821 0.000182645 0.999465 -0.0326854 0.0053068 0.0326836 0.999451 0.0251282 1.17423 0.0719517
FixedParameters: 0 0 0

#Transform 105
Transform: AffineTransform_float_3_3
Parameters: 0.999986 -0.000403983 -0.00529664 0.00023104 0.999468 -0.0326187 0.00530636 0.0326173 0.999454 0.0269681 1.15491 0.0385323
FixedParameters: 0 0 0

#Transform 106
Transform: AffineTransform_float_3_3
Parameters: 0.999985 -0.00053372 -0.00540539 0.000356263 0.999461 -0.0328254 0.00542061 0.0328236 0.999446 0.0328791 1.13806 0.00146037
FixedParameters: 0 0 0

#Transform 107
Transform: AffineTransform_float_3_3
Parameters: 0.999986 -0.000966648 -0.00531846 0.000786338 0.999433 -0.0336767 0.00534851 0.0336723 0.999418 0.0208746 1.21781 0.0357122
FixedParameters: 0 0 0

#Transform 108
Transform: AffineTransform_float_3_3
Parameters: 0.999989 -0.00089908 -0.00459919 0.000748928 0.999471 -0.0325298 0.00462581 0.0325262 0.99946 0.0291296 1.15692 0.130205
FixedParameters: 0 0 0

#Transform 109
Transform: AffineTransform_float_3_3
Parameters: 0.999989 -0.000779082 -0.004773 0.000622921 0.999461 -0.0328233 0.00479603 0.0328206 0.99945 0.014431 1.1022 0.149886
FixedParameters: 0 0 0

#Transform 110
Transform: AffineTransform_float_3_3
Parameters: 0.999985 -0.000611909 -0.00555188 0.000429088 0.999459 -0.0328869 0.00556912 0.0328841 0.999443 0.0300042 1.20899 0.168973
FixedParameters: 0 0 0

#Transform 111
Transform: AffineTransform_float_3_3
Parameters: 0.999985 -0.000519688 -0.00534049 0.000339298 0.99943 -0.0337783 0.00535552 0.0337767 0.999415 0.019784 1.15139 0.199417
FixedParameters: 0 0 0

#Transform 112
Transform: AffineTransform_float_3_3
Parameters: 0.999988 -0.000116933 -0.0050409 -5.09367e-05 0.999446 -0.0333012 0.0050421 0.0333008 0.999432 -0.00449042 1.1228 0.166537
FixedParameters: 0 0 0

#Transform 113
Transform: AffineTransform_float_3_3
Parameters: 0.99999 0.000135182 -0.00442072 -0.000294828 0.999353 -0.035945 0.00441326 0.0359459 0.999344 -0.0185409 1.28389 0.0323708
FixedParameters: 0 0 0

#Transform 114
Transform: AffineTransform_float_3_3
Parameters: 0.999995 0.000557517 -0.00317398 -0.000666483 0.999412 -0.0342811 0.003153 0.0342829 0.999407 -0.0556307 1.19771 0.0724904
FixedParameters: 0 0 0

#Transform 115
Transform: AffineTransform_float_3_3
Parameters: 0.999989 0.000315937 -0.00470858 -0.000467077 0.999484 -0.0321162 0.00469642 0.0321178 0.999473 -0.0229308 1.1691 0.111526
FixedParameters: 0 0 0

#Transform 116
Transform: AffineTransform_float_3_3
Parameters: 0.999987 0.000665883 -0.0051915 -0.000835134 0.999467 -0.0326421 0.00516749 0.0326459 0.999453 -0.016028 1.22991 0.131872
FixedParameters: 0 0 0

#Transform 117
Transform: AffineTransform_float_3_3
Parameters: 0.999985 0.00101541 -0.00525959 -0.00118461 0.999476 -0.0323422 0.00522442 0.0323478 0.999463 -0.0170688 1.17753 0.121497
FixedParameters: 0 0 0

#Transform 118
Transform: AffineTransform_float_3_3
Parameters: 0.999985 0.0010167 -0.0054034 -0.00118532 0.999512 -0.0312361 0.00536959 0.031242 0.999498 -0.0274902 1.16755 0.0234548
FixedParameters: 0 0 0

#Transform 119
Transform: AffineTransform_float_3_3
Parameters: 0.999983 0.000832269 -0.0056562 -0.00101073 0.999498 -0.0316708 0.00562681 0.0316752 0.999483 -0.0144196 1.10358 0.0505264
FixedParameters: 0 0 0

#Transform 120
Transform: AffineTransform_float_3_3
Parameters: 0.999983 0.00100482 -0.00584783 -0.00118518 0.999522 -0.0308896 0.00581416 0.0308964 0.999505 -0.00725811 1.16929 0.071714
FixedParameters: 0 0 0

#Transform 121
Transform: AffineTransform_float_3_3
Parameters: 0.999984 0.000737116 -0.00572871 -0.000915894 0.999515 -0.0311112 0.00570326 0.0311157 0.999499 -0.0129256 1.12537 0.0535401
FixedParameters: 0 0 0

#Transform 122
Transform: AffineTransform_float_3_3
Parameters: 0.999985 0.00101333 -0.00527787 -0.00118468 0.999467 -0.0326262 0.00524213 0.0326318 0.999453 -0.0401727 1.19246 0.0591632
FixedParameters: 0 0 0

#Transform 123
Transform: AffineTransform_float_3_3
Parameters: 0.999987 0.00037107 -0.00497339 -0.000538949 0.999428 -0.0338067 0.00495861 0.0338093 0.999416 -0.0378971 1.30465 -0.014122
FixedParameters: 0 0 0

#Transform 124
Transform: AffineTransform_float_3_3
Parameters: 0.999986 0.000423433 -0.00514201 -0.000594567 0.999441 -0.0334104 0.00512499 0.0334126 0.999428 -0.0328703 1.23927 0.0598277
FixedParameters: 0 0 0

#Transform 125
Transform: AffineTransform_float_3_3
Parameters: 0.999987 0.000797273 -0.00490326 -0.000955717 0.99948 -0.0322497 0.00487471 0.0322543 0.999468 -0.0367528 1.24271 0.0695659
FixedParameters: 0 0 0

#Transform 126
Transform: AffineTransform_float_3_3
Parameters: 0.999986 0.000725221 -0.00538245 -0.000899763 0.99947 -0.0325406 0.00535556 0.0325454 0.999456 -0.0232653 1.33995 0.110569
FixedParameters: 0 0 0

#Transform 127
Transform: AffineTransform_float_3_3
Parameters: 0.999986 0.000723132 -0.00538274 -0.000899876 0.999458 -0.0329287 0.00535627 0.0329334 0.999443 -0.0229077 1.35083 0.0463842
FixedParameters: 0 0 0

#Transform 128
Transform: AffineTransform_float_3_3
Parameters: 0.999982 0.000945625 -0.00604786 -0.00115738 0.999385 -0.0350427 0.00601114 0.0350494 0.999368 -0.0425224 1.40796 0.0589115
FixedParameters: 0 0 0

#Transform 129
Transform: AffineTransform_float_3_3
Parameters: 0.999981 0.000675128 -0.00604039 -0.000899851 0.999303 -0.0373022 0.00601061 0.0373077 0.999286 -0.0248577 1.35221 0.102731
FixedParameters: 0 0 0

#Transform 130
Transform: AffineTransform_float_3_3
Parameters: 0.999994 0.000455622 -0.00362936 -0.000571368 0.999493 -0.0318532 0.00361263 0.0318549 0.999486 -0.0513956 1.19901 0.132544
FixedParameters: 0 0 0

#Transform 131
Transform: AffineTransform_float_3_3
Parameters: 0.999993 0.000367059 -0.00367736 -0.000489931 0.999439 -0.0334874 0.00366265 0.0334886 0.999433 -0.0342188 1.38138 0.0230341
FixedParameters: 0 0 0

#Transform 132
Transform: AffineTransform_float_3_3
Parameters: 0.999991 0.000936028 -0.00398335 -0.00109 0.999246 -0.038829 0.00394465 0.038833 0.999238 -0.0393448 1.40126 0.121603
FixedParameters: 0 0 0

#Transform 133
Transform: AffineTransform_float_3_3
Parameters: 0.999989 0.00073832 -0.00466389 -0.000951685 0.998942 -0.0459811 0.00462513 0.0459849 0.998932 -0.107689 1.33325 0.304235
FixedParameters: 0 0 0

#Transform 134
Transform: AffineTransform_float_3_3
Parameters: 0.999986 -0.000326489 -0.00514851 -9.35287e-05 0.996676 -0.0814606 0.00515852 0.0814604 0.996663 -0.166041 1.88985 1.16426
FixedParameters: 0 0 0

#Transform 135
Transform: AffineTransform_float_3_3
Parameters: 0.999991 -0.000299833 -0.00422342 -2.08036e-05 0.997126 -0.0757616 0.00423359 0.0757604 0.997117 -0.180676 1.69271 1.06694
FixedParameters: 0 0 0

#Transform 136
Transform: AffineTransform_float_3_3
Parameters: 0.999991 -0.000797467 -0.00411489 0.000496525 0.99735 -0.0727497 0.00416215 0.0727473 0.997341 -0.183473 1.71513 1.04145
FixedParameters: 0 0 0

#Transform 137
Transform: AffineTransform_float_3_3
Parameters: 0.999989 -0.000993955 -0.00442521 0.000668061 0.997328 -0.0730597 0.00448579 0.0730563 0.997317 -0.170411 1.70997 0.985264
FixedParameters: 0 0 0

#Transform 138
Transform: AffineTransform_float_3_3
Parameters: 0.999991 -0.00121623 -0.00422886 0.000906757 0.997361 -0.0726036 0.0043062 0.0725995 0.997352 -0.165438 1.70242 0.987379
FixedParameters: 0 0 0

#Transform 139
Transform: AffineTransform_float_3_3
Parameters: 0.99999 -0.00121048 -0.0041735 0.00090655 0.997389 -0.0722015 0.00424954 0.0721965 0.997382 -0.167947 1.69472 0.948179
FixedParameters: 0 0 0

#Transform 140
Transform: AffineTransform_float_3_3
Parameters: 0.999991 -0.00119245 -0.0042092 0.000906564 0.997725 -0.0674105 0.00427985 0.0674056 0.997717 -0.166658 1.63425 0.871737
FixedParameters: 0 0 0

#Transform 141
Transform: AffineTransform_float_3_3
Parameters: 0.999993 -0.00067332 -0.00372133 0.000431703 0.99792 -0.0644721 0.00375665 0.0644699 0.997912 -0.172043 1.52223 0.794713
FixedParameters: 0 0 0

#Transform 142
Transform: AffineTransform_float_3_3
Parameters: 0.999991 -0.000699191 -0.00436012 0.00041782 0.99794 -0.0641615 0.00439587 0.0641596 0.99793 -0.1354 1.59964 0.977816
FixedParameters: 0 0 0

#Transform 143
Transform: AffineTransform_float_3_3
Parameters: 0.999991 -0.000662872 -0.00436324 0.000379142 0.997902 -0.0647423 0.00439677 0.0647397 0.997893 -0.151441 1.51791 0.977821
FixedParameters: 0 0 0

#Transform 144
Transform: AffineTransform_float_3_3
Parameters: 0.999991 -0.000273707 -0.00419408 4.29965e-06 0.997939 -0.0641716 0.00420294 0.0641714 0.99793 -0.15264 1.55537 0.827144
FixedParameters: 0 0 0

#Transform 145
Transform: AffineTransform_float_3_3
Parameters: 0.999991 -0.000429215 -0.00419135 0.000165807 0.998038 -0.0625992 0.00420964 0.0625977 0.99803 -0.145016 1.50417 0.727624
FixedParameters: 0 0 0

#Transform 146
Transform: AffineTransform_float_3_3
Parameters: 0.999991 0.00069703 -0.00435723 -0.000937011 0.998469 -0.0553165 0.00431277 0.0553206 0.99846 -0.112915 1.53472 0.602103
FixedParameters: 0 0 0

#Transform 147
Transform: AffineTransform_float_3_3
Parameters: 0.999987 0.00114211 -0.00485065 -0.00141891 0.998347 -0.0574688 0.00477734 0.0574752 0.998335 -0.130434 1.55383 0.784792
FixedParameters: 0 0 0

#Transform 148
Transform: AffineTransform_float_3_3
Parameters: 0.999991 0.000808507 -0.00428398 -0.0010715 0.998099 -0.06163 0.004226 0.061634 0.99809 -0.142811 1.56309 0.835636
FixedParameters: 0 0 0

#Transform 149
Transform: AffineTransform_float_3_3
Parameters: 0.99999 -0.000404035 -0.00431986 0.00012202 0.99788 -0.0650902 0.00433614 0.0650889 0.99787 -0.126464 1.51203 0.811583
FixedParameters: 0 0 0

#Transform 150
Transform: AffineTransform_float_3_3
Parameters: 0.999989 -0.000413491 -0.00452242 0.000108468 0.99773 -0.0673432 0.00454061 0.0673418 0.997719 -0.135433 1.57452 0.966976
FixedParameters: 0 0 0

#Transform 151
Transform: AffineTransform_float_3_3
Parameters: 0.999988 9.71834e-05 -0.00475059 -0.000430779 0.997525 -0.0703188 0.00473142 0.0703193 0.997514 -0.141341 1.49352 0.951056
FixedParameters: 0 0 0

#Transform 152
Transform: AffineTransform_float_3_3
Parameters: 0.999991 0.000412227 -0.00425561 -0.000710799 0.997516 -0.0704456 0.0042164 0.0704484 0.997506 -0.161847 1.44843 0.888148
FixedParameters: 0 0 0

#Transform 153
Transform: AffineTransform_float_3_3
Parameters: 0.999989 0.000532624 -0.00478229 -0.000873359 0.997444 -0.0714577 0.00473169 0.0714604 0.997432 -0.145755 1.51822 0.77033
FixedParameters: 0 0 0

#Transform 154
Transform: AffineTransform_float_3_3
Parameters: 0.999988 6.88581e-05 -0.00474931 -0.000411118 0.997399 -0.0720768 0.00473167 0.0720781 0.997388 -0.14908 1.55523 0.790676
FixedParameters: 0 0 0

#Transform 155
Transform: AffineTransform_float_3_3
Parameters: 0.999989 0.000210178 -0.00466869 -0.00054077 0.997478 -0.0709713 0.00464133 0.0709738 0.997468 -0.14246 1.52278 0.899475
FixedParameters: 0 0 0

#Transform 156
Transform: AffineTransform_float_3_3
Parameters: 0.999989 0.00021331 -0.00454123 -0.000532674 0.997527 -0.0702923 0.00451472 0.0702937 0.997516 -0.146112 1.48538 0.870441
FixedParameters: 0 0 0

#Transform 157
Transform: AffineTransform_float_3_3
Parameters: 0.999986 0.000532597 -0.00522643 -0.000899438 0.997521 -0.0703553 0.00517655 0.0703597 0.997509 -0.141932 1.517 0.711746
FixedParameters: 0 0 0

#Transform 158
Transform: AffineTransform_float_3_3
Parameters: 0.999987 0.000460163 -0.00521547 -0.000826807 0.997507 -0.0705546 0.00516955 0.0705573 0.997495 -0.14287 1.51679 0.701275
FixedParameters: 0 0 0

#Transform 159
Transform: AffineTransform_float_3_3
Parameters: 0.999983 0.00042998 -0.00579522 -0.000827007 0.997639 -0.0686814 0.00575178 0.0686846 0.997622 -0.142914 1.46799 0.773534
FixedParameters: 0 0 0

#Transform 160
Transform: AffineTransform_float_3_3
Parameters: 0.999982 0.000410541 -0.00609443 -0.000827498 0.997651 -0.0684902 0.00605254 0.0684937 0.997633 -0.133777 1.46607 0.705352
FixedParameters: 0 0 0

#Transform 161
Transform: AffineTransform_float_3_3
Parameters: 0.99998 0.000391038 -0.00619997 -0.000826965 0.997514 -0.0704712 0.00615702 0.0704748 0.997494 -0.137039 1.50926 0.798545
FixedParameters: 0 0 0

#Transform 162
Transform: AffineTransform_float_3_3
Parameters: 0.999978 0.000405411 -0.00664632 -0.000881644 0.997414 -0.0718628 0.00660071 0.0718663 0.997393 -0.117854 1.48356 0.765636
FixedParameters: 0 0 0

#Transform 163
Transform: AffineTransform_float_3_3
Parameters: 0.999976 0.000433269 -0.00699835 -0.000935701 0.997404 -0.0719922 0.00694867 0.0719977 0.99738 -0.106939 1.55098 0.730678
FixedParameters: 0 0 0

#Transform 164
Transform: AffineTransform_float_3_3
Parameters: 0.999981 0.000375755 -0.00612348 -0.000827285 0.997268 -0.0738563 0.0060795 0.0738596 0.99725 -0.133537 1.53273 0.799895
FixedParameters: 0 0 0

#Transform 165
Transform: AffineTransform_float_3_3
Parameters: 0.999978 0.000186232 -0.00673303 -0.000672765 0.997388 -0.0722171 0.00670192 0.0722199 0.997366 -0.116341 1.54095 0.669727
FixedParameters: 0 0 0

#Transform 166
Transform: AffineTransform_float_3_3
Parameters: 0.999982 0.000206916 -0.00600892 -0.000643093 0.997357 -0.0726624 0.00597807 0.0726645 0.997338 -0.13855 1.54368 0.818209
FixedParameters: 0 0 0

#Transform 167
Transform: AffineTransform_float_3_3
Parameters: 0.999981 0.000166691 -0.00619047 -0.00061635 0.997358 -0.0726506 0.00616251 0.0726525 0.997339 -0.140039 1.57399 0.764018
FixedParameters: 0 0 0

#Transform 168
Transform: AffineTransform_float_3_3
Parameters: 0.99998 -7.50574e-05 -0.00634637 -0.000387031 0.997349 -0.0727741 0.00633463 0.072775 0.997329 -0.131234 1.57261 0.852047
FixedParameters: 0 0 0

#Transform 169
Transform: AffineTransform_float_3_3
Parameters: 0.999982 0.000243101 -0.00602843 -0.000678863 0.997374 -0.0724102 0.00599458 0.0724137 0.997356 -0.13803 1.55153 0.858759
FixedParameters: 0 0 0

#Transform 170
Transform: AffineTransform_float_3_3
Parameters: 0.999981 0.000127935 -0.00627817 -0.000576058 0.997446 -0.0714198 0.00625283 0.0714212 0.997426 -0.13098 1.58261 0.771034
FixedParameters: 0 0 0

#Transform 171
Transform: AffineTransform_float_3_3
Parameters: 0.999982 -4.77087e-05 -0.00598334 -0.000386757 0.997359 -0.072631 0.00597168 0.072632 0.997341 -0.141815 1.56733 0.886268
FixedParameters: 0 0 0

#Transform 172
Transform: AffineTransform_float_3_3
Parameters: 0.999982 -5.35057e-05 -0.00609806 -0.000386503 0.997389 -0.072213 0.00608598 0.072214 0.99737 -0.132864 1.5546 0.784791
FixedParameters: 0 0 0

#Transform 173
Transform: AffineTransform_float_3_3
Parameters: 0.999981 -5.79129e-05 -0.00619083 -0.000386925 0.997416 -0.071841 0.00617917 0.071842 0.997397 -0.135385 1.58622 0.817037
FixedParameters: 0 0 0

#Transform 174
Transform: AffineTransform_float_3_3
Parameters: 0.999982 -4.08094e-05 -0.00587961 -0.000386838 0.99735 -0.072742 0.00586741 0.072743 0.997334 -0.132694 1.70894 0.891006
FixedParameters: 0 0 0

#Transform 175
Transform: AffineTransform_float_3_3
Parameters: 0.999971 -0.000237612 -0.00760947 -0.000219585 0.998193 -0.06008 0.00760955 0.0600799 0.998164 -0.0977428 1.96488 1.14297
FixedParameters: 0 0 0

#Transform 176
Transform: AffineTransform_float_3_3
Parameters: 0.99998 0.00103199 -0.00634345 -0.00136599 0.9986 -0.0528774 0.00627955 0.0528856 0.998581 -0.140828 1.79148 1.23758
FixedParameters: 0 0 0

#Transform 177
Transform: AffineTransform_float_3_3
Parameters: 0.999984 0.000412281 -0.00575644 -0.000789752 0.997846 -0.0655945 0.00571751 0.0655984 0.997829 -0.193349 1.79753 1.23949
FixedParameters: 0 0 0

#Transform 178
Transform: AffineTransform_float_3_3
Parameters: 0.999982 0.000394159 -0.00587092 -0.000788843 0.997725 -0.0674035 0.00583108 0.0674074 0.997708 -0.181576 1.68978 1.13137
FixedParameters: 0 0 0

#Transform 179
Transform: AffineTransform_float_3_3
Parameters: 0.999978 0.000340986 -0.0065597 -0.000788966 0.997656 -0.0684173 0.0065203 0.0684207 0.997635 -0.143706 1.61626 0.655886
FixedParameters: 0 0 0

#Transform 180
Transform: AffineTransform_float_3_3
Parameters: 0.999977 6.78263e-05 -0.00681415 -0.00052823 0.997715 -0.067553 0.00679484 0.067555 0.997693 -0.131173 1.58069 0.733465
FixedParameters: 0 0 0

#Transform 181
Transform: AffineTransform_float_3_3
Parameters: 0.999983 0.000747236 -0.00567862 -0.00113078 0.997705 -0.0677027 0.00561532 0.0677083 0.99769 -0.184997 1.54334 0.719448
FixedParameters: 0 0 0

#Transform 182
Transform: AffineTransform_float_3_3
Parameters: 0.999982 0.000424168 -0.00586968 -0.000816855 0.997747 -0.0670864 0.00582833 0.0670896 0.99773 -0.178947 1.50492 0.666699
FixedParameters: 0 0 0

#Transform 183
Transform: AffineTransform_float_3_3
Parameters: 0.999979 0.000927996 -0.00630626 -0.00131999 0.998047 -0.0624439 0.00623574 0.062451 0.998028 -0.139779 1.52728 0.521427
FixedParameters: 0 0 0

#Transform 184
Transform: AffineTransform_float_3_3
Parameters: 0.999998 0.00163998 -0.00150528 -0.001753 0.996918 -0.0784396 0.00137172 0.0784424 0.996917 -0.318077 1.72212 0.212209
FixedParameters: 0 0 0

#Transform 185
Transform: AffineTransform_float_3_3
Parameters: 0.999997 0.000887347 -0.00258078 -0.00111668 0.995905 -0.0903924 0.00249026 0.0903945 0.995903 -0.329202 2.18297 -0.181965
FixedParameters: 0 0 0

#Transform 186
Transform: AffineTransform_float_3_3
Parameters: 0.99999 0.000394311 -0.00430642 -0.000738655 0.996787 -0.0801016 0.00426052 0.0801035 0.996778 -0.246579 2.14004 -0.351656
FixedParameters: 0 0 0

#Transform 187
Transform: AffineTransform_float_3_3
Parameters: 0.999993 1.36958e-05 -0.00390411 -0.000319299 0.996916 -0.0784673 0.00389094 0.0784676 0.996909 -0.27456 2.11032 -0.213265
FixedParameters: 0 0 0

#Transform 188
Transform: AffineTransform_float_3_3
Parameters: 0.999992 0.000213043 -0.00381669 -0.000505902 0.997037 -0.0769206 0.00378831 0.0769224 0.99703 -0.249649 2.04118 -0.15728
FixedParameters: 0 0 0

#Transform 189
Transform: AffineTransform_float_3_3
Parameters: 0.999992 0.000245655 -0.00417246 -0.000560307 0.997146 -0.0755043 0.00414152 0.0755067 0.997136 -0.22592 1.95144 -0.0911804
FixedParameters: 0 0 0

#Transform 190
Transform: AffineTransform_float_3_3
