#Insight Transform File V1.0
#Transform 0
Transform: AffineTransform_float_3_3
Parameters: 1 4.7844e-08 5.4e-05 4.7844e-08 0.999999 -0.000885999 -5.4e-05 0.000885999 0.999999 0.00653358 -0.0210396 0.379319
FixedParameters: 0 0 0

#Transform 1
Transform: AffineTransform_float_3_3
Parameters: 1 -8.2764e-08 0.000171 -8.2764e-08 1 0.000484 -0.000171 -0.000484 1 0.00240823 0.0257072 0.0346142
FixedParameters: 0 0 0

#Transform 2
Transform: AffineTransform_float_3_3
Parameters: 1 0.000177071 0.000170926 -0.000176929 1 -0.00041703 -0.000171074 0.00041697 1 -0.00114496 4.65062e-05 -0.0111319
FixedParameters: 0 0 0

#Transform 3
Transform: AffineTransform_float_3_3
Parameters: 1 0.000311038 0.000170931 -0.000310962 1 -0.000222053 -0.000171069 0.000221947 1 -0.00694285 0.023517 -0.0562075
FixedParameters: 0 0 0

#Transform 4
Transform: AffineTransform_float_3_3
Parameters: 1 0.000249033 0.000170952 -0.000248967 1 -0.000194043 -0.000171048 0.000193957 1 -0.00718005 0.0545596 -0.119881
FixedParameters: 0 0 0

#Transform 5
Transform: AffineTransform_float_3_3
Parameters: 1 0.000107977 0.000233011 -0.000108023 1 9.99748e-05 -0.000232989 -0.000100025 1 -0.00493501 0.0325222 -0.0906506
FixedParameters: 0 0 0

#Transform 6
Transform: AffineTransform_float_3_3
Parameters: 1 0.000295969 0.000275033 -0.000296031 1 0.000112919 -0.000274967 -0.000113081 1 -0.000215515 0.0627752 -0.12114
FixedParameters: 0 0 0

#Transform 7
Transform: AffineTransform_float_3_3
Parameters: 1 0.000168973 0.000171027 -0.000169027 1 0.000158971 -0.000170973 -0.000159029 1 0.00122853 0.0663214 -0.132949
FixedParameters: 0 0 0

#Transform 8
Transform: AffineTransform_float_3_3
Parameters: 1 0.000364063 0.000170865 -0.000364937 1 -0.000370062 -0.000171135 0.000369938 1 -0.00209852 0.0749621 -0.162037
FixedParameters: 0 0 0

#Transform 9
Transform: AffineTransform_float_3_3
Parameters: 1 0.000529124 0.000170616 -0.000528876 0.999999 -0.00072509 -0.000171383 0.000724909 0.999999 -0.00338765 0.0706342 -0.132854
FixedParameters: 0 0 0

#Transform 10
Transform: AffineTransform_float_3_3
Parameters: 0.999999 0.000710108 0.000170548 -0.000709891 0.999999 -0.000637121 -0.000170452 0.000636879 1 -0.00234368 0.0617211 -0.127273
FixedParameters: 0 0 0

#Transform 11
Transform: AffineTransform_float_3_3
Parameters: 1 0.000489102 0.000170708 -0.000488898 0.999999 -0.000596083 -0.000171291 0.000595916 1 -0.00838376 0.0644388 -0.155399
FixedParameters: 0 0 0

#Transform 12
Transform: AffineTransform_float_3_3
Parameters: 1 0.000540126 0.000170599 -0.000539873 0.999999 -0.000742092 -0.000170401 0.000741908 0.999999 -0.00956041 0.063631 -0.1758
FixedParameters: 0 0 0

#Transform 13
Transform: AffineTransform_float_3_3
Parameters: 1 0.000608064 0.000170773 -0.000607936 0.999999 -0.000374104 -0.000171227 0.000373896 1 -0.00883632 0.0964563 -0.194442
FixedParameters: 0 0 0

#Transform 14
Transform: AffineTransform_float_3_3
Parameters: 1 0.000612044 0.000170842 -0.000611956 1 -0.000258105 -0.000171158 0.000257895 1 -0.0188925 0.0828858 -0.195885
FixedParameters: 0 0 0

#Transform 15
Transform: AffineTransform_float_3_3
Parameters: 1 0.000606093 0.000170667 -0.000605906 0.999999 -0.000549103 -0.000171333 0.000548896 1 -0.0147555 0.0825391 -0.223882
FixedParameters: 0 0 0

#Transform 16
Transform: AffineTransform_float_3_3
Parameters: 1 0.000669107 0.000170577 -0.000668892 0.999999 -0.000632114 -0.000170423 0.000631886 1 -0.0174178 0.0810863 -0.238025
FixedParameters: 0 0 0

#Transform 17
Transform: AffineTransform_float_3_3
Parameters: 0.999999 0.000736148 0.000170364 -0.000735853 1 -0.000864126 -0.000170636 0.000863875 0.999999 -0.0187428 0.0605459 -0.214733
FixedParameters: 0 0 0

#Transform 18
Transform: AffineTransform_float_3_3
Parameters: 0.999999 0.000766859 -0.000131824 -0.000767141 0.999999 -0.0010749 0.000131175 0.0010751 1 -0.0125715 0.0964632 -0.233227
FixedParameters: 0 0 0

#Transform 19
Transform: AffineTransform_float_3_3
Parameters: 1 0.000679952 -0.000138232 -0.000680047 0.999999 -0.000341906 0.000137767 0.000342094 1 -0.0110589 0.0675452 -0.211573
FixedParameters: 0 0 0

#Transform 20
Transform: AffineTransform_float_3_3
Parameters: 1 0.000585927 -0.000236181 -0.000586073 1 -0.000308862 0.000235819 0.000309138 1 -0.00583568 0.0871311 -0.187904
FixedParameters: 0 0 0

#Transform 21
Transform: AffineTransform_float_3_3
Parameters: 1 0.000466818 -0.000270314 -0.000467182 0.999999 -0.000671873 0.000270686 0.000672126 0.999999 -0.005633 0.0846742 -0.207925
FixedParameters: 0 0 0

#Transform 22
Transform: AffineTransform_float_3_3
Parameters: 1 0.00050793 -0.000242146 -0.000507069 1 -0.000286877 0.000241854 0.000287123 1 -0.0130768 0.0671711 -0.214057
FixedParameters: 0 0 0

#Transform 23
Transform: AffineTransform_float_3_3
Parameters: 1 0.000585794 -0.000290415 -0.000586205 0.999999 -0.000708829 0.000289584 0.000709169 0.999999 -0.00611026 0.0967239 -0.231878
FixedParameters: 0 0 0

#Transform 24
Transform: AffineTransform_float_3_3
Parameters: 1 0.000523683 -0.000331501 -0.000524318 1 -0.000956827 0.000331498 0.000957175 1 -0.00972654 0.121206 -0.262502
FixedParameters: 0 0 0

#Transform 25
Transform: AffineTransform_float_3_3
Parameters: 1 0.000300747 -0.000445171 -0.000301253 1 -0.000568866 0.000444828 0.000569134 0.999999 -0.0110114 0.126237 -0.30458
FixedParameters: 0 0 0

#Transform 26
Transform: AffineTransform_float_3_3
Parameters: 1 0.000504833 -0.000294286 -0.000505166 0.999999 -0.000565851 0.000293714 0.000566148 1 -0.010604 0.0938306 -0.278186
FixedParameters: 0 0 0

#Transform 27
Transform: AffineTransform_float_3_3
Parameters: 1 0.000379785 -0.000322254 -0.000379215 0.999999 -0.000667877 0.000321747 0.000667122 0.999999 -0.00899879 0.0683697 -0.267145
FixedParameters: 0 0 0

#Transform 28
Transform: AffineTransform_float_3_3
Parameters: 0.999999 0.000657712 -0.000395477 -0.000657286 0.999999 -0.00072574 0.000394523 0.000726259 0.999999 -0.0105721 0.129142 -0.287782
FixedParameters: 0 0 0

#Transform 29
Transform: AffineTransform_float_3_3
Parameters: 0.999999 0.000698936 -0.000335134 -0.000699064 0.999999 -0.000191766 0.000334866 0.000191234 1 -0.0120447 0.100223 -0.298275
FixedParameters: 0 0 0

#Transform 30
Transform: AffineTransform_float_3_3
Parameters: 0.999999 0.000663938 -0.000354115 -0.000664061 1 -0.000173765 0.000353884 0.000174235 1 -0.0094375 0.104269 -0.29504
FixedParameters: 0 0 0

#Transform 31
Transform: AffineTransform_float_3_3
Parameters: 0.999999 0.000656939 -0.00028714 -0.000657061 1 -0.000212811 0.00028686 0.000213188 1 -0.00891179 0.0687173 -0.257394
FixedParameters: 0 0 0

#Transform 32
Transform: AffineTransform_float_3_3
Parameters: 1 0.000584869 -0.00030625 -0.000584131 0.999999 -0.000427821 0.00030575 0.000428179 1 -0.0140141 0.0767163 -0.245148
FixedParameters: 0 0 0

#Transform 33
Transform: AffineTransform_float_3_3
Parameters: 1 0.000411966 -0.000257053 -0.000412033 1 -0.000129894 0.000256946 0.000130106 1 -0.0137012 0.138528 -0.293576
FixedParameters: 0 0 0

#Transform 34
Transform: AffineTransform_float_3_3
Parameters: 1 0.000586935 -0.000286134 -0.000587065 1 -0.000227832 0.000285866 0.000228168 1 -0.0184298 0.122553 -0.315873
FixedParameters: 0 0 0

#Transform 35
Transform: AffineTransform_float_3_3
Parameters: 1 0.000580823 -0.000291352 -0.000581177 0.999999 -0.00060683 0.000291647 0.000607169 1 -0.0149225 0.107087 -0.295125
FixedParameters: 0 0 0

#Transform 36
Transform: AffineTransform_float_3_3
Parameters: 0.999999 0.000568616 -0.000452483 -0.000569384 1 -0.000848743 0.000452516 0.000849258 0.999999 -0.0258361 0.0959253 -0.262738
FixedParameters: 0 0 0

#Transform 37
Transform: AffineTransform_float_3_3
Parameters: 0.999999 0.000707583 -0.000437676 -0.000708418 1 -0.000954691 0.000437324 0.00095431 1 -0.0186513 0.120777 -0.296594
FixedParameters: 0 0 0

#Transform 38
Transform: AffineTransform_float_3_3
Parameters: 1 0.000921325 -0.000677919 -0.000922676 0.999999 -0.000996376 0.000677081 0.000996625 1 -0.0215644 0.114306 -0.305011
FixedParameters: 0 0 0

#Transform 39
Transform: AffineTransform_float_3_3
Parameters: 1 0.000747721 -0.000649322 -0.000748279 0.999999 -0.000429514 0.000648679 0.000429485 0.999999 -0.0163605 0.099121 -0.262306
FixedParameters: 0 0 0

#Transform 40
Transform: AffineTransform_float_3_3
Parameters: 0.999999 0.000796761 -0.000595319 -0.000796238 0.999999 -0.000400526 0.000594681 0.000400474 0.999999 -0.0134835 0.117174 -0.277335
FixedParameters: 0 0 0

#Transform 41
Transform: AffineTransform_float_3_3
Parameters: 1 0.000816681 -0.000603432 -0.000817319 0.999999 -0.000528507 0.000603568 0.000528493 0.999999 -0.014495 0.108412 -0.274913
FixedParameters: 0 0 0

#Transform 42
Transform: AffineTransform_float_3_3
Parameters: 1 0.00085936 -0.000756728 -0.000859641 1 -0.000846351 0.000756273 0.000846651 1 -0.0128491 0.126659 -0.294398
FixedParameters: 0 0 0

#Transform 43
Transform: AffineTransform_float_3_3
Parameters: 1 0.000475833 -0.000450176 -0.000476167 1 -0.000370786 0.000450823 0.000371214 1 -0.0117892 0.046784 -0.236496
FixedParameters: 0 0 0

#Transform 44
Transform: AffineTransform_float_3_3
Parameters: 1 0.000548837 -0.000438203 -0.000549162 1 -0.000370759 0.000437796 0.00037124 1 -0.0162178 0.0935817 -0.253188
FixedParameters: 0 0 0

#Transform 45
Transform: AffineTransform_float_3_3
Parameters: 1 0.000619911 -0.00023923 -0.000620088 0.999999 -0.000370852 0.00023877 0.000371148 1 -0.0185379 0.0926207 -0.253004
FixedParameters: 0 0 0

#Transform 46
Transform: AffineTransform_float_3_3
Parameters: 1 0.000604809 -0.000310372 -0.00060519 0.999999 -0.000615812 0.000309627 0.000616187 1 -0.0171916 0.142726 -0.29756
FixedParameters: 0 0 0

#Transform 47
Transform: AffineTransform_float_3_3
Parameters: 0.999999 0.000690031 -0.000216901 -0.000689969 1 0.00014315 0.000217099 -0.00014285 1 -0.0209322 0.107793 -0.303066
FixedParameters: 0 0 0

#Transform 48
Transform: AffineTransform_float_3_3
Parameters: 0.999999 0.000651833 -0.000483225 -0.000652166 0.999999 -0.000344685 0.000482775 0.000344315 1 -0.0157893 0.111338 -0.275435
FixedParameters: 0 0 0

#Transform 49
Transform: AffineTransform_float_3_3
Parameters: 0.999999 0.000846603 -0.000453741 -0.000847397 1 -0.000875616 0.000453258 0.000875384 0.999999 -0.0204757 0.154367 -0.308782
FixedParameters: 0 0 0

#Transform 50
Transform: AffineTransform_float_3_3
Parameters: 1 0.000835937 -0.000563093 -0.000836062 0.999999 -0.000110529 0.000562907 0.000111471 1 -0.0286254 0.123406 -0.300911
FixedParameters: 0 0 0

#Transform 51
Transform: AffineTransform_float_3_3
Parameters: 0.999999 0.000832685 -0.000505519 -0.000833315 1 -0.000623579 0.00050448 0.00062442 0.999999 -0.0203623 0.119697 -0.287716
FixedParameters: 0 0 0

#Transform 52
Transform: AffineTransform_float_3_3
Parameters: 0.999999 0.000717397 -0.000395096 -0.000718602 0.999998 -0.00152672 0.000393903 0.00152728 0.999999 -0.0254275 0.163232 -0.270803
FixedParameters: 0 0 0

#Transform 53
Transform: AffineTransform_float_3_3
Parameters: 1 0.000793291 -0.000790713 -0.00079371 1 -0.000897373 0.000790289 0.000897628 1 -0.024983 0.120729 -0.266913
FixedParameters: 0 0 0

#Transform 54
Transform: AffineTransform_float_3_3
Parameters: 0.999999 0.0009168 -0.000383478 -0.0009172 1 -0.000521649 0.000382521 0.000522351 1 -0.0293556 0.13945 -0.294231
FixedParameters: 0 0 0

#Transform 55
Transform: AffineTransform_float_3_3
Parameters: 1 0.000908651 -0.000572556 -0.00090835 1 -0.00061148 0.000571445 0.00061152 0.999999 -0.0239391 0.126784 -0.284004
FixedParameters: 0 0 0

#Transform 56
Transform: AffineTransform_float_3_3
Parameters: 1 0.000945558 -0.000699597 -0.000945442 1 -0.000631339 0.000698402 0.000632661 0.999999 -0.0247893 0.158612 -0.305082
FixedParameters: 0 0 0

#Transform 57
Transform: AffineTransform_float_3_3
Parameters: 0.999999 0.00112148 -0.00106255 -0.00112152 1 -0.000491809 0.00106145 0.000492191 1 -0.0239833 0.137138 -0.3318
FixedParameters: 0 0 0

#Transform 58
Transform: AffineTransform_float_3_3
Parameters: 0.999999 0.0011127 -0.000914366 -0.0011123 1 -0.000328983 0.000913633 0.000330017 0.999999 -0.0310058 0.154806 -0.345076
FixedParameters: 0 0 0

#Transform 59
Transform: AffineTransform_float_3_3
Parameters: 1 0.000946642 -0.000729466 -0.00094736 1 -0.000492309 0.000729534 0.000492691 0.999999 -0.0319013 0.155507 -0.322984
FixedParameters: 0 0 0

#Transform 60
Transform: AffineTransform_float_3_3
Parameters: 0.999999 0.000915512 -0.000893502 -0.000915489 1 -0.000547183 0.0008925 0.000547818 1 -0.0313459 0.17759 -0.352257
FixedParameters: 0 0 0

#Transform 61
Transform: AffineTransform_float_3_3
Parameters: 0.999999 0.000932046 -0.00086595 -0.000931954 0.999999 5.3807e-05 0.00086605 -5.31928e-05 0.999999 -0.0330688 0.153403 -0.352811
FixedParameters: 0 0 0

#Transform 62
Transform: AffineTransform_float_3_3
Parameters: 1 0.000883025 -0.000750971 -0.000883975 0.999999 3.36638e-05 0.00075103 -3.33368e-05 0.999999 -0.0307181 0.155474 -0.335059
FixedParameters: 0 0 0

#Transform 63
Transform: AffineTransform_float_3_3
Parameters: 0.999999 0.0011028 -0.00065133 -0.0011032 1 -0.000299282 0.000650669 0.000300718 0.999999 -0.0315733 0.164216 -0.300232
FixedParameters: 0 0 0

#Transform 64
Transform: AffineTransform_float_3_3
Parameters: 0.999999 0.00121366 -0.000853489 -0.00121334 0.999999 -0.000402965 0.00085351 0.000404036 0.999999 -0.0306263 0.177301 -0.30889
FixedParameters: 0 0 0

#Transform 65
Transform: AffineTransform_float_3_3
Parameters: 0.999999 0.00117497 -0.000850035 -0.00117403 1 -3.00021e-05 0.000849964 3.09987e-05 0.999999 -0.0230655 0.162007 -0.314916
FixedParameters: 0 0 0

#Transform 66
Transform: AffineTransform_float_3_3
Parameters: 0.999999 0.00110065 -0.000857444 -0.00110135 1 -0.000403056 0.000857555 0.000403944 0.999999 -0.0262252 0.156756 -0.31474
FixedParameters: 0 0 0

#Transform 67
Transform: AffineTransform_float_3_3
Parameters: 0.999998 0.00127419 -0.00100703 -0.00127581 0.999999 -0.000805716 0.00100597 0.000806283 0.999999 -0.0252285 0.198316 -0.308738
FixedParameters: 0 0 0

#Transform 68
Transform: AffineTransform_float_3_3
Parameters: 0.999999 0.00119576 -0.00119624 -0.00119724 0.999998 -0.00103657 0.00119476 0.00103743 0.999998 -0.0252283 0.184938 -0.325885
FixedParameters: 0 0 0

#Transform 69
Transform: AffineTransform_float_3_3
Parameters: 0.999999 0.000932077 -0.00104582 -0.000932924 0.999999 -0.000883025 0.00104518 0.000883975 0.999999 -0.0244701 0.164941 -0.34365
FixedParameters: 0 0 0

#Transform 70
Transform: AffineTransform_float_3_3
Parameters: 0.999999 0.00109988 -0.000994129 -0.00110012 1 -0.000116906 0.00099387 0.000118093 0.999999 -0.0250473 0.177521 -0.351029
FixedParameters: 0 0 0

#Transform 71
Transform: AffineTransform_float_3_3
Parameters: 0.999999 0.0013708 -0.00102327 -0.0013712 0.999999 -0.000194597 0.00102273 0.000196402 1 -0.0252328 0.145429 -0.338693
FixedParameters: 0 0 0

#Transform 72
Transform: AffineTransform_float_3_3
Parameters: 0.999998 0.0013667 -0.000849478 -0.0013663 0.999999 -0.00034984 0.00084852 0.00035116 0.999999 -0.0313159 0.192063 -0.348296
FixedParameters: 0 0 0

#Transform 73
Transform: AffineTransform_float_3_3
Parameters: 0.999999 0.00137106 -0.00108492 -0.00137094 0.999999 5.64875e-05 0.00108408 -5.45138e-05 1 -0.0293863 0.164809 -0.349595
FixedParameters: 0 0 0

#Transform 74
Transform: AffineTransform_float_3_3
Parameters: 0.999999 0.00120746 -0.000960426 -0.00120754 0.999999 0.000476161 0.000961574 -0.00047484 1 -0.0257605 0.184599 -0.352322
FixedParameters: 0 0 0

#Transform 75
Transform: AffineTransform_float_3_3
Parameters: 0.999999 0.00125695 -0.000719096 -0.00125606 0.999999 -7.60969e-05 0.000718904 7.69037e-05 0.999999 -0.0242647 0.130616 -0.318588
FixedParameters: 0 0 0

#Transform 76
Transform: AffineTransform_float_3_3
Parameters: 0.999998 0.00130653 -0.00110256 -0.00130747 0.999999 -0.000428559 0.00110144 0.00042944 1 -0.024263 0.166899 -0.30203
FixedParameters: 0 0 0

#Transform 77
Transform: AffineTransform_float_3_3
Parameters: 0.999998 0.00136804 -0.00100794 -0.00136796 0.999999 4.13789e-05 0.00100806 -4.0621e-05 1 -0.0309288 0.17275 -0.315922
FixedParameters: 0 0 0

#Transform 78
Transform: AffineTransform_float_3_3
Parameters: 0.999999 0.00113833 -0.000994625 -0.00113767 1 0.000329132 0.000995373 -0.000327867 0.999999 -0.0357222 0.142518 -0.293873
FixedParameters: 0 0 0

#Transform 79
Transform: AffineTransform_float_3_3
Parameters: 0.999998 0.00114714 -0.00127187 -0.00114686 1 0.000110459 0.00127213 -0.000109541 0.999999 -0.0181168 0.2081 -0.311439
FixedParameters: 0 0 0

#Transform 80
Transform: AffineTransform_float_3_3
Parameters: 0.999998 0.00120165 -0.00119035 -0.00120235 0.999999 -0.000292569 0.00118965 0.00029443 0.999999 -0.0290415 0.1658 -0.290438
FixedParameters: 0 0 0

#Transform 81
Transform: AffineTransform_float_3_3
Parameters: 0.999999 7.85944e-06 -0.00187006 1.68586e-05 0.999911 0.013293 0.00186994 -0.013293 0.99991 -0.0114953 -0.0513561 0.27829
FixedParameters: 0 0 0

#Transform 82
Transform: AffineTransform_float_3_3
Parameters: 0.999999 0.0012855 -0.000708567 -0.00127851 0.999945 0.0104799 0.000721438 -0.0104791 0.999945 -0.0351112 -0.0386796 0.270176
FixedParameters: 0 0 0

#Transform 83
Transform: AffineTransform_float_3_3
Parameters: 0.999998 0.00123803 -0.00114121 -0.00122796 0.999961 0.00874741 0.00115279 -0.00874659 0.999961 -0.0362991 0.0617085 0.12247
FixedParameters: 0 0 0

#Transform 84
Transform: AffineTransform_float_3_3
Parameters: 0.999998 0.00119219 -0.00188773 -0.00117881 0.999975 0.00697324 0.00189627 -0.00697176 0.999974 -0.0288227 0.0902156 0.0360283
FixedParameters: 0 0 0

#Transform 85
Transform: AffineTransform_float_3_3
Parameters: 0.999998 0.00140574 -0.00180284 -0.00139026 0.999961 0.00870253 0.00181517 -0.00870048 0.999961 -0.0312335 0.0649575 0.0219125
FixedParameters: 0 0 0

#Transform 86
Transform: AffineTransform_float_3_3
Parameters: 0.999997 0.00163866 -0.00181901 -0.00162334 0.999962 0.00857797 0.00183299 -0.00857502 0.999961 -0.0351004 0.0598399 -0.0129584
FixedParameters: 0 0 0

#Transform 87
Transform: AffineTransform_float_3_3
Parameters: 0.999997 0.00180784 -0.00164282 -0.00179216 0.999958 0.00899097 0.00165918 -0.00898703 0.999958 -0.0428721 0.1303 -0.0552232
FixedParameters: 0 0 0

#Transform 88
Transform: AffineTransform_float_3_3
Parameters: 0.999997 0.00181158 -0.00129494 -0.00179941 0.999959 0.00889135 0.00131105 -0.00888864 0.999959 -0.0448164 0.085284 -0.060535
FixedParameters: 0 0 0

#Transform 89
Transform: AffineTransform_float_3_3
Parameters: 0.999997 0.00189198 -0.00109595 -0.00188202 0.999958 0.00903608 0.00111305 -0.00903392 0.999958 -0.0489149 0.0977558 -0.0815361
FixedParameters: 0 0 0

#Transform 90
Transform: AffineTransform_float_3_3
Parameters: 0.999997 0.00191871 -0.00147562 -0.00190629 0.999962 0.00856584 0.00149238 -0.00856317 0.999962 -0.0444918 0.149383 -0.0997199
FixedParameters: 0 0 0

#Transform 91
Transform: AffineTransform_float_3_3
Parameters: 0.999997 0.00166453 -0.00146097 -0.00165247 0.999968 0.00785843 0.00147403 -0.00785656 0.999968 -0.0427065 0.115777 -0.104833
FixedParameters: 0 0 0

#Transform 92
Transform: AffineTransform_float_3_3
Parameters: 0.999998 0.00145559 -0.00141721 -0.00144542 0.999972 0.00744207 0.0014278 -0.00743994 0.999972 -0.0388321 0.117816 -0.10762
FixedParameters: 0 0 0

#Transform 93
Transform: AffineTransform_float_3_3
Parameters: 0.999997 0.00175784 -0.00156099 -0.00174816 0.999978 0.00628274 0.00157201 -0.00628025 0.999979 -0.0394884 0.152101 -0.115859
FixedParameters: 0 0 0

#Transform 94
Transform: AffineTransform_float_3_3
Parameters: 0.999997 0.00171669 -0.00163385 -0.00170631 0.999978 0.00651881 0.00164516 -0.0065162 0.999978 -0.0415468 0.166265 -0.141753
FixedParameters: 0 0 0

#Transform 95
Transform: AffineTransform_float_3_3
Parameters: 0.999997 0.00170861 -0.00171852 -0.0016984 0.999979 0.00615393 0.00172848 -0.00615106 0.999979 -0.0423644 0.139554 -0.15444
FixedParameters: 0 0 0

#Transform 96
Transform: AffineTransform_float_3_3
Parameters: 0.999997 0.00174483 -0.00184583 -0.00173418 0.999982 0.00584922 0.00185617 -0.00584678 0.999981 -0.0442704 0.147907 -0.176448
FixedParameters: 0 0 0

#Transform 97
Transform: AffineTransform_float_3_3
Parameters: 0.999997 0.00189764 -0.00183106 -0.00188736 0.999985 0.00525347 0.00184094 -0.00524952 0.999984 -0.0449262 0.150029 -0.146525
FixedParameters: 0 0 0

#Transform 98
Transform: AffineTransform_float_3_3
Parameters: 0.999996 0.00185315 -0.00182776 -0.00184285 0.999983 0.00554239 0.00183724 -0.00553861 0.999983 -0.0487212 0.163435 -0.163389
FixedParameters: 0 0 0

#Transform 99
Transform: AffineTransform_float_3_3
Parameters: 0.999997 0.00176368 -0.00160845 -0.00175432 0.999981 0.00599884 0.00161955 -0.00599616 0.99998 -0.0431077 0.120956 -0.161613
FixedParameters: 0 0 0

#Transform 100
Transform: AffineTransform_float_3_3
Parameters: 0.999996 0.00183913 -0.00179268 -0.00182987 0.999986 0.0050793 0.00180231 -0.0050767 0.999985 -0.0420382 0.158181 -0.13987
FixedParameters: 0 0 0

#Transform 101
Transform: AffineTransform_float_3_3
Parameters: 0.999997 0.00183959 -0.00202755 -0.00182741 0.999982 0.00570273 0.00203845 -0.00569927 0.999981 -0.0417179 0.187912 -0.190402
FixedParameters: 0 0 0

#Transform 102
Transform: AffineTransform_float_3_3
Parameters: 0.999997 0.00178774 -0.00200761 -0.00177626 0.999982 0.00583459 0.00201839 -0.00583041 0.999981 -0.0441079 0.147584 -0.199307
FixedParameters: 0 0 0

#Transform 103
Transform: AffineTransform_float_3_3
Parameters: 0.999996 0.00192375 -0.0020168 -0.00191225 0.999984 0.00531788 0.00202719 -0.00531412 0.999984 -0.0493205 0.178328 -0.20293
FixedParameters: 0 0 0

#Transform 104
Transform: AffineTransform_float_3_3
Parameters: 0.999996 0.00185711 -0.00206808 -0.00184589 0.999984 0.00535984 0.00207792 -0.00535516 0.999984 -0.0481671 0.171382 -0.181763
FixedParameters: 0 0 0

#Transform 105
Transform: AffineTransform_float_3_3
Parameters: 0.999996 0.00186046 -0.00210392 -0.00184954 0.999983 0.00543591 0.00211408 -0.00543209 0.999983 -0.0463697 0.181168 -0.198147
FixedParameters: 0 0 0

#Transform 106
Transform: AffineTransform_float_3_3
Parameters: 0.999996 0.00196045 -0.00213966 -0.00194856 0.999982 0.00580319 0.00215034 -0.00579881 0.999981 -0.0466349 0.151525 -0.200115
FixedParameters: 0 0 0

#Transform 107
Transform: AffineTransform_float_3_3
Parameters: 0.999995 0.00187352 -0.00228197 -0.00186048 0.999981 0.00591227 0.00229303 -0.00590773 0.99998 -0.0527545 0.157018 -0.195615
FixedParameters: 0 0 0

#Transform 108
Transform: AffineTransform_float_3_3
Parameters: 0.999996 0.00179014 -0.00192169 -0.00177886 0.999981 0.00578144 0.00193231 -0.00577856 0.999982 -0.0485523 0.174392 -0.194234
FixedParameters: 0 0 0

#Transform 109
Transform: AffineTransform_float_3_3
Parameters: 0.999996 0.00189956 -0.00204332 -0.00188744 0.999983 0.00564288 0.00205468 -0.00563912 0.999982 -0.0471985 0.204058 -0.217721
FixedParameters: 0 0 0

#Transform 110
Transform: AffineTransform_float_3_3
Parameters: 0.999996 0.00183708 -0.00213567 -0.00182492 0.999983 0.00564292 0.00214633 -0.00563908 0.999982 -0.0443584 0.172626 -0.242246
FixedParameters: 0 0 0

#Transform 111
Transform: AffineTransform_float_3_3
Parameters: 0.999995 0.00188649 -0.00225395 -0.00187251 0.999977 0.00641325 0.00226605 -0.00640875 0.999977 -0.0490051 0.179821 -0.249972
FixedParameters: 0 0 0

#Transform 112
Transform: AffineTransform_float_3_3
Parameters: 0.999996 0.00190496 -0.00204593 -0.00189304 0.999981 0.0058319 0.00205707 -0.0058281 0.999981 -0.0568931 0.155397 -0.216906
FixedParameters: 0 0 0

#Transform 113
Transform: AffineTransform_float_3_3
Parameters: 0.999996 0.00187333 -0.00208086 -0.00186167 0.999983 0.00543189 0.00209114 -0.0054281 0.999983 -0.0441226 0.194344 -0.221364
FixedParameters: 0 0 0

#Transform 114
Transform: AffineTransform_float_3_3
Parameters: 0.999996 0.00195588 -0.00209095 -0.00194412 0.999982 0.00566909 0.00210205 -0.00566491 0.999981 -0.0493619 0.189537 -0.232243
FixedParameters: 0 0 0

#Transform 115
Transform: AffineTransform_float_3_3
Parameters: 0.999996 0.00203453 -0.0022237 -0.00202048 0.999979 0.00606952 0.0022353 -0.00606548 0.999979 -0.0471692 0.170379 -0.237172
FixedParameters: 0 0 0

#Transform 116
Transform: AffineTransform_float_3_3
Parameters: 0.999996 0.00195882 -0.0021121 -0.00194718 0.999982 0.00558413 0.0021229 -0.00557986 0.999982 -0.049589 0.15838 -0.216744
FixedParameters: 0 0 0

#Transform 117
Transform: AffineTransform_float_3_3
Parameters: 0.999996 0.00208749 -0.00220719 -0.00207651 0.999985 0.00519561 0.00221782 -0.0051914 0.999984 -0.0513908 0.197534 -0.228609
FixedParameters: 0 0 0

#Transform 118
Transform: AffineTransform_float_3_3
Parameters: 0.999996 0.00187177 -0.00201002 -0.00186123 0.999984 0.00534676 0.00201998 -0.00534324 0.999983 -0.0484722 0.164732 -0.228641
FixedParameters: 0 0 0

#Transform 119
Transform: AffineTransform_float_3_3
Parameters: 0.999996 0.00186242 -0.00206576 -0.00185159 0.999983 0.00551484 0.00207524 -0.00551115 0.999982 -0.0470435 0.167827 -0.220338
FixedParameters: 0 0 0

#Transform 120
Transform: AffineTransform_float_3_3
Parameters: 0.999996 0.00190021 -0.00217855 -0.00188779 0.99998 0.00605014 0.00219046 -0.00604586 0.99998 -0.0469415 0.15235 -0.192549
FixedParameters: 0 0 0

#Transform 121
Transform: AffineTransform_float_3_3
Parameters: 0.999995 0.00197683 -0.00220846 -0.00196517 0.999984 0.00534836 0.00221854 -0.00534364 0.999984 -0.0476023 0.213369 -0.235341
FixedParameters: 0 0 0

#Transform 122
Transform: AffineTransform_float_3_3
Parameters: 0.999995 0.00188418 -0.00226291 -0.00187282 0.999984 0.00537226 0.00227309 -0.00536774 0.999983 -0.0505934 0.16938 -0.23507
FixedParameters: 0 0 0

#Transform 123
Transform: AffineTransform_float_3_3
Parameters: 0.999995 0.00189138 -0.0022458 -0.00187762 0.99998 0.00594424 0.0022572 -0.00594075 0.99998 -0.0453512 0.174232 -0.252267
FixedParameters: 0 0 0

#Transform 124
Transform: AffineTransform_float_3_3
Parameters: 0.999995 0.0019918 -0.00247818 -0.0019762 0.999981 0.00596093 0.00248982 -0.00595607 0.999979 -0.0467881 0.212524 -0.269024
FixedParameters: 0 0 0

#Transform 125
Transform: AffineTransform_float_3_3
Parameters: 0.999994 0.00213672 -0.00278449 -0.00211927 0.999977 0.00635294 0.00279851 -0.00634706 0.999976 -0.0469614 0.187643 -0.266669
FixedParameters: 0 0 0

#Transform 126
Transform: AffineTransform_float_3_3
Parameters: 0.999993 0.0022538 -0.00290552 -0.00223521 0.999976 0.00645554 0.00291948 -0.00644946 0.999975 -0.0453335 0.201306 -0.291162
FixedParameters: 0 0 0

#Transform 127
Transform: AffineTransform_float_3_3
Parameters: 0.999993 0.00211788 -0.00288825 -0.00209912 0.999977 0.00652411 0.00290175 -0.0065179 0.999974 -0.0444654 0.205533 -0.288888
FixedParameters: 0 0 0

#Transform 128
Transform: AffineTransform_float_3_3
Parameters: 0.999994 0.00198492 -0.00289512 -0.00196608 0.999977 0.00652373 0.00290788 -0.00651726 0.999974 -0.0476661 0.203853 -0.287793
FixedParameters: 0 0 0

#Transform 129
Transform: AffineTransform_float_3_3
Parameters: 0.999995 0.0019192 -0.00272466 -0.00190279 0.99998 0.00593721 0.00273634 -0.00593178 0.999978 -0.0511277 0.22407 -0.291649
FixedParameters: 0 0 0

#Transform 130
Transform: AffineTransform_float_3_3
Parameters: 0.999994 0.00210847 -0.00271754 -0.00209153 0.999977 0.00641472 0.00273146 -0.00640828 0.999975 -0.0542362 0.218655 -0.307354
FixedParameters: 0 0 0

#Transform 131
Transform: AffineTransform_float_3_3
Parameters: 0.999993 0.00204384 -0.00288575 -0.00202516 0.999976 0.00651789 0.00289826 -0.00651212 0.999975 -0.0544953 0.203036 -0.282682
FixedParameters: 0 0 0

#Transform 132
Transform: AffineTransform_float_3_3
Parameters: 0.999994 0.00207803 -0.00278538 -0.00206097 0.99998 0.00610278 0.00279763 -0.00609723 0.999978 -0.0490895 0.232923 -0.280641
FixedParameters: 0 0 0

#Transform 133
Transform: AffineTransform_float_3_3
Parameters: 0.999995 0.00189877 -0.00274685 -0.00188323 0.999984 0.0053692 0.00275715 -0.00536379 0.999982 -0.0484014 0.200938 -0.256897
FixedParameters: 0 0 0

#Transform 134
Transform: AffineTransform_float_3_3
Parameters: 0.999994 0.00189259 -0.00288418 -0.00187541 0.999981 0.00574544 0.00289482 -0.00573956 0.99998 -0.0588126 0.207323 -0.281379
FixedParameters: 0 0 0

#Transform 135
Transform: AffineTransform_float_3_3
Parameters: 0.999995 0.00199846 -0.00266622 -0.00198354 0.999984 0.00541432 0.00267678 -0.00540968 0.999982 -0.0504919 0.204551 -0.285418
FixedParameters: 0 0 0

#Transform 136
Transform: AffineTransform_float_3_3
Parameters: 0.999994 0.00206547 -0.00275774 -0.00204952 0.99998 0.00596368 0.00277026 -0.00595731 0.999978 -0.0468466 0.200828 -0.279864
FixedParameters: 0 0 0

#Transform 137
Transform: AffineTransform_float_3_3
Parameters: 0.999993 0.00210269 -0.00285578 -0.00208531 0.999981 0.00583499 0.00286821 -0.005829 0.999979 -0.0498349 0.192759 -0.261719
FixedParameters: 0 0 0

#Transform 138
Transform: AffineTransform_float_3_3
Parameters: 0.999993 0.00191811 -0.00320765 -0.00189889 0.99998 0.00595013 0.00321935 -0.00594386 0.999977 -0.0516688 0.230979 -0.309185
FixedParameters: 0 0 0

#Transform 139
Transform: AffineTransform_float_3_3
Parameters: 0.999993 0.0021939 -0.0030762 -0.0021731 0.999974 0.00678173 0.0030908 -0.00677527 0.999973 -0.0526887 0.215859 -0.295939
FixedParameters: 0 0 0

#Transform 140
Transform: AffineTransform_float_3_3
Parameters: 0.999993 0.00214412 -0.00285649 -0.00212588 0.999977 0.00633111 0.00286951 -0.00632589 0.999976 -0.0511592 0.210837 -0.279175
FixedParameters: 0 0 0

#Transform 141
Transform: AffineTransform_float_3_3
Parameters: 0.999993 0.00227078 -0.00299586 -0.00225122 0.999978 0.00625679 0.00301014 -0.00625021 0.999976 -0.0515922 0.226242 -0.279104
FixedParameters: 0 0 0

#Transform 142
Transform: AffineTransform_float_3_3
Parameters: 0.999993 0.00229787 -0.00316295 -0.00227713 0.999975 0.00658525 0.00317806 -0.00657775 0.999974 -0.0510417 0.227306 -0.309871
FixedParameters: 0 0 0

#Transform 143
Transform: AffineTransform_float_3_3
Parameters: 0.999993 0.00235481 -0.00312518 -0.0023352 0.999978 0.00632635 0.00313983 -0.00631966 0.999975 -0.0502668 0.207934 -0.290613
FixedParameters: 0 0 0

#Transform 144
Transform: AffineTransform_float_3_3
Parameters: 0.999992 0.00223235 -0.00324578 -0.00221265 0.99998 0.00595323 0.00325922 -0.00594577 0.999977 -0.0493305 0.220634 -0.26616
FixedParameters: 0 0 0

#Transform 145
Transform: AffineTransform_float_3_3
Parameters: 0.999991 0.00231452 -0.00338305 -0.00229347 0.999979 0.00605881 0.00339695 -0.00605019 0.999976 -0.0491788 0.231135 -0.287029
FixedParameters: 0 0 0

#Transform 146
Transform: AffineTransform_float_3_3
Parameters: 0.999993 0.0022265 -0.0030569 -0.00220751 0.999978 0.0063658 0.00307111 -0.00635921 0.999975 -0.047751 0.208859 -0.264428
FixedParameters: 0 0 0

#Transform 147
Transform: AffineTransform_float_3_3
Parameters: 0.999993 0.00210318 -0.00311313 -0.00208382 0.999979 0.00615053 0.00312587 -0.00614347 0.999976 -0.0475338 0.199926 -0.279851
FixedParameters: 0 0 0

#Transform 148
Transform: AffineTransform_float_3_3
Parameters: 0.999993 0.00205779 -0.00318192 -0.0020392 0.99998 0.00589953 0.00319408 -0.00589246 0.999977 -0.0449204 0.222669 -0.289496
FixedParameters: 0 0 0

#Transform 149
Transform: AffineTransform_float_3_3
Parameters: 0.999993 0.00198944 -0.00312095 -0.00197256 0.999983 0.00558019 0.00313205 -0.00557481 0.999979 -0.0449233 0.223454 -0.291494
FixedParameters: 0 0 0

#Transform 150
Transform: AffineTransform_float_3_3
Parameters: 0.999994 0.00210377 -0.00291569 -0.00208824 0.999983 0.00540013 0.00292631 -0.00539388 0.999981 -0.0467757 0.212886 -0.295364
FixedParameters: 0 0 0

#Transform 151
Transform: AffineTransform_float_3_3
Parameters: 0.999993 0.00205461 -0.00289268 -0.00204039 0.999985 0.00504494 0.00290332 -0.00503907 0.999983 -0.0473204 0.229374 -0.299676
FixedParameters: 0 0 0

#Transform 152
Transform: AffineTransform_float_3_3
Parameters: 0.999995 0.00204182 -0.00269835 -0.00202918 0.999986 0.0047445 0.00270865 -0.0047395 0.999985 -0.0392909 0.201171 -0.266624
FixedParameters: 0 0 0

#Transform 153
Transform: AffineTransform_float_3_3
Parameters: 0.999994 0.00215582 -0.00271286 -0.00214318 0.999986 0.00471984 0.00272314 -0.00471416 0.999985 -0.0419385 0.223914 -0.258283
FixedParameters: 0 0 0

#Transform 154
Transform: AffineTransform_float_3_3
Parameters: 0.999994 0.00213978 -0.00267905 -0.00212622 0.999984 0.00513573 0.00268995 -0.00513027 0.999983 -0.0410623 0.207834 -0.278469
FixedParameters: 0 0 0

#Transform 155
Transform: AffineTransform_float_3_3
Parameters: 0.999994 0.00213859 -0.00263564 -0.00212741 0.999988 0.00439063 0.00264536 -0.00438537 0.999987 -0.0430072 0.21942 -0.252207
FixedParameters: 0 0 0

#Transform 156
Transform: AffineTransform_float_3_3
Parameters: 0.999996 0.00172639 -0.00233782 -0.0017186 0.999992 0.00358803 0.00234418 -0.00358397 0.999991 -0.0394247 0.237769 -0.299773
FixedParameters: 0 0 0

#Transform 157
Transform: AffineTransform_float_3_3
Parameters: 0.999996 0.00194848 -0.00232275 -0.00194052 0.999993 0.00321852 0.00232925 -0.00321348 0.999992 -0.046972 0.234632 -0.295
FixedParameters: 0 0 0

#Transform 158
Transform: AffineTransform_float_3_3
Parameters: 0.999995 0.00189038 -0.00257314 -0.00188062 0.999991 0.00364286 0.00258086 -0.00363814 0.99999 -0.042939 0.227634 -0.309923
FixedParameters: 0 0 0

#Transform 159
Transform: AffineTransform_float_3_3
Parameters: 0.999996 0.00164326 -0.00219985 -0.00163474 0.999991 0.00375061 0.00220614 -0.00374739 0.99999 -0.0369609 0.202749 -0.284243
FixedParameters: 0 0 0

#Transform 160
Transform: AffineTransform_float_3_3
Parameters: 0.999997 0.00109538 -0.00211216 -0.00108562 0.999989 0.0044373 0.00211684 -0.00443569 0.999988 -0.0253193 0.107591 -0.124692
FixedParameters: 0 0 0

#Transform 161
Transform: AffineTransform_float_3_3
Parameters: 0.999996 0.00167232 -0.00232461 -0.00166168 0.999989 0.00443488 0.00233239 -0.00443112 0.999988 -0.0563672 0.149108 -0.162274
FixedParameters: 0 0 0

#Transform 162
Transform: AffineTransform_float_3_3
Parameters: 0.999995 0.00189074 -0.00231508 -0.00188126 0.99999 0.00420037 0.00232292 -0.00419663 0.999988 -0.0665185 0.192526 -0.2076
FixedParameters: 0 0 0

#Transform 163
Transform: AffineTransform_float_3_3
Parameters: 0.999995 0.00225409 -0.00219071 -0.00224591 0.99999 0.00368694 0.00219929 -0.00368206 0.999991 -0.0568138 0.234816 -0.217584
FixedParameters: 0 0 0

#Transform 164
Transform: AffineTransform_float_3_3
Parameters: 0.999994 0.00225213 -0.00255925 -0.00224087 0.999988 0.00434276 0.00256875 -0.00433724 0.999988 -0.0545485 0.214 -0.25814
FixedParameters: 0 0 0

#Transform 165
Transform: AffineTransform_float_3_3
Parameters: 0.999994 0.0022897 -0.00260263 -0.00227831 0.999989 0.00410495 0.00261137 -0.00409905 0.999988 -0.0637646 0.193346 -0.256414
FixedParameters: 0 0 0

#Transform 166
Transform: AffineTransform_float_3_3
Parameters: 0.999994 0.0021275 -0.00251431 -0.0021155 0.999988 0.00456735 0.00252368 -0.00456266 0.999987 -0.0549411 0.165933 -0.219435
FixedParameters: 0 0 0

#Transform 167
Transform: AffineTransform_float_3_3
Parameters: 0.999993 0.00235664 -0.00286346 -0.00234536 0.999989 0.00406174 0.00287354 -0.00405425 0.999987 -0.0541542 0.240112 -0.257224
FixedParameters: 0 0 0

#Transform 168
Transform: AffineTransform_float_3_3
Parameters: 0.999994 0.0022635 -0.00255084 -0.00225251 0.999988 0.00450177 0.00256016 -0.00449523 0.999986 -0.0639128 0.189789 -0.22519
FixedParameters: 0 0 0

#Transform 169
Transform: AffineTransform_float_3_3
Parameters: 0.999995 0.00214185 -0.00242345 -0.00213114 0.999987 0.00447219 0.00243355 -0.00446681 0.999987 -0.0552707 0.186196 -0.225123
FixedParameters: 0 0 0

#Transform 170
Transform: AffineTransform_float_3_3
Parameters: 0.999995 0.0019538 -0.00241711 -0.00194419 0.99999 0.00405272 0.00242489 -0.00404728 0.999989 -0.0534999 0.18153 -0.215894
FixedParameters: 0 0 0

#Transform 171
Transform: AffineTransform_float_3_3
Parameters: 0.999995 0.00194668 -0.00250026 -0.00193832 0.999992 0.00347086 0.00250674 -0.00346514 0.999991 -0.0535439 0.214358 -0.227696
FixedParameters: 0 0 0

#Transform 172
Transform: AffineTransform_float_3_3
Parameters: 0.999995 0.00196848 -0.0024456 -0.00195751 0.999989 0.00428281 0.0024544 -0.00427719 0.999988 -0.0493808 0.177542 -0.238832
FixedParameters: 0 0 0

#Transform 173
Transform: AffineTransform_float_3_3
Parameters: 0.999995 0.00199294 -0.00245415 -0.00198206 0.999988 0.00445389 0.00246285 -0.00444911 0.999987 -0.0492604 0.198491 -0.265161
FixedParameters: 0 0 0

#Transform 174
Transform: AffineTransform_float_3_3
Parameters: 0.999995 0.00206406 -0.00245959 -0.00205394 0.999989 0.00408807 0.00246741 -0.00408292 0.999988 -0.0572552 0.209458 -0.255939
FixedParameters: 0 0 0

#Transform 175
Transform: AffineTransform_float_3_3
Parameters: 0.999993 0.00240346 -0.00262446 -0.00239354 0.999989 0.00398031 0.00263454 -0.00397369 0.999988 -0.0550765 0.244699 -0.280162
FixedParameters: 0 0 0

#Transform 176
Transform: AffineTransform_float_3_3
Parameters: 0.999994 0.00229653 -0.00264102 -0.00228447 0.999988 0.00436106 0.00265098 -0.00435594 0.999987 -0.0552434 0.214271 -0.266003
FixedParameters: 0 0 0

#Transform 177
Transform: AffineTransform_float_3_3
Parameters: 0.999994 0.00233106 -0.00256409 -0.00231894 0.999987 0.00469597 0.00257491 -0.00469003 0.999985 -0.0572222 0.196625 -0.245463
FixedParameters: 0 0 0

#Transform 178
Transform: AffineTransform_float_3_3
Parameters: 0.999994 0.00226337 -0.0025709 -0.00225263 0.99999 0.00403081 0.00258009 -0.00402418 0.999988 -0.0527389 0.225868 -0.249237
FixedParameters: 0 0 0

#Transform 179
Transform: AffineTransform_float_3_3
Parameters: 0.999994 0.00213013 -0.0025449 -0.00211787 0.999987 0.00475942 0.0025551 -0.00475359 0.999986 -0.0518774 0.22335 -0.266556
FixedParameters: 0 0 0

#Transform 180
Transform: AffineTransform_float_3_3
Parameters: 0.999995 0.00209123 -0.00258736 -0.00207776 0.999985 0.0051074 0.00259864 -0.00510159 0.999983 -0.0515742 0.168936 -0.262023
FixedParameters: 0 0 0

#Transform 181
Transform: AffineTransform_float_3_3
Parameters: 0.999995 0.00204563 -0.0024903 -0.00203437 0.999989 0.00426509 0.00249869 -0.00425991 0.999988 -0.0549733 0.184887 -0.238108
FixedParameters: 0 0 0

#Transform 182
Transform: AffineTransform_float_3_3
Parameters: 0.999993 0.00220873 -0.0028863 -0.00219626 0.999988 0.00440637 0.0028967 -0.00440063 0.999986 -0.0541187 0.223381 -0.279955
FixedParameters: 0 0 0

#Transform 183
Transform: AffineTransform_float_3_3
Parameters: 0.999993 0.00221141 -0.00303684 -0.00219559 0.999985 0.0050667 0.00304816 -0.00506029 0.999982 -0.0625355 0.215314 -0.300624
FixedParameters: 0 0 0

#Transform 184
Transform: AffineTransform_float_3_3
Parameters: 0.999993 0.00207118 -0.00292601 -0.00205682 0.999986 0.00484005 0.00293598 -0.00483395 0.999984 -0.0556357 0.219637 -0.314099
FixedParameters: 0 0 0

#Transform 185
Transform: AffineTransform_float_3_3
Parameters: 0.999992 0.00218884 -0.00319159 -0.00217716 0.999992 0.00339597 0.0031994 -0.00338902 0.999989 -0.0588627 0.300955 -0.377763
FixedParameters: 0 0 0

#Transform 186
Transform: AffineTransform_float_3_3
Parameters: 0.999994 0.00224568 -0.00261888 -0.00223532 0.999989 0.00407388 0.00262812 -0.00406812 0.999989 -0.0630017 0.147525 -0.288624
FixedParameters: 0 0 0

#Transform 187
Transform: AffineTransform_float_3_3
Parameters: 0.999994 0.00208363 -0.00255456 -0.00207137 0.999988 0.00454732 0.00256444 -0.00454169 0.999987 -0.052957 0.178665 -0.264891
FixedParameters: 0 0 0

#Transform 188
Transform: AffineTransform_float_3_3
Parameters: 0.999994 0.00233368 -0.00259454 -0.00232232 0.999987 0.00449405 0.00260545 -0.00448795 0.999986 -0.0549185 0.259625 -0.299745
FixedParameters: 0 0 0

#Transform 189
Transform: AffineTransform_float_3_3
Parameters: 0.999993 0.00246173 -0.00278693 -0.00244827 0.999985 0.00491886 0.00279907 -0.00491214 0.999984 -0.0669541 0.197015 -0.317325
FixedParameters: 0 0 0

#Transform 190
Transform: AffineTransform_float_3_3
