#Insight Transform File V1.0
#Transform 0
Transform: AffineTransform_float_3_3
Parameters: 1 9.35841e-05 -0.000270144 -9.34157e-05 0.999999 -0.00153997 0.000269856 0.00154002 0.999999 0.0118401 0.0126041 0.395326
FixedParameters: 0 0 0

#Transform 1
Transform: AffineTransform_float_3_3
Parameters: 0.999999 0.000664868 -0.000539161 -0.00066513 0.999999 -0.000242641 0.000538838 0.000243358 1 0.000366804 -0.0388077 -0.118598
FixedParameters: 0 0 0

#Transform 2
Transform: AffineTransform_float_3_3
Parameters: 1 0.000724762 -0.000795217 -0.000724238 0.999999 -0.000298424 0.000795783 0.000299577 0.999999 -0.00109448 -0.0445166 -0.178801
FixedParameters: 0 0 0

#Transform 3
Transform: AffineTransform_float_3_3
Parameters: 0.999999 0.000751113 -0.000585855 -0.000750886 0.999999 0.00019344 0.000586145 -0.00019356 1 -0.00745896 -0.0444591 -0.190071
FixedParameters: 0 0 0

#Transform 4
Transform: AffineTransform_float_3_3
Parameters: 0.999999 0.000855929 -0.00104206 -0.00085607 0.999999 -6.7108e-05 0.00104194 6.78919e-05 1 0.00162584 -0.038724 -0.218601
FixedParameters: 0 0 0

#Transform 5
Transform: AffineTransform_float_3_3
Parameters: 0.999999 0.000597868 -0.000684114 -0.000598131 1 -0.000191591 0.000683885 0.000192409 0.999999 -0.0229003 -0.00428507 -0.231211
FixedParameters: 0 0 0

#Transform 6
Transform: AffineTransform_float_3_3
Parameters: 1 0.000304869 -0.000254158 -0.000305131 1 -0.000516922 0.000253842 0.000517077 1 -0.0356181 0.0378403 -0.211783
FixedParameters: 0 0 0

#Transform 7
Transform: AffineTransform_float_3_3
Parameters: 1 0.000147776 -0.00041208 -0.000148224 1 -0.000544939 0.000411919 0.000544061 1 -0.0210753 0.0200871 -0.200825
FixedParameters: 0 0 0

#Transform 8
Transform: AffineTransform_float_3_3
Parameters: 1 6.49278e-05 -0.00024002 -6.50722e-05 1 -0.000300984 0.00023998 0.000301016 1 -0.0277368 0.0325542 -0.209271
FixedParameters: 0 0 0

#Transform 9
Transform: AffineTransform_float_3_3
Parameters: 1 9.80006e-05 5.9902e-06 -9.79994e-05 1 -0.000100001 -6.0098e-06 9.99994e-05 1 -0.042283 0.0391785 -0.218358
FixedParameters: 0 0 0

#Transform 10
Transform: AffineTransform_float_3_3
Parameters: 1 -0.000100059 -3.58344e-05 9.99419e-05 0.999998 -0.001655 3.51654e-05 0.001655 0.999998 -0.0186302 0.209134 -0.180963
FixedParameters: 0 0 0

#Transform 11
Transform: AffineTransform_float_3_3
Parameters: 0.999999 -0.000431037 -0.000623284 0.000429963 0.999998 -0.00166327 0.000623716 0.00166273 0.999999 0.0089469 0.105905 -0.203935
FixedParameters: 0 0 0

#Transform 12
Transform: AffineTransform_float_3_3
Parameters: 1 -0.000155676 -0.00101575 0.000154324 0.999998 -0.00164916 0.00101626 0.00164984 0.999998 0.0511074 0.140811 -0.248906
FixedParameters: 0 0 0

#Transform 13
Transform: AffineTransform_float_3_3
Parameters: 1 0.000372238 -0.000581488 -0.000372763 0.999999 -0.00131078 0.000581512 0.00131122 0.999999 0.0267617 0.0868567 -0.256638
FixedParameters: 0 0 0

#Transform 14
Transform: AffineTransform_float_3_3
Parameters: 0.999999 0.000585185 -0.00109397 -0.000586816 0.999999 -0.00166036 0.00109303 0.00166064 0.999998 0.044715 0.10254 -0.306433
FixedParameters: 0 0 0

#Transform 15
Transform: AffineTransform_float_3_3
Parameters: 1 0.000730629 -0.000780287 -0.000732371 0.999998 -0.00175843 0.000778713 0.00175957 0.999998 0.0294383 0.126998 -0.311087
FixedParameters: 0 0 0

#Transform 16
Transform: AffineTransform_float_3_3
Parameters: 1 0.000844691 -0.000884253 -0.000845309 0.999998 -0.00148125 0.000882749 0.00148175 0.999999 0.0318768 0.13712 -0.330981
FixedParameters: 0 0 0

#Transform 17
Transform: AffineTransform_float_3_3
Parameters: 1 0.000670888 -0.000841689 -0.000673113 0.999996 -0.00251144 0.000840313 0.00251157 0.999997 0.0209899 0.18007 -0.309052
FixedParameters: 0 0 0

#Transform 18
Transform: AffineTransform_float_3_3
Parameters: 0.999999 0.000574745 -0.00145429 -0.000578255 0.999998 -0.00223916 0.00145271 0.00223984 0.999997 0.0589066 0.320473 -0.298651
FixedParameters: 0 0 0

#Transform 19
Transform: AffineTransform_float_3_3
Parameters: 1 0.000452864 -0.00110729 -0.000456135 0.999996 -0.0028335 0.00110571 0.0028345 0.999996 0.0336038 0.246161 -0.298117
FixedParameters: 0 0 0

#Transform 20
Transform: AffineTransform_float_3_3
Parameters: 0.999999 0.00033314 -0.00119908 -0.000336863 0.999995 -0.0032206 0.00119892 0.0032204 0.999994 0.0410675 0.336749 -0.293612
FixedParameters: 0 0 0

#Transform 21
Transform: AffineTransform_float_3_3
Parameters: 0.999999 0.000696047 -0.00104897 -0.000698953 0.999996 -0.00281727 0.00104704 0.00281773 0.999996 0.0285384 0.251818 -0.257503
FixedParameters: 0 0 0

#Transform 22
Transform: AffineTransform_float_3_3
Parameters: 1 0.000333611 -0.00104809 -0.000336388 0.999994 -0.00323465 0.00104692 0.00323535 0.999994 0.0233604 0.294292 -0.279229
FixedParameters: 0 0 0

#Transform 23
Transform: AffineTransform_float_3_3
Parameters: 0.999999 -6.98805e-05 -0.000836764 6.71186e-05 0.999994 -0.00344206 0.000837235 0.00344194 0.999993 0.0106583 0.347049 -0.283297
FixedParameters: 0 0 0

#Transform 24
Transform: AffineTransform_float_3_3
Parameters: 0.999999 -0.000421433 -0.000650429 0.000418564 0.999993 -0.00373727 0.000652568 0.00373673 0.999993 0.00541116 0.350243 -0.299945
FixedParameters: 0 0 0

#Transform 25
Transform: AffineTransform_float_3_3
Parameters: 1 -0.000512259 -0.00104492 0.000508741 0.999991 -0.00407153 0.00104708 0.00407147 0.999991 0.0184101 0.372517 -0.305133
FixedParameters: 0 0 0

#Transform 26
Transform: AffineTransform_float_3_3
Parameters: 0.999999 -0.000510199 -0.000548964 0.0005088 0.999992 -0.00399928 0.000551039 0.00399872 0.999992 -0.00305565 0.325612 -0.309391
FixedParameters: 0 0 0

#Transform 27
Transform: AffineTransform_float_3_3
Parameters: 1 -0.000512663 -0.00104472 0.000508336 0.99999 -0.00445853 0.00104728 0.00445846 0.999989 -0.00437309 0.335153 -0.293569
FixedParameters: 0 0 0

#Transform 28
Transform: AffineTransform_float_3_3
Parameters: 1 -0.000512506 -0.0010448 0.000508493 0.99999 -0.00430853 0.0010472 0.00430847 0.99999 0.0026924 0.352776 -0.296842
FixedParameters: 0 0 0

#Transform 29
Transform: AffineTransform_float_3_3
Parameters: 1 -0.000300751 -0.000948819 0.000297252 0.999992 -0.00395128 0.000949182 0.00395072 0.999991 -0.0154294 0.345688 -0.305971
FixedParameters: 0 0 0

#Transform 30
Transform: AffineTransform_float_3_3
Parameters: 1 -0.000345847 -0.000445572 0.000344155 0.999992 -0.00413916 0.000446428 0.00413885 0.999992 -0.037221 0.350794 -0.284574
FixedParameters: 0 0 0

#Transform 31
Transform: AffineTransform_float_3_3
Parameters: 1 4.88543e-05 -0.0002832 -5.01449e-05 0.999992 -0.00404698 0.000282799 0.00404701 0.999992 -0.0392614 0.346607 -0.284283
FixedParameters: 0 0 0

#Transform 32
Transform: AffineTransform_float_3_3
Parameters: 1 7.7857e-05 -0.000243369 -7.81412e-05 0.999989 -0.00469998 0.000242635 0.00470002 0.999989 -0.032735 0.381943 -0.261378
FixedParameters: 0 0 0

#Transform 33
Transform: AffineTransform_float_3_3
Parameters: 1 -0.000509096 -0.000209355 0.000507906 0.999987 -0.00520211 0.000211645 0.0052019 0.999987 -0.0237278 0.410327 -0.303387
FixedParameters: 0 0 0

#Transform 34
Transform: AffineTransform_float_3_3
Parameters: 0.999999 -0.000708442 -0.000572546 0.000703554 0.99997 -0.00772241 0.00057845 0.00772159 0.99997 -0.0105791 0.544235 -0.221229
FixedParameters: 0 0 0

#Transform 35
Transform: AffineTransform_float_3_3
Parameters: 1 -0.000166918 1.30906e-05 0.000167081 0.999978 -0.00653199 -1.19089e-05 0.006532 0.999978 -0.0380219 0.467017 -0.25239
FixedParameters: 0 0 0

#Transform 36
Transform: AffineTransform_float_3_3
Parameters: 1 -0.000158404 -0.000210953 0.000156595 0.999978 -0.00664003 0.000212044 0.00663997 0.999978 -0.0394069 0.453564 -0.217772
FixedParameters: 0 0 0

#Transform 37
Transform: AffineTransform_float_3_3
Parameters: 1 0.000167693 -0.000213036 -0.000169307 0.999981 -0.00615196 0.000211962 0.00615204 0.999981 -0.0419826 0.447198 -0.216118
FixedParameters: 0 0 0

#Transform 38
Transform: AffineTransform_float_3_3
Parameters: 1 0.000175683 -0.000213093 -0.000177316 0.999981 -0.00619596 0.000211905 0.00619603 0.999981 -0.0500798 0.460258 -0.206101
FixedParameters: 0 0 0

#Transform 39
Transform: AffineTransform_float_3_3
Parameters: 1 0.000173549 -0.00021319 -0.00017445 0.999976 -0.00682596 0.000211814 0.00682603 0.999976 -0.0521006 0.487785 -0.207917
FixedParameters: 0 0 0

#Transform 40
Transform: AffineTransform_float_3_3
Parameters: 1 0.000172055 6.70461e-06 -0.000171942 0.999971 -0.00753 -8.29496e-06 0.00752999 0.999971 -0.0590856 0.528008 -0.186269
FixedParameters: 0 0 0

#Transform 41
Transform: AffineTransform_float_3_3
Parameters: 0.999999 0.000943737 0.000341528 -0.000941259 0.999968 -0.00792832 -0.000349473 0.00792767 0.999968 -0.0659971 0.553169 -0.197857
FixedParameters: 0 0 0

#Transform 42
Transform: AffineTransform_float_3_3
Parameters: 1 0.000937831 -0.000369155 -0.000941168 0.999962 -0.00868066 0.000360843 0.00868134 0.999963 -0.0556615 0.562113 -0.203628
FixedParameters: 0 0 0

#Transform 43
Transform: AffineTransform_float_3_3
Parameters: 0.999997 0.00239646 0.000806278 -0.00238754 0.999943 -0.010335 -0.000830717 0.010333 0.999947 -0.0759578 0.728752 -0.219276
FixedParameters: 0 0 0

#Transform 44
Transform: AffineTransform_float_3_3
Parameters: 1 0.000829357 0.000628999 -0.000823643 0.999964 -0.00846952 -0.000635999 0.00846947 0.999964 -0.0889081 0.708932 -0.158705
FixedParameters: 0 0 0

#Transform 45
Transform: AffineTransform_float_3_3
Parameters: 1 0.00067548 5.7623e-05 -0.000675517 0.999968 -0.00796304 -6.33811e-05 0.00796296 0.999969 -0.0793006 0.617806 -0.182609
FixedParameters: 0 0 0

#Transform 46
Transform: AffineTransform_float_3_3
Parameters: 1 0.000666634 7.23808e-05 -0.000666369 0.999964 -0.00843306 -7.76223e-05 0.00843296 0.999965 -0.0768352 0.639869 -0.221668
FixedParameters: 0 0 0

#Transform 47
Transform: AffineTransform_float_3_3
Parameters: 1 0.000697119 1.10637e-05 -0.000696881 0.999963 -0.008516 -1.69352e-05 0.00851598 0.999963 -0.0819136 0.631804 -0.188205
FixedParameters: 0 0 0

#Transform 48
Transform: AffineTransform_float_3_3
Parameters: 0.999999 0.000810013 0.000341946 -0.000806985 0.999961 -0.00872427 -0.000349053 0.00872372 0.999962 -0.08471 0.67857 -0.205494
FixedParameters: 0 0 0

#Transform 49
Transform: AffineTransform_float_3_3
Parameters: 1 0.000382285 0.000345399 -0.000378719 0.999955 -0.00946114 -0.000348599 0.00946087 0.999955 -0.0431614 0.845519 -0.268987
FixedParameters: 0 0 0

#Transform 50
Transform: AffineTransform_float_3_3
Parameters: 1 0.00059708 6.92387e-06 -0.000596919 0.999963 -0.008502 -1.20754e-05 0.00850199 0.999964 -0.0622501 0.674778 -0.247467
FixedParameters: 0 0 0

#Transform 51
Transform: AffineTransform_float_3_3
Parameters: 0.999999 0.0011036 0.000665808 -0.00109741 0.999964 -0.00835073 -0.000674188 0.00835026 0.999965 -0.0895137 0.644431 -0.256064
FixedParameters: 0 0 0

#Transform 52
Transform: AffineTransform_float_3_3
Parameters: 0.999999 0.000712734 0.000668942 -0.000707265 0.999964 -0.00853348 -0.000675059 0.00853253 0.999964 -0.104637 0.59853 -0.258191
FixedParameters: 0 0 0

#Transform 53
Transform: AffineTransform_float_3_3
Parameters: 0.999999 0.00038487 0.00067167 -0.000378135 0.999962 -0.00871825 -0.000674322 0.00871774 0.999962 -0.0976682 0.691545 -0.281018
FixedParameters: 0 0 0

#Transform 54
Transform: AffineTransform_float_3_3
Parameters: 1 0.000380422 0.000152499 -0.000378583 0.999958 -0.00921906 -0.000155497 0.00921894 0.999957 -0.0692505 0.669921 -0.275487
FixedParameters: 0 0 0

#Transform 55
Transform: AffineTransform_float_3_3
Parameters: 1 0.000117556 0.000260863 -0.000114442 0.999952 -0.00977803 -0.000262132 0.00977797 0.999952 -0.0656869 0.73746 -0.247741
FixedParameters: 0 0 0

#Transform 56
Transform: AffineTransform_float_3_3
Parameters: 1 0.00025308 0.000345767 -0.000249918 0.999961 -0.0088791 -0.000348233 0.00887892 0.999961 -0.0749422 0.681119 -0.244397
FixedParameters: 0 0 0

#Transform 57
Transform: AffineTransform_float_3_3
Parameters: 1 0.000322469 0.00015294 -0.00032053 0.999954 -0.00951104 -0.000156056 0.00951095 0.999955 -0.0839999 0.728816 -0.245606
FixedParameters: 0 0 0

#Transform 58
Transform: AffineTransform_float_3_3
Parameters: 1 0.000198346 -0.000277914 -0.000200655 0.999954 -0.00958295 0.00027609 0.00958306 0.999954 -0.0632188 0.72307 -0.225241
FixedParameters: 0 0 0

#Transform 59
Transform: AffineTransform_float_3_3
Parameters: 1 0.000200412 0.000361127 -0.000197589 0.999955 -0.00942506 -0.000362878 0.00942492 0.999955 -0.0846043 0.757222 -0.217778
FixedParameters: 0 0 0

#Transform 60
Transform: AffineTransform_float_3_3
Parameters: 1 0.000188495 0.000361198 -0.000185507 0.999954 -0.00965208 -0.000362808 0.00965194 0.999954 -0.0766618 0.740546 -0.245978
FixedParameters: 0 0 0

#Transform 61
Transform: AffineTransform_float_3_3
Parameters: 1 1.30667e-05 0.000510895 -7.93228e-06 0.999951 -0.009916 -0.000511104 0.00991599 0.99995 -0.0656661 0.786025 -0.280776
FixedParameters: 0 0 0

#Transform 62
Transform: AffineTransform_float_3_3
Parameters: 1 -0.000101495 0.000639067 0.000108504 0.999948 -0.0101869 -0.000637928 0.0101871 0.999948 -0.0735179 0.851366 -0.245171
FixedParameters: 0 0 0

#Transform 63
Transform: AffineTransform_float_3_3
Parameters: 1 -0.00021596 -0.000271673 0.000213037 0.999941 -0.0108471 0.000274327 0.0108469 0.999941 -0.0361874 1.04072 -0.22707
FixedParameters: 0 0 0

#Transform 64
Transform: AffineTransform_float_3_3
Parameters: 1 -0.000103084 0.000480082 0.000107916 0.999948 -0.010252 -0.000478919 0.0102521 0.999948 -0.0490641 0.825679 -0.319538
FixedParameters: 0 0 0

#Transform 65
Transform: AffineTransform_float_3_3
Parameters: 1 -0.000104576 0.000291252 0.000108421 0.99993 -0.011781 -0.000289743 0.011781 0.99993 -0.0560934 0.98378 -0.288413
FixedParameters: 0 0 0

#Transform 66
Transform: AffineTransform_float_3_3
Parameters: 0.999999 -0.00030111 0.000810359 0.000309897 0.999939 -0.0109928 -0.000807642 0.0109922 0.99994 -0.0918292 0.831504 -0.326897
FixedParameters: 0 0 0

#Transform 67
Transform: AffineTransform_float_3_3
Parameters: 1 -0.000103456 0.000416156 0.000108554 0.99994 -0.010935 -0.000415838 0.010935 0.99994 -0.0804659 0.791176 -0.335385
FixedParameters: 0 0 0

#Transform 68
Transform: AffineTransform_float_3_3
Parameters: 1 -0.000249225 0.000424444 0.000254782 0.999906 -0.0136599 -0.000421559 0.0136601 0.999906 -0.090126 0.886721 -0.345508
FixedParameters: 0 0 0

#Transform 69
Transform: AffineTransform_float_3_3
Parameters: 0.999999 -0.00180521 0.000165774 0.00180679 0.999932 -0.0115017 -0.000145229 0.0115013 0.999934 -0.0749516 0.805272 -0.353184
FixedParameters: 0 0 0

#Transform 70
Transform: AffineTransform_float_3_3
Parameters: 1 -0.00120534 -0.000203612 0.00120266 0.999938 -0.0111183 0.000217385 0.0111178 0.999938 -0.0791254 0.834957 -0.290731
FixedParameters: 0 0 0

#Transform 71
Transform: AffineTransform_float_3_3
Parameters: 1 -0.000638028 8.83304e-05 0.000638979 0.999934 -0.0114799 -8.16699e-05 0.0114801 0.999934 -0.0904858 0.848582 -0.245841
FixedParameters: 0 0 0

#Transform 72
Transform: AffineTransform_float_3_3
Parameters: 1 -0.0010592 -1.20244e-05 0.0010588 0.999935 -0.011307 2.39733e-05 0.011307 0.999936 -0.0826844 0.830299 -0.216317
FixedParameters: 0 0 0

#Transform 73
Transform: AffineTransform_float_3_3
Parameters: 0.999999 -0.00148542 -2.96235e-05 0.00148459 0.999938 -0.0110261 4.53718e-05 0.0110259 0.999939 -0.0907492 0.852636 -0.171772
FixedParameters: 0 0 0

#Transform 74
Transform: AffineTransform_float_3_3
Parameters: 0.999999 -0.00133273 0.000123577 0.00133427 0.99994 -0.0109319 -0.00010842 0.0109322 0.99994 -0.11094 0.826272 -0.179953
FixedParameters: 0 0 0

#Transform 75
Transform: AffineTransform_float_3_3
Parameters: 0.999977 -0.00514306 -0.00429322 0.00508393 0.999894 -0.0136571 0.00436278 0.0136349 0.999898 -0.065111 0.931252 -0.0093311
FixedParameters: 0 0 0

#Transform 76
Transform: AffineTransform_float_3_3
Parameters: 0.999982 -0.00419806 -0.0043062 0.00413895 0.999899 -0.0136331 0.00436279 0.0136149 0.999898 -0.081026 0.926012 0.0796475
FixedParameters: 0 0 0

#Transform 77
Transform: AffineTransform_float_3_3
Parameters: 0.999985 -0.00421869 -0.00365822 0.00417432 0.999921 -0.0118685 0.00370777 0.0118525 0.999923 -0.110984 0.852777 0.285348
FixedParameters: 0 0 0

#Transform 78
Transform: AffineTransform_float_3_3
Parameters: 0.999989 -0.00313156 -0.00350063 0.00309543 0.999941 -0.0104019 0.00353337 0.010391 0.99994 -0.0797546 0.792748 0.177522
FixedParameters: 0 0 0

#Transform 79
Transform: AffineTransform_float_3_3
Parameters: 0.999991 -0.00298741 -0.00276956 0.0029566 0.999936 -0.0109183 0.00280144 0.0109107 0.999936 -0.0739205 0.903737 0.157648
FixedParameters: 0 0 0

#Transform 80
Transform: AffineTransform_float_3_3
Parameters: 0.999993 -0.00275389 -0.00277263 0.00272311 0.999939 -0.0107256 0.00280236 0.0107184 0.999938 -0.0619784 0.864984 0.145429
FixedParameters: 0 0 0

#Transform 81
Transform: AffineTransform_float_3_3
Parameters: 0.999994 -0.00258318 -0.00235887 0.00255982 0.999949 -0.0097761 0.00238413 0.0097699 0.99995 -0.0395933 0.83515 0.102751
FixedParameters: 0 0 0

#Transform 82
Transform: AffineTransform_float_3_3
Parameters: 0.999993 -0.00270227 -0.00267067 0.00267673 0.999952 -0.00942122 0.00269633 0.00941378 0.999952 -0.0314787 0.821106 0.076043
FixedParameters: 0 0 0

#Transform 83
Transform: AffineTransform_float_3_3
Parameters: 0.999993 -0.00270318 -0.00252223 0.00267682 0.999943 -0.0103268 0.00254977 0.0103202 0.999944 -0.0363023 0.83702 0.0590429
FixedParameters: 0 0 0

#Transform 84
Transform: AffineTransform_float_3_3
Parameters: 0.999993 -0.0027151 -0.0022847 0.00268489 0.999911 -0.0130772 0.0023203 0.0130708 0.999912 -0.0533187 0.985258 0.0650527
FixedParameters: 0 0 0

#Transform 85
Transform: AffineTransform_float_3_3
Parameters: 0.999992 -0.00318006 -0.00237965 0.00315093 0.999921 -0.0121176 0.00241835 0.0121104 0.999923 -0.0554643 0.896416 -0.0167846
FixedParameters: 0 0 0

#Transform 86
Transform: AffineTransform_float_3_3
Parameters: 0.999984 -0.0050373 -0.00265208 0.0050077 0.999927 -0.0109414 0.00270692 0.0109285 0.999936 0.0166811 0.805384 -0.300493
FixedParameters: 0 0 0

#Transform 87
Transform: AffineTransform_float_3_3
Parameters: 0.999992 -0.0030967 -0.00246187 0.00306529 0.999918 -0.0123796 0.00250013 0.0123714 0.999921 -0.0167269 0.975903 -0.247652
FixedParameters: 0 0 0

#Transform 88
Transform: AffineTransform_float_3_3
Parameters: 0.999995 -0.00131557 -0.00281812 0.00128143 0.999925 -0.0122357 0.00283389 0.0122313 0.999921 -0.0165013 0.974218 -0.235193
FixedParameters: 0 0 0

#Transform 89
Transform: AffineTransform_float_3_3
Parameters: 0.999995 -0.00188703 -0.00223344 0.00185998 0.999926 -0.0120422 0.00225556 0.0120378 0.999925 -0.029791 0.964893 -0.275831
FixedParameters: 0 0 0

#Transform 90
Transform: AffineTransform_float_3_3
Parameters: 0.999996 -0.00152155 -0.00206816 0.00149645 0.999929 -0.0118211 0.00208583 0.0118179 0.999928 -0.0400202 0.968694 -0.277777
FixedParameters: 0 0 0

#Transform 91
Transform: AffineTransform_float_3_3
Parameters: 0.999998 -0.00157353 -0.00142192 0.00155747 0.999932 -0.0115542 0.00144009 0.0115518 0.999932 -0.052283 0.968809 -0.268876
FixedParameters: 0 0 0

#Transform 92
Transform: AffineTransform_float_3_3
Parameters: 0.999997 -0.00142807 -0.00158894 0.00140993 0.999935 -0.0113153 0.00160505 0.0113127 0.999934 -0.0604785 0.974327 -0.184582
FixedParameters: 0 0 0

#Transform 93
Transform: AffineTransform_float_3_3
Parameters: 0.999997 -0.00187225 -0.00162838 0.00185474 0.999943 -0.0105301 0.00164862 0.0105269 0.999943 -0.0506601 0.93001 -0.181294
FixedParameters: 0 0 0

#Transform 94
Transform: AffineTransform_float_3_3
Parameters: 0.999997 -0.00143746 -0.00166423 0.00141954 0.999938 -0.0110434 0.00167978 0.0110406 0.999937 -0.0400511 0.969405 -0.237008
FixedParameters: 0 0 0

#Transform 95
Transform: AffineTransform_float_3_3
Parameters: 0.999997 -0.0014894 -0.00166371 0.0014706 0.999939 -0.0110045 0.00168028 0.0110025 0.999938 -0.0542887 0.965242 -0.195241
FixedParameters: 0 0 0

#Transform 96
Transform: AffineTransform_float_3_3
Parameters: 0.999997 -0.00201244 -0.00175256 0.00198956 0.999917 -0.0127125 0.00177843 0.0127085 0.999917 -0.0617055 1.05302 -0.165289
FixedParameters: 0 0 0

#Transform 97
Transform: AffineTransform_float_3_3
Parameters: 0.999997 -0.00209682 -0.0016552 0.00207719 0.999927 -0.0118855 0.00167981 0.0118825 0.999928 -0.0519271 1.03206 -0.198825
FixedParameters: 0 0 0

#Transform 98
Transform: AffineTransform_float_3_3
Parameters: 0.999997 -0.00201202 -0.00183514 0.00198998 0.999927 -0.0119247 0.00185886 0.0119213 0.999927 -0.0571689 1.03242 -0.20088
FixedParameters: 0 0 0

#Transform 99
Transform: AffineTransform_float_3_3
Parameters: 0.999996 -0.00201052 -0.00165538 0.00198948 0.999923 -0.0123073 0.00167961 0.0123037 0.999923 -0.0687814 1.04299 -0.183908
FixedParameters: 0 0 0

#Transform 100
Transform: AffineTransform_float_3_3
Parameters: 0.999996 -0.00201106 -0.00165474 0.00198994 0.999919 -0.0126293 0.00168026 0.0126257 0.999919 -0.0720974 1.08774 -0.15835
FixedParameters: 0 0 0

#Transform 101
Transform: AffineTransform_float_3_3
Parameters: 0.999996 -0.0025252 -0.00164644 0.00250279 0.999907 -0.0133512 0.00168056 0.0133468 0.99991 -0.0710804 1.16843 -0.146672
FixedParameters: 0 0 0

#Transform 102
Transform: AffineTransform_float_3_3
Parameters: 0.999997 -0.00201782 -0.00176604 0.00199318 0.999901 -0.0139456 0.00179397 0.0139414 0.999901 -0.0662757 1.19196 -0.167301
FixedParameters: 0 0 0

#Transform 103
Transform: AffineTransform_float_3_3
Parameters: 0.999997 -0.00169859 -0.00172209 0.00167442 0.999898 -0.0141789 0.00174591 0.0141761 0.999898 -0.0667405 1.13716 -0.175819
FixedParameters: 0 0 0

#Transform 104
Transform: AffineTransform_float_3_3
Parameters: 0.999994 -0.00253261 -0.00205198 0.00250339 0.999895 -0.0143062 0.00208802 0.0143008 0.999895 -0.054265 1.05929 -0.227989
FixedParameters: 0 0 0

#Transform 105
Transform: AffineTransform_float_3_3
Parameters: 0.999995 -0.00197373 -0.00216324 0.00194327 0.999905 -0.0136623 0.00218975 0.0136577 0.999905 -0.0577769 1.09763 -0.230143
FixedParameters: 0 0 0

#Transform 106
Transform: AffineTransform_float_3_3
Parameters: 0.999994 -0.00253572 -0.00225575 0.00250328 0.999894 -0.0143897 0.00229225 0.0143833 0.999894 -0.0712657 1.14268 -0.105823
FixedParameters: 0 0 0

#Transform 107
Transform: AffineTransform_float_3_3
Parameters: 0.999994 -0.00253352 -0.00205086 0.00250348 0.999888 -0.0147492 0.00208814 0.0147438 0.999889 -0.0491386 1.13962 -0.172665
FixedParameters: 0 0 0

#Transform 108
Transform: AffineTransform_float_3_3
Parameters: 0.999994 -0.00265224 -0.00214148 0.00261875 0.999879 -0.0153777 0.00218252 0.0153723 0.99988 -0.0627147 1.17942 -0.166121
FixedParameters: 0 0 0

#Transform 109
Transform: AffineTransform_float_3_3
Parameters: 0.999993 -0.00275599 -0.00233605 0.00271901 0.999873 -0.0156925 0.00237895 0.0156866 0.999874 -0.0571439 1.24116 -0.138148
FixedParameters: 0 0 0

#Transform 110
Transform: AffineTransform_float_3_3
Parameters: 0.999994 -0.00311795 -0.00188226 0.00308805 0.999872 -0.0157109 0.00193074 0.0157041 0.999875 -0.0668382 1.27296 -0.140449
FixedParameters: 0 0 0

#Transform 111
Transform: AffineTransform_float_3_3
Parameters: 0.999994 -0.00282138 -0.00188781 0.00279161 0.999877 -0.0153913 0.00193119 0.0153856 0.99988 -0.0796265 1.20517 -0.147877
FixedParameters: 0 0 0

#Transform 112
Transform: AffineTransform_float_3_3
Parameters: 0.999995 -0.0022436 -0.00189653 0.00221341 0.999878 -0.0154673 0.00193046 0.0154637 0.999878 -0.0746795 1.20552 -0.133154
FixedParameters: 0 0 0

#Transform 113
Transform: AffineTransform_float_3_3
Parameters: 0.999996 -0.00214602 -0.00189759 0.00211599 0.999875 -0.0156801 0.00193041 0.0156769 0.999876 -0.0379885 1.27054 -0.183913
FixedParameters: 0 0 0

#Transform 114
Transform: AffineTransform_float_3_3
Parameters: 0.999994 -0.00262551 -0.00218078 0.00258849 0.999859 -0.0165777 0.00222421 0.0165713 0.99986 -0.0489358 1.25889 -0.162534
FixedParameters: 0 0 0

#Transform 115
Transform: AffineTransform_float_3_3
Parameters: 0.999979 -0.00618793 -0.00182273 0.00615509 0.999827 -0.0175486 0.00193028 0.0175374 0.999845 -0.0934796 1.23482 -0.166698
FixedParameters: 0 0 0

#Transform 116
Transform: AffineTransform_float_3_3
Parameters: 0.999974 -0.00701816 -0.00174086 0.00698683 0.999826 -0.0173036 0.00186213 0.0172904 0.999849 -0.121058 1.30021 -0.117519
FixedParameters: 0 0 0

#Transform 117
Transform: AffineTransform_float_3_3
Parameters: 0.999982 -0.00554697 -0.00205797 0.00551002 0.99983 -0.0175556 0.00215503 0.0175433 0.999844 -0.0838112 1.29893 -0.135367
FixedParameters: 0 0 0

#Transform 118
Transform: AffineTransform_float_3_3
Parameters: 0.999984 -0.00536003 -0.00189644 0.00532597 0.999833 -0.0175134 0.00199055 0.0175026 0.999845 -0.0824461 1.30757 -0.149309
FixedParameters: 0 0 0

#Transform 119
Transform: AffineTransform_float_3_3
Parameters: 0.999993 -0.00174181 -0.00314413 0.00168217 0.999826 -0.0186114 0.00317685 0.0186056 0.999822 -0.0343051 1.44901 -0.228506
FixedParameters: 0 0 0

#Transform 120
Transform: AffineTransform_float_3_3
Parameters: 0.999991 -0.00192169 -0.00376832 0.0018483 0.999809 -0.0194611 0.00380568 0.0194538 0.999803 -0.0198447 1.44552 -0.220904
FixedParameters: 0 0 0

#Transform 121
Transform: AffineTransform_float_3_3
Parameters: 0.99999 -0.00239915 -0.00375807 0.00232383 0.9998 -0.0198759 0.00380593 0.0198671 0.999796 -0.0128071 1.49988 -0.179567
FixedParameters: 0 0 0

#Transform 122
Transform: AffineTransform_float_3_3
Parameters: 0.99999 -0.00265748 -0.00375267 0.00258251 0.999797 -0.0199779 0.00380534 0.0199681 0.999794 -0.0258087 1.47642 -0.214301
FixedParameters: 0 0 0

#Transform 123
Transform: AffineTransform_float_3_3
Parameters: 0.999989 -0.00227492 -0.00395353 0.0021931 0.999791 -0.0203519 0.00399845 0.0203431 0.999785 -0.0134373 1.50919 -0.215251
FixedParameters: 0 0 0

#Transform 124
Transform: AffineTransform_float_3_3
Parameters: 0.99999 -0.00242156 -0.00379782 0.00234144 0.999775 -0.0210751 0.00384819 0.0210659 0.99977 -0.0126164 1.52572 -0.225571
FixedParameters: 0 0 0

#Transform 125
Transform: AffineTransform_float_3_3
Parameters: 0.99999 -0.00174745 -0.00394105 0.00166355 0.999777 -0.0210788 0.00397694 0.0210723 0.99977 -0.033715 1.54963 -0.228136
FixedParameters: 0 0 0

#Transform 126
Transform: AffineTransform_float_3_3
Parameters: 0.999981 0.00234692 -0.00557981 -0.00246208 0.999782 -0.0207076 0.00553018 0.0207213 0.99977 0.02684 1.55646 -0.293874
FixedParameters: 0 0 0

#Transform 127
Transform: AffineTransform_float_3_3
Parameters: 0.999986 0.00122064 -0.00505487 -0.00132634 0.999776 -0.0210906 0.00502714 0.0210974 0.999765 0.0203831 1.58423 -0.266103
FixedParameters: 0 0 0

#Transform 128
Transform: AffineTransform_float_3_3
Parameters: 0.999986 0.00114421 -0.00505983 -0.00125279 0.999767 -0.021549 0.00503417 0.0215551 0.999755 0.0117366 1.60182 -0.26187
FixedParameters: 0 0 0

#Transform 129
Transform: AffineTransform_float_3_3
Parameters: 0.999988 0.00117994 -0.00486615 -0.00128305 0.999774 -0.02123 0.00483985 0.021236 0.999763 0.00907279 1.58961 -0.267015
FixedParameters: 0 0 0

#Transform 130
Transform: AffineTransform_float_3_3
Parameters: 0.99999 0.00106474 -0.00450606 -0.00115826 0.999784 -0.020745 0.00448293 0.02075 0.999774 -0.00946796 1.5699 -0.238849
FixedParameters: 0 0 0

#Transform 131
Transform: AffineTransform_float_3_3
Parameters: 0.99999 0.000989753 -0.00440176 -0.00108225 0.999779 -0.0210044 0.00438023 0.0210085 0.999769 -0.0116448 1.61739 -0.238108
FixedParameters: 0 0 0

#Transform 132
Transform: AffineTransform_float_3_3
Parameters: 0.999989 0.00129791 -0.00460548 -0.0013951 0.999775 -0.0211418 0.00457753 0.0211472 0.999766 0.0196878 1.67418 -0.227513
FixedParameters: 0 0 0

#Transform 133
Transform: AffineTransform_float_3_3
Parameters: 0.99999 0.000927863 -0.00425044 -0.00101713 0.999778 -0.0210169 0.00422955 0.0210211 0.99977 0.0103593 1.61876 -0.248861
FixedParameters: 0 0 0

#Transform 134
Transform: AffineTransform_float_3_3
Parameters: 0.999988 0.00128014 -0.00476483 -0.00138284 0.999764 -0.0216467 0.00473517 0.0216533 0.999755 0.02362 1.64138 -0.29123
FixedParameters: 0 0 0

#Transform 135
Transform: AffineTransform_float_3_3
Parameters: 0.999989 0.00117914 -0.00464489 -0.00128386 0.999743 -0.0226373 0.00461712 0.0226437 0.999733 0.005425 1.66218 -0.245305
FixedParameters: 0 0 0

#Transform 136
Transform: AffineTransform_float_3_3
Parameters: 0.999989 0.00112648 -0.00459886 -0.00123052 0.999739 -0.0227866 0.00457214 0.0227924 0.99973 0.00825411 1.65584 -0.270497
FixedParameters: 0 0 0

#Transform 137
Transform: AffineTransform_float_3_3
Parameters: 0.999986 0.000761381 -0.00527085 -0.000887621 0.99971 -0.0240617 0.00525116 0.0240663 0.999696 0.0305276 1.71989 -0.292272
FixedParameters: 0 0 0

#Transform 138
Transform: AffineTransform_float_3_3
Parameters: 0.999986 0.000743693 -0.00528614 -0.000874302 0.99969 -0.0248807 0.00526588 0.0248853 0.999677 0.0226618 1.76435 -0.273005
FixedParameters: 0 0 0

#Transform 139
Transform: AffineTransform_float_3_3
Parameters: 0.999986 0.00100268 -0.00506088 -0.00112132 0.999725 -0.0234306 0.0050361 0.0234353 0.999712 0.0128193 1.70475 -0.281908
FixedParameters: 0 0 0

#Transform 140
Transform: AffineTransform_float_3_3
Parameters: 0.999989 0.00107893 -0.00470259 -0.00118107 0.999762 -0.0217557 0.00467841 0.0217613 0.999753 0.017778 1.64445 -0.356689
FixedParameters: 0 0 0

#Transform 141
Transform: AffineTransform_float_3_3
Parameters: 0.999988 0.000800916 -0.00495805 -0.000911083 0.999752 -0.0222408 0.00493896 0.0222452 0.999741 0.0209332 1.67141 -0.355358
FixedParameters: 0 0 0

#Transform 142
Transform: AffineTransform_float_3_3
Parameters: 0.999984 0.000432612 -0.00553483 -0.000554388 0.999759 -0.0219483 0.00552416 0.0219517 0.999744 0.0328012 1.65948 -0.337033
FixedParameters: 0 0 0

#Transform 143
Transform: AffineTransform_float_3_3
Parameters: 0.999988 0.00116895 -0.00463041 -0.00126907 0.999765 -0.0216644 0.00460458 0.0216696 0.999754 0.0169282 1.68648 -0.333947
FixedParameters: 0 0 0

#Transform 144
Transform: AffineTransform_float_3_3
Parameters: 0.999992 0.00148411 -0.00371804 -0.00156189 0.999777 -0.0210343 0.00368596 0.0210396 0.999772 -0.0122908 1.69309 -0.3024
FixedParameters: 0 0 0

#Transform 145
Transform: AffineTransform_float_3_3
Parameters: 0.999994 -7.68795e-05 -0.00331611 5.12261e-06 0.999771 -0.0213691 0.00331687 0.0213689 0.999766 -0.0461131 1.66487 -0.266784
FixedParameters: 0 0 0

#Transform 146
Transform: AffineTransform_float_3_3
Parameters: 0.999993 -0.000115105 -0.00379039 3.19023e-05 0.99976 -0.0219183 0.00379161 0.0219177 0.999752 -0.0268245 1.68644 -0.280098
FixedParameters: 0 0 0

#Transform 147
Transform: AffineTransform_float_3_3
Parameters: 0.999994 0.000455058 -0.00350331 -0.000534936 0.999738 -0.0228523 0.00349169 0.0228537 0.999732 -0.0335605 1.73769 -0.285726
FixedParameters: 0 0 0

#Transform 148
Transform: AffineTransform_float_3_3
Parameters: 0.999994 0.000542453 -0.00361436 -0.00062454 0.999738 -0.0228769 0.00360065 0.0228791 0.999732 -0.0233633 1.75178 -0.298761
FixedParameters: 0 0 0

#Transform 149
Transform: AffineTransform_float_3_3
Parameters: 0.999993 0.000494447 -0.00387633 -0.000583546 0.999738 -0.0228769 0.00386366 0.0228791 0.999731 -0.0220804 1.73374 -0.295973
FixedParameters: 0 0 0

#Transform 150
Transform: AffineTransform_float_3_3
Parameters: 0.999991 0.000129975 -0.00412032 -0.000229018 0.999711 -0.0240423 0.00411568 0.0240427 0.999703 -0.019205 1.78978 -0.2657
FixedParameters: 0 0 0

#Transform 151
Transform: AffineTransform_float_3_3
Parameters: 0.999993 -0.000594042 -0.00370642 0.000501943 0.999692 -0.024785 0.00372058 0.024783 0.999686 -0.0238088 1.80826 -0.280834
FixedParameters: 0 0 0

#Transform 152
Transform: AffineTransform_float_3_3
Parameters: 0.999994 -0.00011 -0.00343834 2.60072e-05 0.999702 -0.0244212 0.00343966 0.0244208 0.999696 -0.0318067 1.78848 -0.286099
FixedParameters: 0 0 0

#Transform 153
Transform: AffineTransform_float_3_3
Parameters: 0.999995 6.59938e-05 -0.00338142 -0.000143999 0.999733 -0.0230746 0.00337858 0.0230743 0.999728 -0.0379745 1.71937 -0.315815
FixedParameters: 0 0 0

#Transform 154
Transform: AffineTransform_float_3_3
Parameters: 0.999992 -0.00359571 -0.00181563 0.00357428 0.999923 -0.0118226 0.00185838 0.0118164 0.999928 -0.036717 1.50566 -0.69539
FixedParameters: 0 0 0

#Transform 155
Transform: AffineTransform_float_3_3
Parameters: 0.999995 -0.00328774 -0.000780073 0.00327926 0.999948 -0.00972362 0.000811922 0.00972139 0.999953 -0.060085 1.51525 -0.785587
FixedParameters: 0 0 0

#Transform 156
Transform: AffineTransform_float_3_3
Parameters: 0.999996 -0.00249882 -0.00116891 0.00248418 0.999929 -0.0116749 0.00119808 0.011672 0.999931 -0.0682809 1.52662 -0.718127
FixedParameters: 0 0 0

#Transform 157
Transform: AffineTransform_float_3_3
Parameters: 0.999994 -0.00330073 -0.00113228 0.00327928 0.999836 -0.0178458 0.00119071 0.0178422 0.99984 -0.0558955 1.61208 -0.615756
FixedParameters: 0 0 0

#Transform 158
Transform: AffineTransform_float_3_3
Parameters: 0.999997 -0.00168484 -0.001794 0.00164915 0.999802 -0.019798 0.00182701 0.019795 0.999803 -0.068884 1.72976 -0.558339
FixedParameters: 0 0 0

#Transform 159
Transform: AffineTransform_float_3_3
Parameters: 0.999995 -0.00128795 -0.00312317 0.00122605 0.999804 -0.0197579 0.00314784 0.0197541 0.9998 -0.0169579 1.71899 -0.533874
FixedParameters: 0 0 0

#Transform 160
Transform: AffineTransform_float_3_3
Parameters: 0.999996 -0.00101572 -0.00256475 0.000962279 0.99979 -0.0204725 0.00258524 0.0204695 0.999787 -0.0436823 1.74381 -0.53671
FixedParameters: 0 0 0

#Transform 161
Transform: AffineTransform_float_3_3
Parameters: 0.999997 -0.0010579 -0.00219088 0.0010131 0.999792 -0.0203943 0.00221212 0.0203917 0.999789 -0.0512389 1.76262 -0.500641
FixedParameters: 0 0 0

#Transform 162
Transform: AffineTransform_float_3_3
Parameters: 0.999997 -0.00145213 -0.00224926 0.00140487 0.999783 -0.0208162 0.00227874 0.0208128 0.999781 -0.0355929 1.78535 -0.547972
FixedParameters: 0 0 0

#Transform 163
Transform: AffineTransform_float_3_3
Parameters: 0.999994 -0.000656177 -0.00323082 0.000581818 0.999738 -0.022907 0.00324518 0.022905 0.999733 0.0179273 1.85158 -0.605833
FixedParameters: 0 0 0

#Transform 164
Transform: AffineTransform_float_3_3
Parameters: 0.999994 -0.000249022 -0.00339713 0.000169982 0.99973 -0.0232417 0.00340187 0.0232413 0.999724 0.0103751 1.86839 -0.580617
FixedParameters: 0 0 0

#Transform 165
Transform: AffineTransform_float_3_3
Parameters: 0.999996 -0.00012155 -0.00289999 5.64486e-05 0.999744 -0.0225933 0.00290202 0.0225927 0.999741 -0.00415785 1.84932 -0.540715
FixedParameters: 0 0 0

#Transform 166
Transform: AffineTransform_float_3_3
Parameters: 0.999997 0.000211489 -0.00215818 -0.00025853 0.999757 -0.0220385 0.00215382 0.0220385 0.999755 -0.022616 1.90413 -0.574303
FixedParameters: 0 0 0

#Transform 167
Transform: AffineTransform_float_3_3
Parameters: 0.999997 0.000139427 -0.00215834 -0.000183565 0.999787 -0.0206647 0.00215467 0.0206654 0.999784 -0.0243568 1.87168 -0.525784
FixedParameters: 0 0 0

#Transform 168
Transform: AffineTransform_float_3_3
Parameters: 0.999997 0.000309157 -0.00210889 -0.000352844 0.999783 -0.0208203 0.00210211 0.0208217 0.999781 -0.0357161 1.96454 -0.551
FixedParameters: 0 0 0

#Transform 169
Transform: AffineTransform_float_3_3
Parameters: 0.999997 -0.000938154 -0.00231809 0.000889846 0.999785 -0.0206881 0.00233691 0.0206859 0.999784 -0.0179607 1.89938 -0.518349
FixedParameters: 0 0 0

#Transform 170
Transform: AffineTransform_float_3_3
Parameters: 0.999998 -0.000867521 -0.00206564 0.000834474 0.999876 -0.0156928 0.00207935 0.0156912 0.999874 -0.0466615 1.74466 -0.423161
FixedParameters: 0 0 0

#Transform 171
Transform: AffineTransform_float_3_3
Parameters: 0.999998 0.000956581 -0.00178038 -0.000960422 0.999997 -0.0024833 0.00177862 0.00248471 0.999996 -0.102764 1.02157 -0.0226786
FixedParameters: 0 0 0

#Transform 172
Transform: AffineTransform_float_3_3
Parameters: 0.999999 0.0015613 -0.000756317 -0.0015607 0.999998 0.00172018 0.000759685 -0.00171882 0.999998 -0.164448 0.866563 -0.140104
FixedParameters: 0 0 0

#Transform 173
Transform: AffineTransform_float_3_3
Parameters: 0.999998 0.000819255 -0.00147377 -0.000825746 0.999989 -0.00458179 0.00147023 0.00458321 0.999989 -0.0423097 1.22669 -0.445325
FixedParameters: 0 0 0

#Transform 174
Transform: AffineTransform_float_3_3
Parameters: 0.999996 0.00181343 -0.00220374 -0.00182357 0.999987 -0.004802 0.00219526 0.004806 0.999986 -0.0087946 1.2874 -0.496525
FixedParameters: 0 0 0

#Transform 175
Transform: AffineTransform_float_3_3
Parameters: 0.999996 0.00157165 -0.00225536 -0.00158535 0.999981 -0.00592845 0.00224564 0.00593255 0.99998 8.92654e-05 1.28777 -0.475105
FixedParameters: 0 0 0

#Transform 176
Transform: AffineTransform_float_3_3
Parameters: 0.999997 0.00190203 -0.00188317 -0.00191398 0.999978 -0.00637542 0.00187183 0.00637858 0.999978 -0.0236383 1.32589 -0.484528
FixedParameters: 0 0 0

#Transform 177
Transform: AffineTransform_float_3_3
Parameters: 0.999995 0.00227569 -0.00212452 -0.00229131 0.999971 -0.00723117 0.00210748 0.00723583 0.999971 -0.0208441 1.35293 -0.499649
FixedParameters: 0 0 0

#Transform 178
Transform: AffineTransform_float_3_3
Parameters: 0.999995 0.00223042 -0.00195408 -0.00224757 0.999961 -0.00852165 0.00193491 0.00852635 0.999962 -0.0454654 1.41945 -0.510315
FixedParameters: 0 0 0

#Transform 179
Transform: AffineTransform_float_3_3
Parameters: 0.999995 0.0024827 -0.00194726 -0.00249931 0.999957 -0.00893218 0.00192575 0.00893683 0.999958 -0.0223187 1.48759 -0.531654
FixedParameters: 0 0 0

#Transform 180
Transform: AffineTransform_float_3_3
Parameters: 0.999996 0.00245493 -0.00153806 -0.00246807 0.999961 -0.00855424 0.00151694 0.00855876 0.999962 -0.0331791 1.51511 -0.539715
FixedParameters: 0 0 0

#Transform 181
Transform: AffineTransform_float_3_3
Parameters: 0.999996 0.00244978 -0.00142324 -0.00246222 0.999959 -0.00864752 0.00140176 0.00865046 0.999961 -0.0408479 1.45289 -0.497239
FixedParameters: 0 0 0

#Transform 182
Transform: AffineTransform_float_3_3
Parameters: 0.999996 0.00238209 -0.00161175 -0.00239591 0.99996 -0.00868318 0.00159125 0.00868683 0.999961 -0.0356977 1.44124 -0.538582
FixedParameters: 0 0 0

#Transform 183
Transform: AffineTransform_float_3_3
Parameters: 0.999996 0.00252673 -0.0013198 -0.00253826 0.999959 -0.00860668 0.0012972 0.00860931 0.999962 -0.0425756 1.50722 -0.556412
FixedParameters: 0 0 0

#Transform 184
Transform: AffineTransform_float_3_3
Parameters: 0.999996 0.00217155 -0.00167194 -0.00218645 0.99996 -0.00869137 0.00165306 0.00869462 0.999961 -0.0377302 1.54301 -0.537256
FixedParameters: 0 0 0

#Transform 185
Transform: AffineTransform_float_3_3
Parameters: 0.999997 0.0021814 -0.00162479 -0.0021956 0.999956 -0.00904046 0.00160521 0.00904353 0.999958 -0.0392459 1.52198 -0.53026
FixedParameters: 0 0 0

#Transform 186
Transform: AffineTransform_float_3_3
Parameters: 0.999996 0.00218968 -0.00137975 -0.00220132 0.999957 -0.00899099 0.00136026 0.00899401 0.999958 -0.0506959 1.49822 -0.549548
FixedParameters: 0 0 0

#Transform 187
Transform: AffineTransform_float_3_3
Parameters: 0.999997 0.00222814 -0.00158565 -0.00224185 0.999959 -0.00879148 0.00156535 0.00879452 0.99996 -0.03965 1.4788 -0.552713
FixedParameters: 0 0 0

#Transform 188
Transform: AffineTransform_float_3_3
Parameters: 0.999996 0.00263405 -0.00139671 -0.00264695 0.999952 -0.00935534 0.00137129 0.00935865 0.999956 -0.0426721 1.52164 -0.5598
FixedParameters: 0 0 0

#Transform 189
Transform: AffineTransform_float_3_3
Parameters: 0.999996 0.00240793 -0.0015146 -0.00242207 0.999954 -0.00935637 0.0014924 0.00935964 0.999955 -0.0526884 1.50544 -0.539243
FixedParameters: 0 0 0

#Transform 190
Transform: AffineTransform_float_3_3
