#Insight Transform File V1.0
#Transform 0
Transform: AffineTransform_float_3_3
Parameters: 1 -1.58864e-05 -0.000385005 1.61136e-05 1 0.000294994 0.000384995 -0.000295006 1 -0.00873083 0.0214006 0.434939
FixedParameters: 0 0 0

#Transform 1
Transform: AffineTransform_float_3_3
Parameters: 1 -2.59801e-05 -1.70304e-05 2.60199e-05 1 0.00117 1.69696e-05 -0.00117 1 0.0382151 0.0650689 -0.0264024
FixedParameters: 0 0 0

#Transform 2
Transform: AffineTransform_float_3_3
Parameters: 1 -0.000229934 0.000174087 0.000230066 1 -0.00037796 -0.000173913 0.00037804 1 0.0192902 -0.00319552 -0.0630696
FixedParameters: 0 0 0

#Transform 3
Transform: AffineTransform_float_3_3
Parameters: 1 -0.000519008 3.58889e-05 0.000518992 1 0.000214019 -3.61111e-05 -0.000213981 1 0.0247518 -0.00627943 -0.0735234
FixedParameters: 0 0 0

#Transform 4
Transform: AffineTransform_float_3_3
Parameters: 1 0.000427076 0.000181822 -0.000426924 1 -0.000417078 -0.000182178 0.000416922 1 0.018171 0.0190972 -0.076987
FixedParameters: 0 0 0

#Transform 5
Transform: AffineTransform_float_3_3
Parameters: 0.999999 0.00070275 0.000450833 -0.000702252 0.999999 -0.00166132 -0.000451167 0.00166068 0.999998 0.0385706 0.0171525 -0.0664641
FixedParameters: 0 0 0

#Transform 6
Transform: AffineTransform_float_3_3
Parameters: 1 0.000586268 0.000831107 -0.000584733 0.999998 -0.00152449 -0.000831893 0.00152451 0.999998 0.0445901 0.00263046 -0.0368195
FixedParameters: 0 0 0

#Transform 7
Transform: AffineTransform_float_3_3
Parameters: 0.999999 -0.000170535 0.000774102 0.000170464 1 -0.000599868 -0.000773897 0.000600132 0.999999 0.0552233 0.00306997 -0.0464666
FixedParameters: 0 0 0

#Transform 8
Transform: AffineTransform_float_3_3
Parameters: 1 -0.000801329 0.000788684 0.000801673 1 -0.000852369 -0.000788318 0.000852633 1 0.0630026 0.000917941 -0.0648874
FixedParameters: 0 0 0

#Transform 9
Transform: AffineTransform_float_3_3
Parameters: 1 -0.000488776 0.000506216 0.000489224 1 -0.000442752 -0.000505783 0.000443247 1 0.0366736 -0.0139559 -0.0812141
FixedParameters: 0 0 0

#Transform 10
Transform: AffineTransform_float_3_3
Parameters: 0.999999 -0.000327571 0.000704199 0.000328428 1 -0.000608768 -0.0007038 0.00060923 0.999999 0.0394537 -0.00743636 -0.0781142
FixedParameters: 0 0 0

#Transform 11
Transform: AffineTransform_float_3_3
Parameters: 0.999999 -0.000258609 0.00071914 0.000258391 1 -0.000543814 -0.000718859 0.000544186 0.999999 0.0434039 -0.0224815 -0.0626066
FixedParameters: 0 0 0

#Transform 12
Transform: AffineTransform_float_3_3
Parameters: 0.999999 -0.000346093 0.000764958 0.000345907 1 0.000121265 -0.000765042 -0.000121735 0.999999 0.0396388 0.0179927 -0.0447528
FixedParameters: 0 0 0

#Transform 13
Transform: AffineTransform_float_3_3
Parameters: 1 2.04942e-05 0.000698985 -2.05058e-05 0.999999 -0.000707014 -0.000699014 0.000706985 0.999999 0.0486784 0.000699134 -0.040655
FixedParameters: 0 0 0

#Transform 14
Transform: AffineTransform_float_3_3
Parameters: 1 2.06309e-05 0.000535976 -2.03691e-05 1 -0.00117701 -0.000536024 0.00117699 0.999999 0.0432454 0.0102668 -0.0793047
FixedParameters: 0 0 0

#Transform 15
Transform: AffineTransform_float_3_3
Parameters: 0.999999 2.07451e-05 0.00076498 -2.02549e-05 0.999999 -0.000974016 -0.00076502 0.000973984 0.999999 0.054817 0.0163382 -0.0739134
FixedParameters: 0 0 0

#Transform 16
Transform: AffineTransform_float_3_3
Parameters: 0.999999 0.000336469 0.000764793 -0.000335531 1 -0.000614256 -0.000764205 0.000613743 0.999999 0.0505674 0.0230536 -0.0719486
FixedParameters: 0 0 0

#Transform 17
Transform: AffineTransform_float_3_3
Parameters: 1 0.000527883 0.000764391 -0.000527117 0.999999 -0.0011554 -0.00076461 0.0011546 0.999999 0.0639607 0.0290018 -0.0682074
FixedParameters: 0 0 0

#Transform 18
Transform: AffineTransform_float_3_3
Parameters: 0.999999 0.000528131 0.000764218 -0.000526868 0.999999 -0.0014804 -0.00076478 0.0014796 0.999998 0.0685164 0.0403068 -0.087522
FixedParameters: 0 0 0

#Transform 19
Transform: AffineTransform_float_3_3
Parameters: 0.999999 0.000528091 0.000578004 -0.000526908 0.999998 -0.00188731 -0.000578995 0.0018867 0.999998 0.0558098 0.0348077 -0.0909733
FixedParameters: 0 0 0

#Transform 20
Transform: AffineTransform_float_3_3
Parameters: 1 0.000527046 2.2967e-05 -0.000526954 0.999998 -0.00196001 -2.40329e-05 0.00195999 0.999998 0.0389506 0.038945 -0.106384
FixedParameters: 0 0 0

#Transform 21
Transform: AffineTransform_float_3_3
Parameters: 0.999999 0.000527853 0.00123464 -0.000527148 0.999999 -0.000690651 -0.00123436 0.000690349 0.999999 0.0524035 0.0582326 -0.0875394
FixedParameters: 0 0 0

#Transform 22
Transform: AffineTransform_float_3_3
Parameters: 0.999995 0.0011129 0.00288373 -0.0011071 0.999998 -0.0020462 -0.00288627 0.0020428 0.999993 0.168266 0.00880756 -0.112228
FixedParameters: 0 0 0

#Transform 23
Transform: AffineTransform_float_3_3
Parameters: 0.999998 -0.000611597 0.00154095 0.000614402 0.999998 -0.00155905 -0.00154004 0.00155994 0.999997 0.120369 -0.0561055 -0.0402898
FixedParameters: 0 0 0

#Transform 24
Transform: AffineTransform_float_3_3
Parameters: 0.999996 -0.000361036 0.00274453 0.000364965 0.999999 -0.001444 -0.00274448 0.001445 0.999995 0.135006 -0.000210319 -0.014994
FixedParameters: 0 0 0

#Transform 25
Transform: AffineTransform_float_3_3
Parameters: 0.999994 -0.000120209 0.00332421 0.000126793 0.999998 -0.00174259 -0.00332378 0.00174241 0.999993 0.16633 -0.0314061 0.0150849
FixedParameters: 0 0 0

#Transform 26
Transform: AffineTransform_float_3_3
Parameters: 0.999997 -0.00194215 0.00105427 0.00194485 0.999995 -0.00271096 -0.00104873 0.00271304 0.999996 0.0961216 -0.0723401 -0.0558891
FixedParameters: 0 0 0

#Transform 27
Transform: AffineTransform_float_3_3
Parameters: 0.999994 0.0011483 0.00320233 -0.0011377 0.999994 -0.00321566 -0.00320567 0.00321234 0.999989 0.140639 -0.0121272 -0.00325376
FixedParameters: 0 0 0

#Transform 28
Transform: AffineTransform_float_3_3
Parameters: 0.999998 0.000357187 0.00200391 -0.000350813 0.999995 -0.00308671 -0.00200509 0.00308629 0.999993 0.122983 0.00574079 -0.0538563
FixedParameters: 0 0 0

#Transform 29
Transform: AffineTransform_float_3_3
Parameters: 0.999998 0.000929793 0.00133568 -0.000925206 0.999993 -0.00358424 -0.00133932 0.00358376 0.999992 0.104092 -0.00623904 -0.0334617
FixedParameters: 0 0 0

#Transform 30
Transform: AffineTransform_float_3_3
Parameters: 0.999998 0.000733061 0.00144294 -0.000726938 0.999991 -0.00419705 -0.00144606 0.00419595 0.99999 0.115116 0.00136291 -0.0446322
FixedParameters: 0 0 0

#Transform 31
Transform: AffineTransform_float_3_3
Parameters: 0.999998 0.000708466 0.00154205 -0.000701535 0.999991 -0.00418909 -0.00154495 0.00418891 0.99999 0.10646 -0.00902992 -0.0329758
FixedParameters: 0 0 0

#Transform 32
Transform: AffineTransform_float_3_3
Parameters: 0.999997 0.000754107 0.00202974 -0.000747896 0.999995 -0.00300753 -0.00203126 0.00300648 0.999994 0.122496 0.0294293 -0.0554154
FixedParameters: 0 0 0

#Transform 33
Transform: AffineTransform_float_3_3
Parameters: 0.999999 0.000631575 0.00122465 -0.000626423 0.999993 -0.00373277 -0.00122735 0.00373223 0.999993 0.102243 -0.0036132 -0.0813516
FixedParameters: 0 0 0

#Transform 34
Transform: AffineTransform_float_3_3
Parameters: 0.999998 0.000702689 0.00144525 -0.000697312 0.999992 -0.00393301 -0.00144775 0.00393199 0.999991 0.105993 0.0137888 -0.063957
FixedParameters: 0 0 0

#Transform 35
Transform: AffineTransform_float_3_3
Parameters: 0.999999 0.00087245 0.00144412 -0.000865552 0.999989 -0.00446025 -0.00144788 0.00445974 0.999989 0.107334 0.0126807 -0.0741486
FixedParameters: 0 0 0

#Transform 36
Transform: AffineTransform_float_3_3
Parameters: 0.999999 0.000985917 0.00153695 -0.000978085 0.999987 -0.00514251 -0.00154205 0.00514149 0.999985 0.0943803 -0.0119744 -0.0685342
FixedParameters: 0 0 0

#Transform 37
Transform: AffineTransform_float_3_3
Parameters: 0.999999 0.000463563 0.00169795 -0.000456435 0.99999 -0.00445278 -0.00170005 0.00445122 0.999988 0.120482 -0.00421012 -0.0254698
FixedParameters: 0 0 0

#Transform 38
Transform: AffineTransform_float_3_3
Parameters: 0.999999 0.000705252 0.00101738 -0.000700746 0.999987 -0.00515272 -0.00102162 0.00515229 0.999986 0.0929042 0.00936006 -0.0435464
FixedParameters: 0 0 0

#Transform 39
Transform: AffineTransform_float_3_3
Parameters: 1 0.000274132 0.000522407 -0.000272869 0.999997 -0.00216614 -0.000522592 0.00216586 0.999997 0.0893283 0.0147938 0.00155204
FixedParameters: 0 0 0

#Transform 40
Transform: AffineTransform_float_3_3
Parameters: 1 0.000326151 0.000624881 -0.000323848 0.999994 -0.0034402 -0.000626117 0.0034398 0.999994 0.0715572 0.0291907 -0.0855787
FixedParameters: 0 0 0

#Transform 41
Transform: AffineTransform_float_3_3
Parameters: 0.999999 0.000661207 0.000520206 -0.000659793 0.999991 -0.00423234 -0.000522797 0.00423165 0.999991 0.0874581 0.0125214 -0.0773372
FixedParameters: 0 0 0

#Transform 42
Transform: AffineTransform_float_3_3
Parameters: 0.999999 0.000661582 0.000519729 -0.000659421 0.999988 -0.00495335 -0.000522272 0.00495266 0.999987 0.0870047 0.00588797 -0.0467467
FixedParameters: 0 0 0

#Transform 43
Transform: AffineTransform_float_3_3
Parameters: 1 0.000710428 0.000848312 -0.000706574 0.999986 -0.0052086 -0.000851692 0.0052074 0.999986 0.0886418 0.0167424 -0.0562022
FixedParameters: 0 0 0

#Transform 44
Transform: AffineTransform_float_3_3
Parameters: 1 0.000662868 0.000747589 -0.000659136 0.999987 -0.0051615 -0.000750413 0.00516151 0.999987 0.0853657 0.000619206 -0.053499
FixedParameters: 0 0 0

#Transform 45
Transform: AffineTransform_float_3_3
Parameters: 0.999999 0.000740016 0.00116319 -0.000733985 0.999987 -0.00516386 -0.00116681 0.00516314 0.999986 0.100552 0.0023413 -0.0501554
FixedParameters: 0 0 0

#Transform 46
Transform: AffineTransform_float_3_3
Parameters: 0.999999 0.000665299 0.00116342 -0.000659703 0.999985 -0.00540677 -0.00116658 0.00540523 0.999984 0.108072 0.0137009 -0.0612025
FixedParameters: 0 0 0

#Transform 47
Transform: AffineTransform_float_3_3
Parameters: 0.999999 0.000665635 0.00116323 -0.000659366 0.999983 -0.00569477 -0.00116677 0.00569423 0.999983 0.103992 0.011578 -0.0362693
FixedParameters: 0 0 0

#Transform 48
Transform: AffineTransform_float_3_3
Parameters: 0.999999 0.000665962 0.00122223 -0.000659039 0.999983 -0.00568781 -0.00122577 0.00568719 0.999983 0.100316 0.00935723 -0.0180911
FixedParameters: 0 0 0

#Transform 49
Transform: AffineTransform_float_3_3
Parameters: 0.999999 0.00117862 0.000937213 -0.00117338 0.999987 -0.00492011 -0.000942784 0.0049189 0.999988 0.099527 0.0281271 -0.0276523
FixedParameters: 0 0 0

#Transform 50
Transform: AffineTransform_float_3_3
Parameters: 0.999999 0.00116429 0.000797775 -0.00115971 0.999985 -0.00535693 -0.000803224 0.00535607 0.999986 0.0986321 0.0183026 -0.0775706
FixedParameters: 0 0 0

#Transform 51
Transform: AffineTransform_float_3_3
Parameters: 0.999999 0.00116446 0.000859992 -0.00116054 0.999986 -0.00517 -0.000866011 0.005169 0.999987 0.0928927 0.0208064 -0.0796302
FixedParameters: 0 0 0

#Transform 52
Transform: AffineTransform_float_3_3
Parameters: 0.999999 0.000444794 0.000704619 -0.00044021 0.999986 -0.00537532 -0.000706376 0.00537469 0.999986 0.0984688 0.00535509 -0.0426536
FixedParameters: 0 0 0

#Transform 53
Transform: AffineTransform_float_3_3
Parameters: 0.999999 0.00107331 0.0010365 -0.00106768 0.999981 -0.00607211 -0.0010435 0.00607089 0.999981 0.10199 -0.00135938 -0.047787
FixedParameters: 0 0 0

#Transform 54
Transform: AffineTransform_float_3_3
Parameters: 0.999998 0.00186773 0.00126102 -0.00186327 0.999992 -0.00374436 -0.00126798 0.00374164 0.999992 0.10211 -0.0644831 0.104136
FixedParameters: 0 0 0

#Transform 55
Transform: AffineTransform_float_3_3
Parameters: 0.999998 0.00182697 0.000988362 -0.00182503 0.999997 -0.00199281 -0.000991637 0.00199119 0.999997 0.0840364 0.0607925 0.0182188
FixedParameters: 0 0 0

#Transform 56
Transform: AffineTransform_float_3_3
Parameters: 0.999998 0.00185206 0.000558224 -0.00184994 0.999991 -0.00366104 -0.000564777 0.00366096 0.999993 0.0786004 0.0559532 -0.0246367
FixedParameters: 0 0 0

#Transform 57
Transform: AffineTransform_float_3_3
Parameters: 0.999997 0.00210622 0.000556671 -0.00210478 0.99999 -0.00395718 -0.000564334 0.00395682 0.999992 0.082834 0.052112 -0.0240465
FixedParameters: 0 0 0

#Transform 58
Transform: AffineTransform_float_3_3
Parameters: 0.999997 0.0024595 -0.000105481 -0.0024605 0.999984 -0.00507376 9.25188e-05 0.00507324 0.999987 0.0572412 0.0387966 -0.0202455
FixedParameters: 0 0 0

#Transform 59
Transform: AffineTransform_float_3_3
Parameters: 0.999998 0.00210475 0.000146612 -0.00210425 0.999985 -0.00493632 -0.000157388 0.00493568 0.999988 0.0568496 0.0263035 -0.0419037
FixedParameters: 0 0 0

#Transform 60
Transform: AffineTransform_float_3_3
Parameters: 0.999997 0.00210699 0.000574144 -0.00210401 0.999985 -0.00515622 -0.000584854 0.00515478 0.999986 0.0656088 0.021875 -0.0405298
FixedParameters: 0 0 0

#Transform 61
Transform: AffineTransform_float_3_3
Parameters: 0.999998 0.00210474 0.000146726 -0.00210426 0.999986 -0.00488232 -0.000157277 0.00488268 0.999988 0.0539779 0.0289007 -0.0620544
FixedParameters: 0 0 0

#Transform 62
Transform: AffineTransform_float_3_3
Parameters: 0.999997 0.00212718 0.000582495 -0.00212382 0.999983 -0.00541325 -0.000593503 0.00541175 0.999985 0.0824013 0.056186 -0.0512969
FixedParameters: 0 0 0

#Transform 63
Transform: AffineTransform_float_3_3
Parameters: 0.999998 0.00200491 0.000685661 -0.00200109 0.999982 -0.00566138 -0.00069634 0.00566061 0.999983 0.084595 0.0554793 -0.0520233
FixedParameters: 0 0 0

#Transform 64
Transform: AffineTransform_float_3_3
Parameters: 0.999997 0.00210649 0.00108844 -0.00210051 0.999985 -0.0050203 -0.00109956 0.0050177 0.999987 0.0824125 0.0445794 -0.0572869
FixedParameters: 0 0 0

#Transform 65
Transform: AffineTransform_float_3_3
Parameters: 0.999995 0.00319601 0.000918747 -0.00319099 0.999981 -0.00540396 -0.000936254 0.00540104 0.999985 0.0724137 0.0381261 -0.0404931
FixedParameters: 0 0 0

#Transform 66
Transform: AffineTransform_float_3_3
Parameters: 0.999993 0.00368016 0.00125622 -0.00367284 0.999978 -0.00565466 -0.00127678 0.00564935 0.999983 0.0694364 0.0325663 -0.0325274
FixedParameters: 0 0 0

#Transform 67
Transform: AffineTransform_float_3_3
Parameters: 0.999991 0.00370184 0.00170783 -0.00369116 0.999977 -0.00572935 -0.00172916 0.00572265 0.999982 0.071631 0.0315062 -0.0293101
FixedParameters: 0 0 0

#Transform 68
Transform: AffineTransform_float_3_3
Parameters: 0.999992 0.00360094 0.00170611 -0.00359007 0.999974 -0.00637018 -0.00172889 0.00636383 0.999979 0.0839233 0.0501186 -0.0120117
FixedParameters: 0 0 0

#Transform 69
Transform: AffineTransform_float_3_3
Parameters: 0.999994 0.00319921 0.00128373 -0.0031908 0.999975 -0.00634613 -0.00130327 0.00634187 0.999979 0.0932299 0.0303378 -0.0474049
FixedParameters: 0 0 0

#Transform 70
Transform: AffineTransform_float_3_3
Parameters: 0.999994 0.00319936 0.00141119 -0.00319163 0.999977 -0.00588954 -0.00143081 0.00588445 0.999981 0.109369 0.0456992 -0.0417113
FixedParameters: 0 0 0

#Transform 71
Transform: AffineTransform_float_3_3
Parameters: 0.999996 0.00291198 0.000999742 -0.00290602 0.999978 -0.00593393 -0.00101726 0.00593107 0.999982 0.074148 0.0418422 -0.060352
FixedParameters: 0 0 0

#Transform 72
Transform: AffineTransform_float_3_3
Parameters: 0.999995 0.00269248 0.00116514 -0.00268552 0.999981 -0.00552815 -0.00117986 0.00552485 0.999984 0.0748055 0.0377301 -0.0546732
FixedParameters: 0 0 0

#Transform 73
Transform: AffineTransform_float_3_3
Parameters: 0.999996 0.00247483 0.000818521 -0.00247017 0.99998 -0.00585704 -0.00083248 0.00585496 0.999983 0.0608345 0.0288591 -0.0334422
FixedParameters: 0 0 0

#Transform 74
Transform: AffineTransform_float_3_3
Parameters: 0.999996 0.00258152 0.00109983 -0.00257549 0.99998 -0.00588386 -0.00111417 0.00588115 0.999982 0.0817382 0.0398965 -0.0358905
FixedParameters: 0 0 0

#Transform 75
Transform: AffineTransform_float_3_3
Parameters: 0.999996 0.0025926 0.0010864 -0.00258641 0.999979 -0.00602784 -0.00110161 0.00602517 0.999981 0.0853867 0.0501494 -0.0663197
FixedParameters: 0 0 0

#Transform 76
Transform: AffineTransform_float_3_3
Parameters: 0.999997 0.00247617 0.0010749 -0.00246983 0.99998 -0.00570367 -0.0010891 0.00570132 0.999983 0.0864158 0.0504043 -0.0604599
FixedParameters: 0 0 0

#Transform 77
Transform: AffineTransform_float_3_3
Parameters: 0.999997 0.00247591 0.000979191 -0.00247009 0.999979 -0.00598944 -0.000993808 0.00598656 0.999981 0.0853597 0.0201275 -0.0424566
FixedParameters: 0 0 0

#Transform 78
Transform: AffineTransform_float_3_3
Parameters: 0.999997 0.00214618 0.00104844 -0.00213982 0.999981 -0.00586027 -0.00106056 0.00585775 0.999983 0.0859862 0.0349648 -0.0410529
FixedParameters: 0 0 0

#Transform 79
Transform: AffineTransform_float_3_3
Parameters: 0.999997 0.0018901 0.00149105 -0.0018829 0.999987 -0.00474682 -0.00149995 0.00474418 0.999987 0.103862 0.0177537 0.0396821
FixedParameters: 0 0 0

#Transform 80
Transform: AffineTransform_float_3_3
Parameters: 0.999996 0.00280252 0.00112427 -0.00279848 0.999991 -0.00312016 -0.00113273 0.00311684 0.999994 0.0779059 0.0313434 0.0137067
FixedParameters: 0 0 0

#Transform 81
Transform: AffineTransform_float_3_3
Parameters: 0.999997 0.00255239 0.000783252 -0.00254961 0.999992 -0.00303801 -0.000790747 0.00303599 0.999995 0.0620142 0.0576083 0.0108316
FixedParameters: 0 0 0

#Transform 82
Transform: AffineTransform_float_3_3
Parameters: 0.999999 0.00105765 0.000867778 -0.00105535 0.999995 -0.00305092 -0.000870223 0.00305008 0.999995 0.0946523 0.038452 0.0313845
FixedParameters: 0 0 0

#Transform 83
Transform: AffineTransform_float_3_3
Parameters: 0.999998 0.00130287 0.00106572 -0.00130113 0.999997 -0.00175439 -0.00106728 0.00175261 0.999998 0.081492 0.00670896 0.0545819
FixedParameters: 0 0 0

#Transform 84
Transform: AffineTransform_float_3_3
Parameters: 0.999999 0.00121332 -0.000970099 -0.00121068 0.999997 0.00239318 0.000972899 -0.00239182 0.999996 -0.0064865 0.0688542 -0.0177645
FixedParameters: 0 0 0

#Transform 85
Transform: AffineTransform_float_3_3
Parameters: 0.999999 -0.000844073 -0.000575427 0.000842924 0.999998 -0.00186449 0.000577572 0.00186351 0.999998 0.0392989 -0.00899504 0.0478274
FixedParameters: 0 0 0

#Transform 86
Transform: AffineTransform_float_3_3
Parameters: 1 -0.000484239 -0.000992911 0.000481763 0.999998 -0.00225448 0.000993089 0.00225352 0.999997 0.0178974 -0.0222063 -0.0237946
FixedParameters: 0 0 0

#Transform 87
Transform: AffineTransform_float_3_3
Parameters: 1 0.000295067 3.34093e-05 -0.000294933 0.999998 -0.00200201 -3.35905e-05 0.00200199 0.999998 0.0692625 0.0127993 0.0285267
FixedParameters: 0 0 0

#Transform 88
Transform: AffineTransform_float_3_3
Parameters: 0.999999 0.000458878 0.000557459 -0.00045712 0.999994 -0.00336526 -0.000559541 0.00336475 0.999994 0.0809475 0.00113775 0.0210306
FixedParameters: 0 0 0

#Transform 89
Transform: AffineTransform_float_3_3
Parameters: 1 0.000296644 0.000491011 -0.000294356 0.999995 -0.00334515 -0.000491987 0.00334486 0.999995 0.0901856 -0.00184228 0.0171329
FixedParameters: 0 0 0

#Transform 90
Transform: AffineTransform_float_3_3
Parameters: 0.999999 0.00083041 0.000145681 -0.000829591 0.999996 -0.00279312 -0.000147318 0.00279288 0.999996 0.0676261 -0.0111954 0.0464948
FixedParameters: 0 0 0

#Transform 91
Transform: AffineTransform_float_3_3
Parameters: 1 0.000296592 0.000624246 -0.000294408 0.999996 -0.00254918 -0.000624752 0.00254881 0.999996 0.0789445 -0.0200683 0.0432696
FixedParameters: 0 0 0

#Transform 92
Transform: AffineTransform_float_3_3
Parameters: 1 0.000409412 0.000431664 -0.000407586 0.999994 -0.00326717 -0.000433334 0.00326682 0.999994 0.0780913 -0.0105491 0.0340621
FixedParameters: 0 0 0

#Transform 93
Transform: AffineTransform_float_3_3
Parameters: 0.999999 0.00119802 0.000487051 -0.00119598 0.99999 -0.00413459 -0.000491949 0.00413441 0.999992 0.0774843 -0.00103938 0.0356107
FixedParameters: 0 0 0

#Transform 94
Transform: AffineTransform_float_3_3
Parameters: 0.999997 0.00212194 0.000483553 -0.00212006 0.99999 -0.00398303 -0.000491447 0.00398197 0.999992 0.0989787 0.0321992 0.0516363
FixedParameters: 0 0 0

#Transform 95
Transform: AffineTransform_float_3_3
Parameters: 0.999997 0.00218521 4.31799e-05 -0.00218478 0.999987 -0.0044941 -5.28188e-05 0.00449389 0.99999 0.0752619 0.00721425 0.00259863
FixedParameters: 0 0 0

#Transform 96
Transform: AffineTransform_float_3_3
Parameters: 0.999997 0.00239931 0.000250754 -0.00239869 0.999984 -0.00510562 -0.00026325 0.00510538 0.999987 0.0831214 0.0267605 0.00074571
FixedParameters: 0 0 0

#Transform 97
Transform: AffineTransform_float_3_3
Parameters: 0.999997 0.00261251 0.000478506 -0.0026095 0.999983 -0.00516827 -0.000491491 0.00516673 0.999986 0.0793586 0.030968 -0.00985928
FixedParameters: 0 0 0

#Transform 98
Transform: AffineTransform_float_3_3
Parameters: 0.999996 0.00280848 7.21023e-05 -0.00280752 0.999978 -0.00601723 -8.88941e-05 0.00601677 0.999982 0.0755375 0.00956213 -0.01219
FixedParameters: 0 0 0

#Transform 99
Transform: AffineTransform_float_3_3
Parameters: 0.999996 0.00304669 0.00010213 -0.00304631 0.999976 -0.00619434 -0.000120871 0.00619366 0.999981 0.071511 0.022884 -0.0243204
FixedParameters: 0 0 0

#Transform 100
Transform: AffineTransform_float_3_3
Parameters: 0.999993 0.00387075 0.000695343 -0.00386926 0.99999 -0.00249671 -0.000704658 0.00249429 0.999996 0.0742407 0.0652423 0.0213144
FixedParameters: 0 0 0

#Transform 101
Transform: AffineTransform_float_3_3
Parameters: 0.999997 0.00182503 0.00189075 -0.00183197 0.999991 0.00368955 -0.00188425 -0.00369345 0.999992 0.134188 -0.042421 0.0496315
FixedParameters: 0 0 0

#Transform 102
Transform: AffineTransform_float_3_3
Parameters: 0.999991 0.0022791 0.00374916 -0.0022809 0.999998 0.000503453 -0.00374784 -0.000512547 0.999993 0.206809 -0.00443541 -0.022204
FixedParameters: 0 0 0

#Transform 103
Transform: AffineTransform_float_3_3
Parameters: 0.999977 0.0037229 0.00577965 -0.00374311 0.999987 0.00364545 -0.00576535 -0.00366655 0.999976 0.318942 0.132281 0.0413713
FixedParameters: 0 0 0

#Transform 104
Transform: AffineTransform_float_3_3
Parameters: 0.999916 0.00941994 0.00891754 -0.00960404 0.999737 0.0208271 -0.00871847 -0.0209109 0.999744 0.476654 0.500465 0.0291087
FixedParameters: 0 0 0

#Transform 105
Transform: AffineTransform_float_3_3
Parameters: 0.999917 0.0121524 0.0042404 -0.0122316 0.99974 0.0192797 -0.0040056 -0.0193303 0.999805 0.317721 0.508857 -0.0416336
FixedParameters: 0 0 0

#Transform 106
Transform: AffineTransform_float_3_3
Parameters: 0.999871 0.014638 0.00664105 -0.014748 0.999749 0.0168322 -0.00639295 -0.0169278 0.999837 0.394858 0.539538 0.0709556
FixedParameters: 0 0 0

#Transform 107
Transform: AffineTransform_float_3_3
Parameters: 0.999893 0.0137371 0.00504252 -0.0138149 0.999781 0.015754 -0.00482448 -0.015822 0.999863 0.347437 0.46341 0.0541207
FixedParameters: 0 0 0

#Transform 108
Transform: AffineTransform_float_3_3
Parameters: 0.999897 0.0135719 0.0046633 -0.0136421 0.999789 0.015349 -0.0044537 -0.015411 0.999872 0.342132 0.470472 0.0365476
FixedParameters: 0 0 0

#Transform 109
Transform: AffineTransform_float_3_3
Parameters: 0.999909 0.0127336 0.00459453 -0.0127974 0.999819 0.0140335 -0.00441548 -0.0140905 0.999891 0.341022 0.421903 0.0665642
FixedParameters: 0 0 0

#Transform 110
Transform: AffineTransform_float_3_3
Parameters: 0.999904 0.0129646 0.00486686 -0.0130164 0.999856 0.0108877 -0.00472515 -0.0109503 0.999929 0.351872 0.389897 0.0529001
FixedParameters: 0 0 0

#Transform 111
Transform: AffineTransform_float_3_3
Parameters: 0.999911 0.0126677 0.00433658 -0.0127083 0.999873 0.00963275 -0.00421343 -0.00968724 0.999944 0.319852 0.378349 0.0297008
FixedParameters: 0 0 0

#Transform 112
Transform: AffineTransform_float_3_3
Parameters: 0.999919 0.0121337 0.00389603 -0.0121603 0.999901 0.0070582 -0.00380998 -0.00710481 0.999968 0.29709 0.341126 0.0536194
FixedParameters: 0 0 0

#Transform 113
Transform: AffineTransform_float_3_3
Parameters: 0.99992 0.0123737 0.0028452 -0.0123933 0.999899 0.00686229 -0.00275981 -0.00689671 0.999973 0.249264 0.307017 0.0128476
FixedParameters: 0 0 0

#Transform 114
Transform: AffineTransform_float_3_3
Parameters: 0.999917 0.0127922 0.00186392 -0.0128048 0.999897 0.00646668 -0.00178109 -0.00648933 0.999978 0.212717 0.313252 -0.0133696
FixedParameters: 0 0 0

#Transform 115
Transform: AffineTransform_float_3_3
Parameters: 0.999921 0.0125426 0.00142187 -0.0125504 0.999907 0.00532058 -0.00135514 -0.00533742 0.999985 0.193296 0.316279 -0.0271175
FixedParameters: 0 0 0

#Transform 116
Transform: AffineTransform_float_3_3
Parameters: 0.999929 0.0118985 0.00137539 -0.0119035 0.999921 0.00405792 -0.00132661 -0.00407408 0.999991 0.177221 0.300048 -0.00354296
FixedParameters: 0 0 0

#Transform 117
Transform: AffineTransform_float_3_3
Parameters: 0.999929 0.0117971 0.00126025 -0.0118009 0.999926 0.00314935 -0.00122276 -0.00316365 0.999994 0.173778 0.300272 0.00575619
FixedParameters: 0 0 0

#Transform 118
Transform: AffineTransform_float_3_3
Parameters: 0.999929 0.0118868 0.000869225 -0.0118902 0.999922 0.00379894 -0.000823774 -0.00380906 0.999993 0.154359 0.304524 -0.0466101
FixedParameters: 0 0 0

#Transform 119
Transform: AffineTransform_float_3_3
Parameters: 0.999926 0.0121472 0.000899274 -0.0121508 0.999921 0.00322731 -0.000859728 -0.00323768 0.999995 0.162708 0.266959 -0.0121023
FixedParameters: 0 0 0

#Transform 120
Transform: AffineTransform_float_3_3
Parameters: 0.999935 0.0114561 -2.16792e-05 -0.011456 0.999933 0.00159935 4.03167e-05 -0.00159864 0.999998 0.118467 0.242891 0.0177139
FixedParameters: 0 0 0

#Transform 121
Transform: AffineTransform_float_3_3
Parameters: 0.999914 0.0130002 -0.00131735 -0.0130017 0.999914 -0.00132599 0.00129965 0.00134301 0.999999 0.0581216 0.188463 -0.00118252
FixedParameters: 0 0 0

#Transform 122
Transform: AffineTransform_float_3_3
Parameters: 0.999923 0.012443 -0.000638173 -0.012444 0.999922 -0.00161718 0.000617817 0.00162581 0.999998 0.0855622 0.180624 -0.00653432
FixedParameters: 0 0 0

#Transform 123
Transform: AffineTransform_float_3_3
Parameters: 0.999927 0.0120527 -0.000671951 -0.0120543 0.999926 -0.00198304 0.000647049 0.00199094 0.999998 0.0684059 0.192216 -0.000627196
FixedParameters: 0 0 0

#Transform 124
Transform: AffineTransform_float_3_3
Parameters: 0.999929 0.0119167 -0.000502429 -0.0119183 0.999925 -0.0026342 0.000470573 0.0026398 0.999997 0.069422 0.181157 -0.017341
FixedParameters: 0 0 0

#Transform 125
Transform: AffineTransform_float_3_3
Parameters: 0.99993 0.0117625 -0.000666682 -0.0117635 0.999928 -0.00234932 0.000639311 0.00235768 0.999997 0.0578113 0.20922 -0.0362598
FixedParameters: 0 0 0

#Transform 126
Transform: AffineTransform_float_3_3
Parameters: 0.999932 0.0116516 -0.000738316 -0.0116544 0.999927 -0.00336963 0.00069869 0.00337737 0.999994 0.0637958 0.199317 -0.0360322
FixedParameters: 0 0 0

#Transform 127
Transform: AffineTransform_float_3_3
Parameters: 0.999937 0.0111485 0.000477153 -0.0111465 0.999933 -0.00312851 -0.000511839 0.00312249 0.999995 0.0989482 0.19591 -0.00717818
FixedParameters: 0 0 0

#Transform 128
Transform: AffineTransform_float_3_3
Parameters: 0.999954 0.00952239 9.11048e-05 -0.0095216 0.999948 -0.00366503 -0.000126893 0.00366396 0.999994 0.108035 0.110816 0.0138765
FixedParameters: 0 0 0

#Transform 129
Transform: AffineTransform_float_3_3
Parameters: 0.999964 0.00838996 -0.00060976 -0.00839203 0.999959 -0.003425 0.000580239 0.00342999 0.999994 0.0899023 0.132142 -0.000753952
FixedParameters: 0 0 0

#Transform 130
Transform: AffineTransform_float_3_3
Parameters: 0.999966 0.00822312 1.20732e-05 -0.00822289 0.999958 -0.00400424 -4.49244e-05 0.00400377 0.999992 0.101795 0.12602 0.0172153
FixedParameters: 0 0 0

#Transform 131
Transform: AffineTransform_float_3_3
Parameters: 0.999965 0.00842212 8.19384e-06 -0.00842289 0.999955 -0.00437023 -4.48166e-05 0.00437078 0.999991 0.105092 0.139994 -0.0384972
FixedParameters: 0 0 0

#Transform 132
Transform: AffineTransform_float_3_3
Parameters: 0.999961 0.008823 -0.000263841 -0.008824 0.999953 -0.00406083 0.000228157 0.00406317 0.999991 0.09352 0.120743 -0.00041045
FixedParameters: 0 0 0

#Transform 133
Transform: AffineTransform_float_3_3
Parameters: 0.999949 0.0100891 -0.00120406 -0.0100929 0.999943 -0.00327002 0.00117094 0.00328198 0.999994 0.0588173 0.139352 -0.0396379
FixedParameters: 0 0 0

#Transform 134
Transform: AffineTransform_float_3_3
Parameters: 0.999955 0.0094066 -0.00102664 -0.0094094 0.99995 -0.00335849 0.000995354 0.00336851 0.999994 0.0581096 0.134888 -0.0247606
FixedParameters: 0 0 0

#Transform 135
Transform: AffineTransform_float_3_3
Parameters: 0.99996 0.00895022 -0.0010371 -0.00895578 0.999949 -0.0046979 0.000994896 0.0047071 0.999989 0.0624162 0.0757674 -0.0188654
FixedParameters: 0 0 0

#Transform 136
Transform: AffineTransform_float_3_3
Parameters: 0.999971 0.00751661 -0.00111882 -0.00752139 0.999959 -0.00489273 0.00108219 0.00490028 0.999988 0.0442018 0.0583089 0.0165195
FixedParameters: 0 0 0

#Transform 137
Transform: AffineTransform_float_3_3
Parameters: 0.999921 0.0124972 0.00116703 -0.0125008 0.999916 0.00327567 -0.00112598 -0.00328933 0.999994 0.133186 0.276329 -0.00967215
FixedParameters: 0 0 0

#Transform 138
Transform: AffineTransform_float_3_3
Parameters: 0.999979 0.00628047 -0.00144741 -0.00628354 0.999978 -0.00244896 0.00143259 0.00245805 0.999996 0.0452569 0.0771877 0.0323686
FixedParameters: 0 0 0

#Transform 139
Transform: AffineTransform_float_3_3
Parameters: 0.999978 0.00672807 3.78396e-05 -0.00672794 0.999976 -0.00151029 -4.71651e-05 0.00151072 0.999999 0.0804067 0.0945617 0.0593579
FixedParameters: 0 0 0

#Transform 140
Transform: AffineTransform_float_3_3
Parameters: 0.999979 0.00643536 -0.000832765 -0.00643764 0.999978 -0.00198068 0.000819231 0.00198631 0.999997 0.0475966 0.0466734 0.0464491
FixedParameters: 0 0 0

#Transform 141
Transform: AffineTransform_float_3_3
Parameters: 0.999962 0.00880026 0.000218748 -0.00879974 0.99996 -0.00116597 -0.000229252 0.00116403 1 0.0734629 0.12476 0.0658705
FixedParameters: 0 0 0

#Transform 142
Transform: AffineTransform_float_3_3
Parameters: 0.999961 0.00889105 0.000574907 -0.00889195 0.999959 0.00167396 -0.000560093 -0.00167905 0.999999 0.0924765 0.181697 0.0552311
FixedParameters: 0 0 0

#Transform 143
Transform: AffineTransform_float_3_3
Parameters: 0.999961 0.00888703 0.000280732 -0.00888798 0.999953 0.00368165 -0.000248265 -0.00368435 0.999993 0.0606938 0.149639 0.150476
FixedParameters: 0 0 0

#Transform 144
Transform: AffineTransform_float_3_3
Parameters: 0.999964 0.00842125 0.000432748 -0.00842174 0.999963 0.00174942 -0.000418256 -0.00175259 0.999999 0.0930661 0.208252 0.112824
FixedParameters: 0 0 0

#Transform 145
Transform: AffineTransform_float_3_3
Parameters: 0.999962 0.00870499 1.19988e-05 -0.00870501 0.99996 0.00172296 2.99918e-06 -0.00172304 0.999998 0.0653046 0.208639 0.0965558
FixedParameters: 0 0 0

#Transform 146
Transform: AffineTransform_float_3_3
Parameters: 0.999961 0.00881805 -2.6782e-05 -0.00881796 0.999961 0.00127229 3.82243e-05 -0.00127271 0.999999 0.0645709 0.211817 0.0732718
FixedParameters: 0 0 0

#Transform 147
Transform: AffineTransform_float_3_3
Parameters: 0.999959 0.00898015 -9.54446e-05 -0.00897984 0.999958 0.00150992 0.000108556 -0.00150909 0.999999 0.081034 0.202221 0.0813839
FixedParameters: 0 0 0

#Transform 148
Transform: AffineTransform_float_3_3
Parameters: 0.999956 0.00939733 -0.000172644 -0.00939666 0.999954 0.0018477 0.000190358 -0.00184629 0.999999 0.0771321 0.233977 0.0353862
FixedParameters: 0 0 0

#Transform 149
Transform: AffineTransform_float_3_3
Parameters: 0.999958 0.009147 1.27095e-05 -0.009147 0.999955 0.00259199 1.17096e-05 -0.002592 0.999996 0.0787152 0.193579 0.10186
FixedParameters: 0 0 0

#Transform 150
Transform: AffineTransform_float_3_3
Parameters: 0.999956 0.0093962 0.000234608 -0.0093968 0.999949 0.00368196 -0.000200392 -0.00368405 0.999993 0.0809777 0.217886 0.0998625
FixedParameters: 0 0 0

#Transform 151
Transform: AffineTransform_float_3_3
Parameters: 0.999955 0.00939557 0.000578541 -0.00939642 0.999952 0.00250267 -0.000555457 -0.00250833 0.999996 0.0974901 0.229648 0.0889825
FixedParameters: 0 0 0

#Transform 152
Transform: AffineTransform_float_3_3
Parameters: 0.999956 0.00939713 -4.56469e-05 -0.00939687 0.999954 0.00227253 6.73573e-05 -0.00227247 0.999998 0.0923484 0.234083 0.0588589
FixedParameters: 0 0 0

#Transform 153
Transform: AffineTransform_float_3_3
Parameters: 0.999957 0.00920505 -2.22142e-05 -0.00920493 0.999956 0.00193229 3.97831e-05 -0.00193172 0.999998 0.0898857 0.212551 0.0436671
FixedParameters: 0 0 0

#Transform 154
Transform: AffineTransform_float_3_3
Parameters: 0.999958 0.00916019 -0.000166228 -0.00915982 0.999958 0.00106757 0.000175776 -0.00106643 0.999999 0.0903353 0.207725 0.0355896
FixedParameters: 0 0 0

#Transform 155
Transform: AffineTransform_float_3_3
Parameters: 0.999947 0.0101953 -0.000860692 -0.0101947 0.999948 0.000328792 0.000864309 -0.000320205 0.999999 0.0519781 0.206444 0.0696623
FixedParameters: 0 0 0

#Transform 156
Transform: AffineTransform_float_3_3
Parameters: 0.999955 0.00935878 -0.00101178 -0.00935821 0.999956 0.000776503 0.00101923 -0.000767495 0.999999 0.052164 0.193707 0.0549039
FixedParameters: 0 0 0

#Transform 157
Transform: AffineTransform_float_3_3
Parameters: 0.999952 0.00976361 -0.000868401 -0.00976439 0.999952 -0.000446542 0.000864603 0.000454463 0.999999 0.066352 0.192007 0.0661535
FixedParameters: 0 0 0

#Transform 158
Transform: AffineTransform_float_3_3
Parameters: 0.999954 0.00963957 -0.000700126 -0.00964045 0.999952 -0.00208435 0.000679878 0.00209065 0.999997 0.0592876 0.156723 0.0630649
FixedParameters: 0 0 0

#Transform 159
Transform: AffineTransform_float_3_3
Parameters: 0.999954 0.00961207 -0.000885263 -0.00961394 0.999952 -0.00220759 0.000864734 0.00221642 0.999997 0.0482933 0.16023 0.0509608
FixedParameters: 0 0 0

#Transform 160
Transform: AffineTransform_float_3_3
Parameters: 0.999955 0.00938842 -0.000799715 -0.00939057 0.999954 -0.00198958 0.000781288 0.00199642 0.999997 0.0473472 0.164917 0.0574109
FixedParameters: 0 0 0

#Transform 161
Transform: AffineTransform_float_3_3
Parameters: 0.999952 0.00969796 -0.0010019 -0.00970003 0.999951 -0.00204738 0.000982099 0.00205662 0.999998 0.0493086 0.154575 0.0662864
FixedParameters: 0 0 0

#Transform 162
Transform: AffineTransform_float_3_3
Parameters: 0.999949 0.00999653 -0.000968707 -0.00999945 0.999946 -0.00256644 0.000943286 0.00257656 0.999996 0.0521216 0.166989 0.0473122
FixedParameters: 0 0 0

#Transform 163
Transform: AffineTransform_float_3_3
Parameters: 0.999947 0.0102145 -0.0010982 -0.0102175 0.999945 -0.0022649 0.0010748 0.0022761 0.999997 0.0593924 0.178331 0.0233189
FixedParameters: 0 0 0

#Transform 164
Transform: AffineTransform_float_3_3
Parameters: 0.999953 0.00968994 -0.00114808 -0.00969305 0.999949 -0.002685 0.00112192 0.002696 0.999995 0.0565621 0.17205 0.0337552
FixedParameters: 0 0 0

#Transform 165
Transform: AffineTransform_float_3_3
Parameters: 0.999947 0.0101914 -0.00138157 -0.0101966 0.999943 -0.00338409 0.00134643 0.0033979 0.999994 0.0411866 0.183804 0.0273362
FixedParameters: 0 0 0

#Transform 166
Transform: AffineTransform_float_3_3
Parameters: 0.999947 0.0101496 -0.00128154 -0.0101534 0.999943 -0.00349417 0.00124645 0.00350784 0.999993 0.0466253 0.17434 0.0284237
FixedParameters: 0 0 0

#Transform 167
Transform: AffineTransform_float_3_3
Parameters: 0.999948 0.0101751 -0.00138351 -0.0101799 0.999942 -0.0035801 0.00134649 0.00359389 0.999992 0.043362 0.153436 0.0337362
FixedParameters: 0 0 0

#Transform 168
Transform: AffineTransform_float_3_3
Parameters: 0.999948 0.0101752 -0.00138312 -0.0101808 0.999942 -0.0035421 0.00134688 0.00355589 0.999993 0.0430027 0.156014 0.0252435
FixedParameters: 0 0 0

#Transform 169
Transform: AffineTransform_float_3_3
Parameters: 0.999945 0.0103343 -0.00183214 -0.0103407 0.99994 -0.00368025 0.00179386 0.00369874 0.999991 0.031584 0.173932 0.0211365
FixedParameters: 0 0 0

#Transform 170
Transform: AffineTransform_float_3_3
Parameters: 0.999946 0.0101726 -0.00183526 -0.0101804 0.99994 -0.00404553 0.00179374 0.00406346 0.99999 0.0287423 0.183186 0.0311289
FixedParameters: 0 0 0

#Transform 171
Transform: AffineTransform_float_3_3
Parameters: 0.999946 0.0101711 -0.00184364 -0.0101799 0.999937 -0.0048685 0.00179336 0.00488751 0.999987 0.0287335 0.181508 0.0448792
FixedParameters: 0 0 0

#Transform 172
Transform: AffineTransform_float_3_3
Parameters: 0.999946 0.0101699 -0.00185057 -0.0101801 0.999933 -0.00555046 0.00179343 0.00556853 0.999983 0.0251487 0.148718 0.0196975
FixedParameters: 0 0 0

#Transform 173
Transform: AffineTransform_float_3_3
Parameters: 0.999948 0.0100692 -0.00196412 -0.0100788 0.999937 -0.00506447 0.00191289 0.00508353 0.999985 0.0371249 0.153749 0.000843953
FixedParameters: 0 0 0

#Transform 174
Transform: AffineTransform_float_3_3
Parameters: 0.999953 0.0095829 -0.00184294 -0.0095921 0.999941 -0.00499156 0.00179505 0.00500944 0.999986 0.03563 0.144442 0.0100873
FixedParameters: 0 0 0

#Transform 175
Transform: AffineTransform_float_3_3
Parameters: 0.999962 0.00855812 -0.00119388 -0.00856387 0.999951 -0.00500396 0.00115112 0.00501404 0.999987 0.070554 0.130485 0.066147
FixedParameters: 0 0 0

#Transform 176
Transform: AffineTransform_float_3_3
Parameters: 0.999961 0.00851393 -0.00205473 -0.00852207 0.999956 -0.00395064 0.00202127 0.00396836 0.99999 0.0385038 0.125147 0.0465703
FixedParameters: 0 0 0

#Transform 177
Transform: AffineTransform_float_3_3
Parameters: 0.999949 0.00993429 -0.00208463 -0.00994673 0.999935 -0.00568656 0.00202836 0.00570744 0.999981 0.0244118 0.129722 0.0924902
FixedParameters: 0 0 0

#Transform 178
Transform: AffineTransform_float_3_3
Parameters: 0.999946 0.0101964 -0.00162637 -0.0102046 0.999936 -0.00473366 0.00157762 0.00475034 0.999988 0.0405562 0.131566 0.0731988
FixedParameters: 0 0 0

#Transform 179
Transform: AffineTransform_float_3_3
Parameters: 0.999951 0.0097724 -0.00179939 -0.00978162 0.999941 -0.00483864 0.00175161 0.00485536 0.999986 0.0388756 0.139191 0.0484994
FixedParameters: 0 0 0

#Transform 180
Transform: AffineTransform_float_3_3
Parameters: 0.999949 0.00994296 -0.00131438 -0.00995003 0.999935 -0.0054602 0.00126063 0.00547281 0.999984 0.0281632 0.164796 -0.0106375
FixedParameters: 0 0 0

#Transform 181
Transform: AffineTransform_float_3_3
Parameters: 0.999955 0.00941644 -0.00123991 -0.00942356 0.999941 -0.00539856 0.00118908 0.00541044 0.999984 0.0495954 0.15165 0.00324467
FixedParameters: 0 0 0

#Transform 182
Transform: AffineTransform_float_3_3
Parameters: 0.999956 0.00931088 -0.00161875 -0.00931613 0.999952 -0.00318706 0.00158925 0.00320194 0.999993 0.0369172 0.104648 0.0699162
FixedParameters: 0 0 0

#Transform 183
Transform: AffineTransform_float_3_3
Parameters: 0.99996 0.0087892 -0.00115255 -0.0087918 0.999959 -0.00244696 0.00113145 0.00245704 0.999997 0.0460772 0.123502 0.0906598
FixedParameters: 0 0 0

#Transform 184
Transform: AffineTransform_float_3_3
Parameters: 0.99996 0.0087879 -0.00166283 -0.00879211 0.999959 -0.00247648 0.00164117 0.00249052 0.999995 0.0345312 0.139025 0.0575682
FixedParameters: 0 0 0

#Transform 185
Transform: AffineTransform_float_3_3
Parameters: 0.999961 0.00881422 -0.000621778 -0.00881578 0.999957 -0.00292163 0.000596218 0.00292737 0.999995 0.0775436 0.114308 0.0975152
FixedParameters: 0 0 0

#Transform 186
Transform: AffineTransform_float_3_3
Parameters: 0.999963 0.00859587 -0.00111438 -0.00860014 0.999956 -0.00376056 0.00108263 0.00376945 0.999993 0.060985 0.115592 0.069847
FixedParameters: 0 0 0

#Transform 187
Transform: AffineTransform_float_3_3
Parameters: 0.999962 0.00859435 -0.00147723 -0.00860064 0.999955 -0.00385844 0.00144378 0.00387056 0.999992 0.0411432 0.120895 0.024998
FixedParameters: 0 0 0

#Transform 188
Transform: AffineTransform_float_3_3
