#Insight Transform File V1.0
#Transform 0
Transform: AffineTransform_float_3_3
Parameters: 1 4.89168e-07 0.000316 4.89168e-07 0.999999 -0.001548 -0.000316 0.001548 0.999999 -0.0102606 -0.0287675 0.490276
FixedParameters: 0 0 0

#Transform 1
Transform: AffineTransform_float_3_3
Parameters: 1 6.8155e-05 0.000320967 -6.78449e-05 1 -0.000483022 -0.000321033 0.000482978 1 -0.00989608 0.0434509 -0.113099
FixedParameters: 0 0 0

#Transform 2
Transform: AffineTransform_float_3_3
Parameters: 1 1.6422e-08 0.000322 1.6422e-08 1 -5.1e-05 -0.000322 5.1e-05 1 0.00140871 0.0271593 -0.111586
FixedParameters: 0 0 0

#Transform 3
Transform: AffineTransform_float_3_3
Parameters: 1 0.000114017 0.000109982 -0.000113983 1 -0.000159013 -0.000110018 0.000158987 1 -0.0097916 0.0443537 -0.106127
FixedParameters: 0 0 0

#Transform 4
Transform: AffineTransform_float_3_3
Parameters: 1 6.7392e-08 0.000108 6.7392e-08 1 -0.000624 -0.000108 0.000624 1 -0.00115473 0.084717 -0.127242
FixedParameters: 0 0 0

#Transform 5
Transform: AffineTransform_float_3_3
Parameters: 1 -1.72827e-07 0.000519 -1.72827e-07 1 0.000333 -0.000519 -0.000333 1 0.0109911 0.0608778 -0.160603
FixedParameters: 0 0 0

#Transform 6
Transform: AffineTransform_float_3_3
Parameters: 1 -8.40797e-05 0.000270975 8.39203e-05 1 0.000294023 -0.000271025 -0.000293977 1 0.00662357 0.0418591 -0.138852
FixedParameters: 0 0 0

#Transform 7
Transform: AffineTransform_float_3_3
Parameters: 1 -0.00017103 0.00051899 0.00017097 1 5.80887e-05 -0.00051901 -5.79112e-05 1 0.0200397 0.0763202 -0.142165
FixedParameters: 0 0 0

#Transform 8
Transform: AffineTransform_float_3_3
Parameters: 1 6.4875e-08 0.000519 6.4875e-08 1 -0.000125 -0.000519 0.000125 1 0.00783759 0.0641387 -0.140419
FixedParameters: 0 0 0

#Transform 9
Transform: AffineTransform_float_3_3
Parameters: 1 1.37016e-07 0.000519 1.37016e-07 1 -0.000264 -0.000519 0.000264 1 0.0152966 0.0595007 -0.144307
FixedParameters: 0 0 0

#Transform 10
Transform: AffineTransform_float_3_3
Parameters: 0.999999 -2.45024e-07 0.000805999 -2.45024e-07 1 0.000304 -0.000805999 -0.000304 0.999999 0.0116898 0.0448086 -0.156316
FixedParameters: 0 0 0

#Transform 11
Transform: AffineTransform_float_3_3
Parameters: 1 -3.10764e-07 0.000564 -3.10764e-07 1 0.000551 -0.000564 -0.000551 0.999999 0.00930909 0.0384187 -0.125235
FixedParameters: 0 0 0

#Transform 12
Transform: AffineTransform_float_3_3
Parameters: 0.999999 -5.29999e-08 0.000999999 -5.29999e-08 1 5.29999e-05 -0.000999999 -5.29999e-05 0.999999 0.0138427 0.0806387 -0.133864
FixedParameters: 0 0 0

#Transform 13
Transform: AffineTransform_float_3_3
Parameters: 0.999999 -5.8951e-07 0.000835 4.10489e-07 1 0.000706001 -0.000835001 -0.000706 1 0.0214486 0.0398251 -0.144083
FixedParameters: 0 0 0

#Transform 14
Transform: AffineTransform_float_3_3
Parameters: 0.999999 -0.000160721 0.000879868 0.000160278 0.999999 0.000820141 -0.000880132 -0.000819859 1 0.0225645 0.0590136 -0.108286
FixedParameters: 0 0 0

#Transform 15
Transform: AffineTransform_float_3_3
Parameters: 1 -0.000221266 0.000505884 0.000220735 1 0.000525112 -0.000505116 -0.000524888 0.999999 0.0203524 0.081492 -0.125003
FixedParameters: 0 0 0

#Transform 16
Transform: AffineTransform_float_3_3
Parameters: 1 -0.000427632 0.000999731 0.000426369 0.999999 0.000631427 -0.00100027 -0.000631573 1 0.0365178 0.0837365 -0.135477
FixedParameters: 0 0 0

#Transform 17
Transform: AffineTransform_float_3_3
Parameters: 1 -0.00053355 0.000925684 0.00053345 0.999999 0.000594494 -0.000926318 -0.000593506 1 0.0429685 0.0597508 -0.127183
FixedParameters: 0 0 0

#Transform 18
Transform: AffineTransform_float_3_3
Parameters: 1 -0.000820145 0.000734838 0.000819855 0.999999 0.000197602 -0.000735161 -0.000196397 0.999999 0.0506493 0.0852846 -0.135278
FixedParameters: 0 0 0

#Transform 19
Transform: AffineTransform_float_3_3
Parameters: 0.999999 -0.000826506 0.000999582 0.000825493 0.999999 0.000506826 -0.00100042 -0.000506174 1 0.0588363 0.0822008 -0.167639
FixedParameters: 0 0 0

#Transform 20
Transform: AffineTransform_float_3_3
Parameters: 0.999999 -0.000533272 0.000861831 0.000532728 1 0.000315459 -0.000862167 -0.00031554 0.999999 0.038604 0.0484647 -0.152342
FixedParameters: 0 0 0

#Transform 21
Transform: AffineTransform_float_3_3
Parameters: 0.999999 -0.000413066 0.00069996 0.000412933 1 9.5289e-05 -0.000700039 -9.47108e-05 1 0.0375459 0.0766026 -0.133669
FixedParameters: 0 0 0

#Transform 22
Transform: AffineTransform_float_3_3
Parameters: 1 -0.000533159 0.000999915 0.000532841 1 0.000159533 -0.00100008 -0.000158467 0.999999 0.0423438 0.103823 -0.149355
FixedParameters: 0 0 0

#Transform 23
Transform: AffineTransform_float_3_3
Parameters: 0.999999 -4.04358e-05 0.000852979 3.95641e-05 1 0.000511034 -0.00085302 -0.000510965 0.999999 0.0232085 0.0380432 -0.105396
FixedParameters: 0 0 0

#Transform 24
Transform: AffineTransform_float_3_3
Parameters: 0.999999 -0.000319944 0.000750023 0.000320055 1 -7.376e-05 -0.000749976 7.424e-05 0.999999 0.0356188 0.119887 -0.135832
FixedParameters: 0 0 0

#Transform 25
Transform: AffineTransform_float_3_3
Parameters: 1 -0.000279617 0.000999829 0.000278384 1 0.000616279 -0.00100017 -0.000616721 1 0.0383915 0.0737563 -0.120271
FixedParameters: 0 0 0

#Transform 26
Transform: AffineTransform_float_3_3
Parameters: 0.999999 -0.000193433 0.000999916 0.000192567 1 0.000433193 -0.00100008 -0.000432807 1 0.0295714 0.072861 -0.118155
FixedParameters: 0 0 0

#Transform 27
Transform: AffineTransform_float_3_3
Parameters: 0.999999 -0.000245891 0.000723037 0.000246109 1 -0.000150822 -0.000722962 0.000151178 0.999999 0.0323537 0.127831 -0.160834
FixedParameters: 0 0 0

#Transform 28
Transform: AffineTransform_float_3_3
Parameters: 1 -0.00034774 0.000999744 0.00034726 0.999999 0.000740348 -0.00100026 -0.000739653 0.999999 0.0346535 0.0223517 -0.123715
FixedParameters: 0 0 0

#Transform 29
Transform: AffineTransform_float_3_3
Parameters: 0.999999 -0.000533349 0.000630704 0.00053265 0.999999 0.000554336 -0.000630295 -0.000553664 0.999999 0.037992 0.0859714 -0.140806
FixedParameters: 0 0 0

#Transform 30
Transform: AffineTransform_float_3_3
Parameters: 0.999999 -0.000416376 0.000626749 0.000416623 0.999999 0.000601261 -0.00062625 -0.000600739 0.999999 0.0398167 0.0801341 -0.148986
FixedParameters: 0 0 0

#Transform 31
Transform: AffineTransform_float_3_3
Parameters: 1 -0.00053412 0.000999403 0.000532881 0.999999 0.00111953 -0.0010006 -0.00111947 0.999999 0.0506415 0.049487 -0.135615
FixedParameters: 0 0 0

#Transform 32
Transform: AffineTransform_float_3_3
Parameters: 0.999999 -0.000532998 0.000615001 0.000533001 1 -1.6722e-06 -0.000614999 2.32779e-06 1 0.03384 0.112908 -0.181171
FixedParameters: 0 0 0

#Transform 33
Transform: AffineTransform_float_3_3
Parameters: 1 -0.000533477 0.000999747 0.000532524 0.999999 0.000476533 -0.00100025 -0.000476467 1 0.0385806 0.0596177 -0.17615
FixedParameters: 0 0 0

#Transform 34
Transform: AffineTransform_float_3_3
Parameters: 1 -0.000533745 0.00102361 0.000533256 0.999999 0.000727546 -0.00102339 -0.000727454 0.999999 0.046433 0.0421874 -0.136425
FixedParameters: 0 0 0

#Transform 35
Transform: AffineTransform_float_3_3
Parameters: 0.999999 -0.00069257 0.00102662 0.000692428 0.999999 0.000556711 -0.00102739 -0.000555289 1 0.0488801 0.0832239 -0.144397
FixedParameters: 0 0 0

#Transform 36
Transform: AffineTransform_float_3_3
Parameters: 0.999999 -0.000533256 0.000797828 0.000532743 1 0.000321425 -0.000798171 -0.000321574 0.999999 0.0507692 0.0877462 -0.17508
FixedParameters: 0 0 0

#Transform 37
Transform: AffineTransform_float_3_3
Parameters: 0.999999 -0.00100256 0.00102845 0.00100144 1 0.000545031 -0.00102955 -0.000543969 1 0.0610052 0.0804821 -0.17496
FixedParameters: 0 0 0

#Transform 38
Transform: AffineTransform_float_3_3
Parameters: 0.999999 -0.000888685 0.00102841 0.000888315 1 0.000665915 -0.00102959 -0.000665086 0.999999 0.0533182 0.0964796 -0.148328
FixedParameters: 0 0 0

#Transform 39
Transform: AffineTransform_float_3_3
Parameters: 0.999999 -0.00100213 0.00102887 0.00100187 0.999999 0.000127031 -0.00102913 -0.000125969 1 0.0585741 0.107558 -0.138016
FixedParameters: 0 0 0

#Transform 40
Transform: AffineTransform_float_3_3
Parameters: 0.999999 -0.000871666 0.00102844 0.000871335 1 0.000646897 -0.00102956 -0.000646104 1 0.0559488 0.0685853 -0.129063
FixedParameters: 0 0 0

#Transform 41
Transform: AffineTransform_float_3_3
Parameters: 0.999999 -0.00100296 0.00102807 0.00100205 0.999999 0.000929031 -0.00102893 -0.000927969 0.999999 0.0646941 0.0675223 -0.101187
FixedParameters: 0 0 0

#Transform 42
Transform: AffineTransform_float_3_3
Parameters: 0.999999 -0.00100214 0.00086684 0.00100186 0.999999 0.000159868 -0.00086716 -0.000159131 0.999999 0.0668679 0.108129 -0.151208
FixedParameters: 0 0 0

#Transform 43
Transform: AffineTransform_float_3_3
Parameters: 0.999999 -0.00100286 0.00110822 0.00100214 0.999999 0.000775112 -0.00110978 -0.000773888 0.999999 0.0699175 0.0740185 -0.130542
FixedParameters: 0 0 0

#Transform 44
Transform: AffineTransform_float_3_3
Parameters: 0.999999 -0.000930506 0.00110974 0.000928493 0.999998 0.00135703 -0.00111126 -0.00135597 0.999998 0.0647406 0.048391 -0.105163
FixedParameters: 0 0 0

#Transform 45
Transform: AffineTransform_float_3_3
Parameters: 0.999998 -0.00100225 0.0012238 0.00100175 1 0.000203226 -0.0012242 -0.000201773 0.999999 0.0703256 0.118357 -0.158593
FixedParameters: 0 0 0

#Transform 46
Transform: AffineTransform_float_3_3
Parameters: 0.999999 -0.00100253 0.00101247 0.00100147 1 0.000525015 -0.00101353 -0.000523985 1 0.0703702 0.0552407 -0.143356
FixedParameters: 0 0 0

#Transform 47
Transform: AffineTransform_float_3_3
Parameters: 0.999999 -0.00100303 0.00119614 0.00100197 0.999999 0.0008622 -0.00119686 -0.000861801 0.999999 0.062645 0.058144 -0.133119
FixedParameters: 0 0 0

#Transform 48
Transform: AffineTransform_float_3_3
Parameters: 0.999999 -0.00100279 0.0011233 0.00100221 1 0.000701127 -0.0011237 -0.000699874 0.999999 0.0682284 0.105709 -0.141966
FixedParameters: 0 0 0

#Transform 49
Transform: AffineTransform_float_3_3
Parameters: 0.999999 -0.00100306 0.00119411 0.00100194 0.999999 0.000887198 -0.00119489 -0.000886803 0.999999 0.0776133 0.0788578 -0.163884
FixedParameters: 0 0 0

#Transform 50
Transform: AffineTransform_float_3_3
Parameters: 0.999999 -0.000951289 0.00110789 0.000950711 0.999999 0.00116405 -0.00110811 -0.00116295 0.999998 0.067723 0.0635447 -0.127324
FixedParameters: 0 0 0

#Transform 51
Transform: AffineTransform_float_3_3
Parameters: 0.999999 -0.00100231 0.00109071 0.00100169 1 0.000288093 -0.00109129 -0.000286907 1 0.0668588 0.0927076 -0.156953
FixedParameters: 0 0 0

#Transform 52
Transform: AffineTransform_float_3_3
Parameters: 0.999999 -0.00100235 0.00109068 0.00100165 1 0.000317093 -0.00109132 -0.000315907 1 0.065105 0.0742422 -0.173752
FixedParameters: 0 0 0

#Transform 53
Transform: AffineTransform_float_3_3
Parameters: 0.999999 -0.00100235 0.00109068 0.00100165 1 0.000322093 -0.00109132 -0.000320907 1 0.0576142 0.0571846 -0.172709
FixedParameters: 0 0 0

#Transform 54
Transform: AffineTransform_float_3_3
Parameters: 1 -0.00100186 0.000660206 0.00100214 0.999999 -0.000205338 -0.000660794 0.000205662 1 0.0652032 0.0700163 -0.215489
FixedParameters: 0 0 0

#Transform 55
Transform: AffineTransform_float_3_3
Parameters: 0.999999 -0.000708852 0.000141743 0.000708148 0.999999 -0.0010479 -0.000141258 0.0010481 1 0.0407093 0.1032 -0.204358
FixedParameters: 0 0 0

#Transform 56
Transform: AffineTransform_float_3_3
Parameters: 0.999999 -0.000606081 0.000543909 0.000605918 1 0.00015033 -0.000544091 -0.00014967 1 0.0336446 0.0421295 -0.157542
FixedParameters: 0 0 0

#Transform 57
Transform: AffineTransform_float_3_3
Parameters: 1 -0.000671935 0.000215202 0.000672064 0.999999 -0.000300855 -0.000214798 0.000301144 1 0.0355469 0.0550549 -0.141312
FixedParameters: 0 0 0

#Transform 58
Transform: AffineTransform_float_3_3
Parameters: 0.999999 -0.000501003 0.000520997 0.000500997 1 6.26102e-06 -0.000521003 -5.73898e-06 1 0.0326844 0.103641 -0.192592
FixedParameters: 0 0 0

#Transform 59
Transform: AffineTransform_float_3_3
Parameters: 0.999999 -0.000825346 0.000645557 0.000824653 0.999999 0.000536532 -0.000646442 -0.000536466 0.999999 0.0565094 0.0095817 -0.159227
FixedParameters: 0 0 0

#Transform 60
Transform: AffineTransform_float_3_3
Parameters: 1 -0.000860897 0.000636139 0.000861103 0.999999 -0.000161452 -0.000636861 0.000161548 1 0.0663137 0.135266 -0.192807
FixedParameters: 0 0 0

#Transform 61
Transform: AffineTransform_float_3_3
Parameters: 0.999999 -0.000481496 0.000678648 0.000481503 0.999999 0.000731326 -0.000679352 -0.000730673 0.999999 0.0486523 0.0866012 -0.172599
FixedParameters: 0 0 0

#Transform 62
Transform: AffineTransform_float_3_3
Parameters: 1 -0.000799607 0.000740347 0.000798395 1 0.000818592 -0.000740654 -0.000818409 1 0.0533752 0.0802485 -0.175206
FixedParameters: 0 0 0

#Transform 63
Transform: AffineTransform_float_3_3
Parameters: 1 -0.000733433 0.000876639 0.000732567 0.999999 0.000493643 -0.000877362 -0.000493357 1 0.0636732 0.0661295 -0.135739
FixedParameters: 0 0 0

#Transform 64
Transform: AffineTransform_float_3_3
Parameters: 0.999999 -0.000301483 0.000885836 0.000300517 1 0.000545267 -0.000885164 -0.000545734 1 0.0424382 0.0996585 -0.116753
FixedParameters: 0 0 0

#Transform 65
Transform: AffineTransform_float_3_3
Parameters: 0.999999 -0.000739559 0.0010406 0.00073944 0.999999 0.00053777 -0.0010414 -0.00053723 1 0.0547955 0.0710563 -0.168875
FixedParameters: 0 0 0

#Transform 66
Transform: AffineTransform_float_3_3
Parameters: 0.999999 -0.00065261 0.00117666 0.000652388 0.999999 0.000519768 -0.00117734 -0.000518232 0.999999 0.0537576 0.0638732 -0.135427
FixedParameters: 0 0 0

#Transform 67
Transform: AffineTransform_float_3_3
Parameters: 0.999999 -0.000652469 0.00105871 0.000651531 0.999999 0.00044269 -0.00105929 -0.000442309 1 0.0545109 0.0913447 -0.152223
FixedParameters: 0 0 0

#Transform 68
Transform: AffineTransform_float_3_3
Parameters: 1 -0.000722469 0.000778565 0.000722531 0.999999 0.000602562 -0.000778435 -0.000601437 0.999999 0.0469587 0.0981173 -0.166916
FixedParameters: 0 0 0

#Transform 69
Transform: AffineTransform_float_3_3
Parameters: 0.999999 -0.000804037 0.000961134 0.000802963 0.999999 0.00107877 -0.000961867 -0.00107823 0.999999 0.0539201 0.0664198 -0.171224
FixedParameters: 0 0 0

#Transform 70
Transform: AffineTransform_float_3_3
Parameters: 1 -0.00069789 0.000944344 0.000697112 1 0.000941659 -0.000944657 -0.000941342 0.999999 0.0486696 0.0521583 -0.155447
FixedParameters: 0 0 0

#Transform 71
Transform: AffineTransform_float_3_3
Parameters: 1 -0.000768483 0.000799537 0.000768519 1 0.000602615 -0.000800463 -0.000602385 0.999999 0.0504451 0.101658 -0.165899
FixedParameters: 0 0 0

#Transform 72
Transform: AffineTransform_float_3_3
Parameters: 1 -0.000716382 0.000988723 0.000715618 0.999999 0.000386707 -0.000988276 -0.000386292 0.999999 0.0599506 0.0662993 -0.150935
FixedParameters: 0 0 0

#Transform 73
Transform: AffineTransform_float_3_3
Parameters: 0.999999 -0.000652122 0.00117638 0.000650878 1 0.000953767 -0.00117762 -0.000953233 0.999999 0.055501 0.0277311 -0.116608
FixedParameters: 0 0 0

#Transform 74
Transform: AffineTransform_float_3_3
Parameters: 1 -0.000821339 0.000866678 0.000820661 0.999999 0.000391711 -0.000867321 -0.000390288 0.999999 0.057081 0.0572338 -0.114987
FixedParameters: 0 0 0

#Transform 75
Transform: AffineTransform_float_3_3
Parameters: 1 -0.000862053 0.000559919 0.000861947 0.999999 9.44826e-05 -0.000560081 -9.35172e-05 1 0.0641575 0.0855099 -0.144902
FixedParameters: 0 0 0

#Transform 76
Transform: AffineTransform_float_3_3
Parameters: 0.999999 -0.000795693 0.00117653 0.000795306 0.999999 0.000589936 -0.00117747 -0.000589063 0.999999 0.0638602 0.0380268 -0.125856
FixedParameters: 0 0 0

#Transform 77
Transform: AffineTransform_float_3_3
Parameters: 0.999999 -0.000852138 0.00090487 0.000852862 0.999999 0.000152772 -0.00090513 -0.000152229 0.999999 0.057885 0.0404227 -0.112586
FixedParameters: 0 0 0

#Transform 78
Transform: AffineTransform_float_3_3
Parameters: 0.999999 -0.00100183 0.000888191 0.00100217 1 -0.00019011 -0.000887809 0.00019089 0.999999 0.0656913 0.0740686 -0.136801
FixedParameters: 0 0 0

#Transform 79
Transform: AffineTransform_float_3_3
Parameters: 0.999999 -0.000616996 0.001177 0.000617003 1 -2.27379e-06 -0.001177 3.72621e-06 1 0.0529429 0.0485107 -0.173404
FixedParameters: 0 0 0

#Transform 80
Transform: AffineTransform_float_3_3
Parameters: 0.999999 -0.00100211 0.000890875 0.00100189 0.999999 0.000124893 -0.000891125 -0.000124107 0.999999 0.062268 0.0459411 -0.145903
FixedParameters: 0 0 0

#Transform 81
Transform: AffineTransform_float_3_3
Parameters: 0.999999 -0.0010014 0.000760793 0.0010016 0.999999 -0.000791239 -0.000759208 0.000791761 1 0.0616135 0.0937578 -0.207389
FixedParameters: 0 0 0

#Transform 82
Transform: AffineTransform_float_3_3
Parameters: 0.999998 -0.00139884 0.00146893 0.00140416 0.999993 -0.00351694 -0.00146407 0.00351905 0.999992 0.0759032 0.054284 -0.288976
FixedParameters: 0 0 0

#Transform 83
Transform: AffineTransform_float_3_3
Parameters: 0.999998 -0.00140346 0.000938799 0.00140353 0.999999 -0.000568683 -0.000938201 0.000570318 1 0.0660719 0.0320757 -0.147817
FixedParameters: 0 0 0

#Transform 84
Transform: AffineTransform_float_3_3
Parameters: 0.999999 -0.0014026 0.000994974 0.0014034 0.999998 -0.00140561 -0.000993028 0.00140639 0.999998 0.0738736 0.0989613 -0.179093
FixedParameters: 0 0 0

#Transform 85
Transform: AffineTransform_float_3_3
Parameters: 0.999999 -0.00129851 0.000828774 0.00129949 0.999999 -0.000595923 -0.000828224 0.000597076 0.999999 0.0700718 0.10005 -0.158637
FixedParameters: 0 0 0

#Transform 86
Transform: AffineTransform_float_3_3
Parameters: 0.999998 -0.00140411 0.00091483 0.00140389 0.999999 0.000121284 -0.00091417 -0.000120717 0.999999 0.0802959 0.0876523 -0.149359
FixedParameters: 0 0 0

#Transform 87
Transform: AffineTransform_float_3_3
Parameters: 0.99997 -0.007756 -0.000122779 0.007756 0.99997 -2.89531e-05 0.000123221 2.80451e-05 1 0.273835 0.129716 -0.183731
FixedParameters: 0 0 0

#Transform 88
Transform: AffineTransform_float_3_3
Parameters: 0.999995 -0.0030727 -0.000361558 0.0030733 0.999995 0.000831892 0.000359441 -0.000833108 0.999999 0.102229 0.116442 -0.0771463
FixedParameters: 0 0 0

#Transform 89
Transform: AffineTransform_float_3_3
Parameters: 0.999996 -0.00307312 8.58387e-05 0.00307288 0.999995 0.00135427 -9.01604e-05 -0.00135373 0.999999 0.116301 0.116085 -0.0632212
FixedParameters: 0 0 0

#Transform 90
Transform: AffineTransform_float_3_3
Parameters: 0.999995 -0.00307333 0.000319864 0.00307267 0.999995 0.00102099 -0.000323136 -0.00102001 1 0.118565 0.0914561 -0.111463
FixedParameters: 0 0 0

#Transform 91
Transform: AffineTransform_float_3_3
Parameters: 0.999995 -0.0032223 0.000290738 0.0032217 0.999995 0.00101294 -0.000293262 -0.00101206 1 0.126046 0.0861731 -0.107089
FixedParameters: 0 0 0

#Transform 92
Transform: AffineTransform_float_3_3
Parameters: 0.999994 -0.00324218 0.000238619 0.00324182 0.999995 0.000734778 -0.000241381 -0.000734221 0.999999 0.128142 0.105061 -0.132883
FixedParameters: 0 0 0

#Transform 93
Transform: AffineTransform_float_3_3
Parameters: 0.999995 -0.00307293 0.000334675 0.00307307 0.999996 -0.000218973 -0.000334325 0.000220028 1 0.125115 0.12104 -0.146686
FixedParameters: 0 0 0

#Transform 94
Transform: AffineTransform_float_3_3
Parameters: 0.999994 -0.00342849 0.000754778 0.00342851 0.999994 0.000649592 -0.000756225 -0.000647412 1 0.14364 0.0620825 -0.121849
FixedParameters: 0 0 0

#Transform 95
Transform: AffineTransform_float_3_3
Parameters: 0.999994 -0.00322124 0.000561628 0.00322076 0.999994 0.000426811 -0.000562372 -0.000425191 1 0.131888 0.0884873 -0.145848
FixedParameters: 0 0 0

#Transform 96
Transform: AffineTransform_float_3_3
Parameters: 0.999993 -0.00346006 0.000756722 0.00345994 0.999994 8.16187e-05 -0.000756275 -7.83837e-05 0.999999 0.146224 0.112255 -0.151817
FixedParameters: 0 0 0

#Transform 97
Transform: AffineTransform_float_3_3
Parameters: 0.999994 -0.0034335 0.00075474 0.0034335 0.999994 0.000659596 -0.000756259 -0.000656408 1 0.147782 0.105812 -0.152387
FixedParameters: 0 0 0

#Transform 98
Transform: AffineTransform_float_3_3
Parameters: 0.999995 -0.00315015 0.000497062 0.00314985 0.999995 0.000298567 -0.000497939 -0.000297433 1 0.137932 0.104495 -0.150701
FixedParameters: 0 0 0

#Transform 99
Transform: AffineTransform_float_3_3
Parameters: 0.999994 -0.00325426 0.000572535 0.00325374 0.999994 0.000450865 -0.000573464 -0.000449136 0.999999 0.143445 0.102177 -0.155739
FixedParameters: 0 0 0

#Transform 100
Transform: AffineTransform_float_3_3
Parameters: 0.999994 -0.00342463 0.000754154 0.00342437 0.999994 0.000832588 -0.000756849 -0.000830413 1 0.147683 0.0873804 -0.145407
FixedParameters: 0 0 0

#Transform 101
Transform: AffineTransform_float_3_3
Parameters: 0.999995 -0.00332841 0.000482162 0.00332759 0.999994 0.000853609 -0.000484836 -0.000851391 0.999999 0.136918 0.0726925 -0.128544
FixedParameters: 0 0 0

#Transform 102
Transform: AffineTransform_float_3_3
Parameters: 0.999995 -0.00331214 0.000429945 0.00331187 0.999995 0.000319426 -0.000431054 -0.000317574 1 0.13261 0.128487 -0.132413
FixedParameters: 0 0 0

#Transform 103
Transform: AffineTransform_float_3_3
Parameters: 0.999995 -0.00326923 0.000492471 0.00326877 0.999994 0.000468612 -0.000493531 -0.000467389 1 0.132728 0.0881203 -0.134965
FixedParameters: 0 0 0

#Transform 104
Transform: AffineTransform_float_3_3
Parameters: 0.999994 -0.00322721 0.000466519 0.00322678 0.999994 0.000459508 -0.000467478 -0.000457494 1 0.123615 0.0849883 -0.13041
FixedParameters: 0 0 0

#Transform 105
Transform: AffineTransform_float_3_3
Parameters: 0.999995 -0.00307224 0.000376057 0.00307276 0.999995 0.000633158 -0.000377943 -0.000631842 0.999999 0.121666 0.0821465 -0.101811
FixedParameters: 0 0 0

#Transform 106
Transform: AffineTransform_float_3_3
Parameters: 0.999995 -0.0032241 0.000319957 0.00322389 0.999995 0.000324033 -0.000321043 -0.000322967 1 0.12705 0.0894376 -0.120735
FixedParameters: 0 0 0

#Transform 107
Transform: AffineTransform_float_3_3
Parameters: 0.999995 -0.00307702 0.000558905 0.00307698 0.999996 3.17199e-05 -0.000559093 -2.92798e-05 1 0.125815 0.108881 -0.129161
FixedParameters: 0 0 0

#Transform 108
Transform: AffineTransform_float_3_3
Parameters: 0.999996 -0.00303614 0.000421005 0.00303586 0.999996 0.00032828 -0.000421994 -0.00032672 1 0.12691 0.0961383 -0.13859
FixedParameters: 0 0 0

#Transform 109
Transform: AffineTransform_float_3_3
Parameters: 0.999995 -0.00306018 0.000475878 0.00305983 0.999996 0.000367458 -0.000477121 -0.000365542 1 0.123289 0.0756805 -0.122867
FixedParameters: 0 0 0

#Transform 110
Transform: AffineTransform_float_3_3
Parameters: 0.999995 -0.00297807 0.00024618 0.00297793 0.999995 0.000275734 -0.000246821 -0.000275266 1 0.11732 0.102896 -0.105528
FixedParameters: 0 0 0

#Transform 111
Transform: AffineTransform_float_3_3
Parameters: 0.999996 -0.00284415 0.000255292 0.00284485 0.999996 0.000600728 -0.000256709 -0.000600272 1 0.110312 0.107511 -0.0995446
FixedParameters: 0 0 0

#Transform 112
Transform: AffineTransform_float_3_3
Parameters: 0.999995 -0.00301828 0.000755907 0.00301773 0.999996 0.000363283 -0.000757095 -0.000361717 0.999999 0.123775 0.101068 -0.109862
FixedParameters: 0 0 0

#Transform 113
Transform: AffineTransform_float_3_3
Parameters: 0.999995 -0.00293411 0.000263722 0.00293388 0.999995 0.000435775 -0.000264275 -0.000434226 1 0.119444 0.0766144 -0.0946564
FixedParameters: 0 0 0

#Transform 114
Transform: AffineTransform_float_3_3
Parameters: 0.999995 -0.00312507 0.000175805 0.00312493 0.999995 0.000382551 -0.000176196 -0.000382451 1 0.124516 0.0870206 -0.113685
FixedParameters: 0 0 0

#Transform 115
Transform: AffineTransform_float_3_3
Parameters: 0.999996 -0.00290504 0.000148192 0.00290496 0.999995 0.000278432 -0.00014881 -0.000278569 1 0.102381 0.095659 -0.105844
FixedParameters: 0 0 0

#Transform 116
Transform: AffineTransform_float_3_3
Parameters: 0.999995 -0.00293298 0.000293224 0.00293302 0.999995 -7.61403e-05 -0.000292776 7.6859e-05 1 0.116705 0.0999991 -0.0991144
FixedParameters: 0 0 0

#Transform 117
Transform: AffineTransform_float_3_3
Parameters: 0.999995 -0.00314421 0.000717081 0.00314379 0.999995 0.000293256 -0.000717917 -0.000290744 0.999999 0.132141 0.08445 -0.109465
FixedParameters: 0 0 0

#Transform 118
Transform: AffineTransform_float_3_3
Parameters: 0.999995 -0.00311914 0.000437037 0.00311887 0.999995 0.000309365 -0.000437965 -0.000308635 1 0.129263 0.0621653 -0.105676
FixedParameters: 0 0 0

#Transform 119
Transform: AffineTransform_float_3_3
Parameters: 0.999996 -0.00284001 9.98406e-05 0.00284099 0.999996 5.62839e-05 -0.000100159 -5.57158e-05 1 0.11012 0.0969532 -0.0965436
FixedParameters: 0 0 0

#Transform 120
Transform: AffineTransform_float_3_3
Parameters: 0.999996 -0.0028718 0.000367581 0.0028722 0.999995 -0.000549946 -0.000366419 0.000551054 1 0.111761 0.0960628 -0.133565
FixedParameters: 0 0 0

#Transform 121
Transform: AffineTransform_float_3_3
Parameters: 0.999995 -0.00306207 0.000354432 0.00306194 0.999996 0.000186086 -0.000355568 -0.000184912 1 0.131361 0.0870373 -0.132056
FixedParameters: 0 0 0

#Transform 122
Transform: AffineTransform_float_3_3
Parameters: 0.999995 -0.00311998 0.000189411 0.00312003 0.999995 -0.00013141 -0.000189587 0.000132592 1 0.122679 0.07663 -0.102906
FixedParameters: 0 0 0

#Transform 123
Transform: AffineTransform_float_3_3
Parameters: 0.999995 -0.00313694 6.7008e-05 0.00313706 0.999994 -0.000958794 -6.39912e-05 0.000959205 0.999999 0.123346 0.151985 -0.139948
FixedParameters: 0 0 0

#Transform 124
Transform: AffineTransform_float_3_3
Parameters: 0.999995 -0.00291602 0.000218669 0.00291597 0.999995 0.000113638 -0.000218331 -0.000113364 1 0.11863 0.0248534 -0.0944094
FixedParameters: 0 0 0

#Transform 125
Transform: AffineTransform_float_3_3
Parameters: 0.999995 -0.00311922 -0.000180241 0.00311978 0.999995 -0.00120557 0.000184759 0.00120443 1 0.11796 0.0985896 -0.164622
FixedParameters: 0 0 0

#Transform 126
Transform: AffineTransform_float_3_3
Parameters: 0.999996 -0.00305703 -3.95817e-05 0.00305697 0.999995 -0.000791124 4.24179e-05 0.000790874 0.999999 0.127521 0.124892 -0.153275
FixedParameters: 0 0 0

#Transform 127
Transform: AffineTransform_float_3_3
Parameters: 0.999996 -0.00282797 8.19612e-05 0.00282803 0.999996 -0.00033977 -8.10381e-05 0.00034023 1 0.101994 0.0610121 -0.132392
FixedParameters: 0 0 0

#Transform 128
Transform: AffineTransform_float_3_3
Parameters: 0.999995 -0.00293501 -2.29404e-05 0.00293499 0.999995 -0.000361069 2.40594e-05 0.000360931 1 0.109247 0.0587476 -0.122728
FixedParameters: 0 0 0

#Transform 129
Transform: AffineTransform_float_3_3
Parameters: 0.999995 -0.0031182 -0.000242433 0.0031178 0.999995 -0.000823759 0.000244568 0.000823241 0.999999 0.118244 0.11896 -0.154143
FixedParameters: 0 0 0

#Transform 130
Transform: AffineTransform_float_3_3
Parameters: 0.999995 -0.00322201 -0.000134848 0.00322299 0.999995 -4.74349e-05 0.000135151 4.65648e-05 1 0.120976 0.0595196 -0.132766
FixedParameters: 0 0 0

#Transform 131
Transform: AffineTransform_float_3_3
Parameters: 0.999996 -0.00284202 -2.17689e-05 0.00284198 0.999995 -0.000785065 2.32309e-05 0.000784937 0.999999 0.111696 0.0933378 -0.123958
FixedParameters: 0 0 0

#Transform 132
Transform: AffineTransform_float_3_3
Parameters: 0.999996 -0.00294433 -0.000599372 0.00294467 0.999996 -0.000553768 0.000600629 0.000552234 0.999999 0.0998753 0.126931 -0.246296
FixedParameters: 0 0 0

#Transform 133
Transform: AffineTransform_float_3_3
Parameters: 0.999998 -0.00168312 -0.00153449 0.00167888 0.999995 -0.00268258 0.00153851 0.00267942 0.999995 0.00986664 0.0801073 -0.241859
FixedParameters: 0 0 0

#Transform 134
Transform: AffineTransform_float_3_3
Parameters: 0.999999 -0.00162406 -0.000737473 0.00162194 0.999995 -0.0027902 0.000741527 0.0027888 0.999996 0.00530808 0.0567876 -0.16427
FixedParameters: 0 0 0

#Transform 135
Transform: AffineTransform_float_3_3
Parameters: 0.999998 -0.00170066 -0.000932156 0.00169834 0.999994 -0.00285159 0.000936847 0.00285041 0.999996 0.00555759 0.0646036 -0.156705
FixedParameters: 0 0 0

#Transform 136
Transform: AffineTransform_float_3_3
Parameters: 0.999999 -0.001595 -0.000931881 0.001592 0.999993 -0.00321349 0.000937119 0.00321151 0.999995 0.00277296 0.103115 -0.201863
FixedParameters: 0 0 0

#Transform 137
Transform: AffineTransform_float_3_3
Parameters: 0.999999 -0.00121524 -0.000934098 0.00121376 0.999997 -0.00239014 0.000936902 0.00238886 0.999996 -0.00168243 0.0336129 -0.19573
FixedParameters: 0 0 0

#Transform 138
Transform: AffineTransform_float_3_3
Parameters: 0.999998 -0.00136715 -0.00130371 0.00136386 0.999996 -0.00241178 0.00130629 0.00241022 0.999996 0.00421883 0.0546583 -0.182968
FixedParameters: 0 0 0

#Transform 139
Transform: AffineTransform_float_3_3
Parameters: 0.999997 -0.00149583 -0.00156138 0.00149016 0.999994 -0.00309233 0.00156661 0.00309066 0.999994 0.00981293 0.104905 -0.278337
FixedParameters: 0 0 0

#Transform 140
Transform: AffineTransform_float_3_3
Parameters: 0.999996 -0.000235302 -0.00259408 0.000224697 0.999992 -0.0039716 0.00259491 0.0039704 0.999988 -0.0470386 0.0413012 -0.289839
FixedParameters: 0 0 0

#Transform 141
Transform: AffineTransform_float_3_3
Parameters: 0.999998 -0.000795479 -0.00169744 0.000790518 0.999994 -0.00322635 0.00170056 0.00322465 0.999994 -0.0381445 0.0549856 -0.17533
FixedParameters: 0 0 0

#Transform 142
Transform: AffineTransform_float_3_3
Parameters: 0.999999 -0.000795871 -0.00156302 0.000790129 0.999992 -0.00375324 0.00156598 0.00375176 0.999991 -0.0397314 0.0642514 -0.181001
FixedParameters: 0 0 0

#Transform 143
Transform: AffineTransform_float_3_3
Parameters: 0.999999 -0.000795591 -0.00156317 0.000790412 0.999994 -0.00357324 0.00156584 0.00357276 0.999993 -0.0361181 0.0695368 -0.201732
FixedParameters: 0 0 0

#Transform 144
Transform: AffineTransform_float_3_3
Parameters: 0.999999 -0.000862882 -0.00156332 0.000857115 0.999995 -0.00312134 0.00156668 0.00311965 0.999994 -0.034195 0.0453596 -0.168804
FixedParameters: 0 0 0

#Transform 145
Transform: AffineTransform_float_3_3
Parameters: 0.999999 -0.00079539 -0.00134483 0.000790608 0.999991 -0.00400407 0.00134818 0.00400293 0.999991 -0.0214803 0.0813209 -0.22922
FixedParameters: 0 0 0

#Transform 146
Transform: AffineTransform_float_3_3
Parameters: 0.999999 -0.00137441 -0.000589403 0.00137259 0.999991 -0.00407581 0.000594599 0.00407518 0.999991 0.0225742 0.0704981 -0.256615
FixedParameters: 0 0 0

#Transform 147
Transform: AffineTransform_float_3_3
Parameters: 0.999998 -0.00142273 -0.000758896 0.00142026 0.999992 -0.00359108 0.000764104 0.00358992 0.999994 0.022917 0.0212455 -0.217172
FixedParameters: 0 0 0

#Transform 148
Transform: AffineTransform_float_3_3
Parameters: 0.999998 -0.00091149 -0.00147601 0.00090451 0.99999 -0.00439134 0.00147999 0.00439066 0.99999 -0.0155736 0.0737703 -0.244686
FixedParameters: 0 0 0

#Transform 149
Transform: AffineTransform_float_3_3
Parameters: 0.999999 -0.00110151 -0.00147516 0.00109448 0.999989 -0.00441062 0.00147984 0.00440838 0.999989 -0.0102497 0.0124792 -0.228078
FixedParameters: 0 0 0

#Transform 150
Transform: AffineTransform_float_3_3
Parameters: 0.999998 -0.000997715 -0.00147548 0.000991286 0.999989 -0.00454547 0.00147952 0.00454353 0.999988 -0.0272478 0.0365763 -0.215717
FixedParameters: 0 0 0

#Transform 151
Transform: AffineTransform_float_3_3
Parameters: 0.999998 -0.00134491 -0.000998418 0.00134009 0.999987 -0.00490335 0.00100558 0.00490166 0.999988 0.00716768 0.0687538 -0.242771
FixedParameters: 0 0 0

#Transform 152
Transform: AffineTransform_float_3_3
Parameters: 0.999998 -0.0011011 -0.00120244 0.0010949 0.999986 -0.00506032 0.00120756 0.00505968 0.999987 -0.00967438 0.0111969 -0.243367
FixedParameters: 0 0 0

#Transform 153
Transform: AffineTransform_float_3_3
Parameters: 0.999998 -0.00110075 -0.00119774 0.00109525 0.999988 -0.00479332 0.00120226 0.00479168 0.999988 -0.0117458 0.0284211 -0.218624
FixedParameters: 0 0 0

#Transform 154
Transform: AffineTransform_float_3_3
Parameters: 0.999998 -0.00110097 -0.0012116 0.00109503 0.999988 -0.00492134 0.0012164 0.00491967 0.999987 -0.00534354 0.0443321 -0.214758
FixedParameters: 0 0 0

#Transform 155
Transform: AffineTransform_float_3_3
Parameters: 0.999999 -0.00109937 -0.00100022 0.00109463 0.99999 -0.0043551 0.00100578 0.0043549 0.99999 0.00117344 0.0406961 -0.212053
FixedParameters: 0 0 0

#Transform 156
Transform: AffineTransform_float_3_3
Parameters: 0.999998 -0.00110006 -0.0011793 0.00109493 0.99999 -0.0042863 0.0011847 0.0042857 0.99999 0.012502 0.0317188 -0.200295
FixedParameters: 0 0 0

#Transform 157
Transform: AffineTransform_float_3_3
Parameters: 0.999998 -0.00162686 -0.00121656 0.00161914 0.999978 -0.00643298 0.00122744 0.00643101 0.999978 0.0257475 -0.0327335 -0.120684
FixedParameters: 0 0 0

#Transform 158
Transform: AffineTransform_float_3_3
Parameters: 0.999998 -0.00226191 -9.91005e-05 0.00226109 0.999962 -0.00835724 0.0001189 0.00835675 0.999965 0.0728534 -0.0254225 -0.0896019
FixedParameters: 0 0 0

#Transform 159
Transform: AffineTransform_float_3_3
Parameters: 0.999998 -0.00168652 -0.000110282 0.00168647 0.999988 -0.00457719 0.000118722 0.0045778 0.999989 0.0474295 0.0170708 -0.150701
FixedParameters: 0 0 0

#Transform 160
Transform: AffineTransform_float_3_3
Parameters: 0.999999 -0.00186361 -0.00010791 0.00186239 0.999983 -0.00541521 0.000118086 0.00541479 0.999986 0.0599766 0.0709309 -0.190138
FixedParameters: 0 0 0

#Transform 161
Transform: AffineTransform_float_3_3
Parameters: 0.999998 -0.00210088 -0.000157626 0.00210011 0.999983 -0.00541535 0.000169374 0.00541466 0.999986 0.0675652 -0.0127577 -0.192122
FixedParameters: 0 0 0

#Transform 162
Transform: AffineTransform_float_3_3
Parameters: 0.999999 -0.00181922 -4.10699e-05 0.00181878 0.999987 -0.00490908 4.99307e-05 0.00490992 0.999988 0.0618937 0.0204576 -0.146916
FixedParameters: 0 0 0

#Transform 163
Transform: AffineTransform_float_3_3
Parameters: 0.999998 -0.00193035 0.000130124 0.00193066 0.999985 -0.00524376 -0.000119879 0.00524324 0.999986 0.0709262 0.0523227 -0.175311
FixedParameters: 0 0 0

#Transform 164
Transform: AffineTransform_float_3_3
Parameters: 0.999997 -0.0021106 0.000299087 0.0021124 0.999987 -0.00477738 -0.000288911 0.00477762 0.999988 0.082777 0.0125123 -0.155511
FixedParameters: 0 0 0

#Transform 165
Transform: AffineTransform_float_3_3
Parameters: 0.999998 -0.00188259 0.000294194 0.00188441 0.999987 -0.00488146 -0.000284805 0.00488155 0.999988 0.0754511 -0.00608684 -0.148251
FixedParameters: 0 0 0

#Transform 166
Transform: AffineTransform_float_3_3
Parameters: 0.999998 -0.00168559 8.18942e-05 0.00168641 0.999984 -0.00527587 -7.31034e-05 0.00527613 0.999986 0.0599262 0.0593621 -0.163062
FixedParameters: 0 0 0

#Transform 167
Transform: AffineTransform_float_3_3
Parameters: 0.999998 -0.00168565 6.81978e-05 0.00168634 0.999983 -0.00545589 -5.88001e-05 0.00545611 0.999985 0.0712768 0.0102664 -0.175891
FixedParameters: 0 0 0

#Transform 168
Transform: AffineTransform_float_3_3
Parameters: 0.999998 -0.00168514 0.000170716 0.00168686 0.999985 -0.00517072 -0.000162281 0.00517028 0.999986 0.0650673 -0.00535887 -0.109604
FixedParameters: 0 0 0

#Transform 169
Transform: AffineTransform_float_3_3
Parameters: 0.999998 -0.00168588 2.78748e-05 0.00168612 0.999984 -0.00526396 -1.91245e-05 0.00526404 0.999986 0.0643622 0.0257832 -0.104519
FixedParameters: 0 0 0

#Transform 170
Transform: AffineTransform_float_3_3
Parameters: 0.999998 -0.00168359 0.000486433 0.00168641 0.999986 -0.00500519 -0.000477565 0.00500581 0.999988 0.0711487 0.0206537 -0.125413
FixedParameters: 0 0 0

#Transform 171
Transform: AffineTransform_float_3_3
Parameters: 0.999999 -0.00168367 0.000486143 0.00168633 0.999987 -0.00483219 -0.000477857 0.00483281 0.999988 0.0639186 -0.0169188 -0.116999
FixedParameters: 0 0 0

#Transform 172
Transform: AffineTransform_float_3_3
Parameters: 0.999999 -0.00182193 0.000216252 0.00182307 0.999986 -0.00507662 -0.000206748 0.00507639 0.999987 0.0628656 0.0204638 -0.128244
FixedParameters: 0 0 0

#Transform 173
Transform: AffineTransform_float_3_3
Parameters: 0.999998 -0.00190147 0.000487981 0.00190353 0.999985 -0.00524508 -0.000478022 0.00524592 0.999986 0.0663356 0.0317062 -0.142691
FixedParameters: 0 0 0

#Transform 174
Transform: AffineTransform_float_3_3
Parameters: 0.999998 -0.00168346 0.000486863 0.00168654 0.999984 -0.00526019 -0.000478134 0.00526081 0.999986 0.0569536 0.00624139 -0.138767
FixedParameters: 0 0 0

#Transform 175
Transform: AffineTransform_float_3_3
Parameters: 0.999998 -0.00168507 0.000212524 0.00168693 0.999988 -0.00446365 -0.000205471 0.00446435 0.99999 0.0407352 0.00187924 -0.0854163
FixedParameters: 0 0 0

#Transform 176
Transform: AffineTransform_float_3_3
Parameters: 0.999999 -0.00154689 2.43381e-05 0.00154711 0.999985 -0.00538997 -1.66613e-05 0.00539004 0.999986 0.0530865 0.0684903 -0.164386
FixedParameters: 0 0 0

#Transform 177
Transform: AffineTransform_float_3_3
Parameters: 0.999999 -0.00138251 0.000101831 0.00138249 0.999987 -0.00493986 -9.51716e-05 0.00494013 0.999988 0.039139 -0.00276357 -0.139615
FixedParameters: 0 0 0

#Transform 178
Transform: AffineTransform_float_3_3
Parameters: 0.999999 -0.00146559 9.4615e-05 0.00146641 0.999988 -0.00451286 -8.83829e-05 0.00451313 0.99999 0.0376177 0.00148382 -0.100484
FixedParameters: 0 0 0

#Transform 179
Transform: AffineTransform_float_3_3
Parameters: 1 -0.00106005 -6.78041e-06 0.00105995 0.999988 -0.00492401 1.22194e-05 0.00492399 0.999988 0.0132714 0.0509524 -0.130239
FixedParameters: 0 0 0

#Transform 180
Transform: AffineTransform_float_3_3
Parameters: 1 -0.00106446 0.000123752 0.00106554 0.999989 -0.00446287 -0.000119246 0.00446313 0.99999 0.0198873 -0.0103102 -0.112429
FixedParameters: 0 0 0

#Transform 181
Transform: AffineTransform_float_3_3
Parameters: 0.999999 -0.00140977 -0.000354009 0.00140823 0.999986 -0.0049625 0.000360992 0.00496149 0.999987 0.0269366 0.0252377 -0.133877
FixedParameters: 0 0 0

#Transform 182
Transform: AffineTransform_float_3_3
Parameters: 0.999999 -0.00141794 -0.000354337 0.00141607 0.999985 -0.00540851 0.000361665 0.0054085 0.999986 0.0347478 0.0394068 -0.131289
FixedParameters: 0 0 0

#Transform 183
Transform: AffineTransform_float_3_3
Parameters: 0.999999 -0.00131223 -0.000412992 0.00131077 0.999985 -0.00534554 0.000420013 0.00534545 0.999985 0.0193347 0.0100731 -0.144492
FixedParameters: 0 0 0

#Transform 184
Transform: AffineTransform_float_3_3
Parameters: 0.999999 -0.00152673 -0.000344433 0.00152427 0.999986 -0.00495953 0.000352564 0.00495946 0.999987 0.034611 -0.012907 -0.101509
FixedParameters: 0 0 0

#Transform 185
Transform: AffineTransform_float_3_3
Parameters: 0.999999 -0.00153401 -0.00018692 0.00153299 0.999985 -0.00526929 0.00019508 0.00526871 0.999986 0.0450703 0.0215411 -0.127174
FixedParameters: 0 0 0

#Transform 186
Transform: AffineTransform_float_3_3
Parameters: 0.999999 -0.00130673 6.28574e-05 0.00130627 0.999989 -0.00448192 -5.71458e-05 0.00448208 0.99999 0.0412699 -0.0149361 -0.090407
FixedParameters: 0 0 0

#Transform 187
Transform: AffineTransform_float_3_3
Parameters: 1 -0.00111108 -0.000409411 0.00110893 0.999986 -0.00503546 0.000414589 0.00503454 0.999987 0.0251223 0.0265704 -0.120488
FixedParameters: 0 0 0

#Transform 188
Transform: AffineTransform_float_3_3
Parameters: 0.999999 -0.00121816 -0.000408616 0.00121584 0.999985 -0.0052455 0.000415384 0.0052455 0.999986 0.0212259 0.0283836 -0.12954
FixedParameters: 0 0 0

#Transform 189
Transform: AffineTransform_float_3_3
Parameters: 1 -0.00111093 -0.000409807 0.00110907 0.999989 -0.00467846 0.000415193 0.00467754 0.999989 0.0250681 0.00614321 -0.123237
FixedParameters: 0 0 0

#Transform 190
Transform: AffineTransform_float_3_3
