#Insight Transform File V1.0
#Transform 0
Transform: AffineTransform_float_3_3
Parameters: 0.999999 -0.000265166 0.000706313 0.000265835 1 -0.00118081 -0.000706686 0.00118119 0.999999 -0.0357777 0.041635 0.354273
FixedParameters: 0 0 0

#Transform 1
Transform: AffineTransform_float_3_3
Parameters: 1 -6.9536e-08 -0.000106 -6.9536e-08 1 -0.000656 0.000106 0.000656 1 0.0677552 0.162372 0.00596602
FixedParameters: 0 0 0

#Transform 2
Transform: AffineTransform_float_3_3
Parameters: 1 -0.00015897 -0.000321522 0.000158032 0.999996 -0.00301405 0.000321478 0.00301395 0.999996 0.0778562 0.305167 -0.0388543
FixedParameters: 0 0 0

#Transform 3
Transform: AffineTransform_float_3_3
Parameters: 1 -0.000268503 -0.000371919 0.000267497 0.999992 -0.0040351 0.000373082 0.0040349 0.999992 0.0865151 0.298277 -0.0875345
FixedParameters: 0 0 0

#Transform 4
Transform: AffineTransform_float_3_3
Parameters: 0.999999 -0.000778831 -0.00162243 0.000765174 0.999963 -0.00850726 0.00162857 0.00850675 0.999963 0.120998 0.529064 -0.0611905
FixedParameters: 0 0 0

#Transform 5
Transform: AffineTransform_float_3_3
Parameters: 0.999997 -0.00137356 -0.00193201 0.00134544 0.999891 -0.0147086 0.001952 0.0147064 0.99989 0.148795 0.824767 -0.00606751
FixedParameters: 0 0 0

#Transform 6
Transform: AffineTransform_float_3_3
Parameters: 0.999998 -0.0015846 0.000665812 0.0015964 0.999846 -0.017487 -0.00063818 0.017488 0.999847 0.0190783 0.870022 0.0765352
FixedParameters: 0 0 0

#Transform 7
Transform: AffineTransform_float_3_3
Parameters: 0.999997 -0.00233957 0.000387127 0.00234643 0.999843 -0.0175531 -0.000345865 0.0175539 0.999846 0.0594026 0.839697 0.0347957
FixedParameters: 0 0 0

#Transform 8
Transform: AffineTransform_float_3_3
Parameters: 0.999996 -0.00285567 -0.000197225 0.00285132 0.999784 -0.0205966 0.000256782 0.0205963 0.999788 0.0652002 0.959127 0.0825939
FixedParameters: 0 0 0

#Transform 9
Transform: AffineTransform_float_3_3
Parameters: 0.999998 -0.00200118 1.30686e-05 0.00200084 0.999767 -0.02152 2.90648e-05 0.02152 0.999769 0.0704056 1.0013 0.134822
FixedParameters: 0 0 0

#Transform 10
Transform: AffineTransform_float_3_3
Parameters: 0.999998 -0.00158655 -0.000541413 0.00157146 0.999617 -0.0276029 0.000584599 0.0276021 0.999619 0.0792926 1.20888 0.132545
FixedParameters: 0 0 0

#Transform 11
Transform: AffineTransform_float_3_3
Parameters: 0.999998 -0.00164624 -0.000961828 0.00161375 0.999467 -0.0326106 0.00101516 0.0326094 0.999467 0.102181 1.4134 0.0758878
FixedParameters: 0 0 0

#Transform 12
Transform: AffineTransform_float_3_3
Parameters: 0.999997 -0.00186314 -0.0010927 0.00182185 0.999332 -0.0365121 0.00116029 0.0365109 0.999332 0.111117 1.59808 0.09186
FixedParameters: 0 0 0

#Transform 13
Transform: AffineTransform_float_3_3
Parameters: 0.999997 -0.0022657 -0.000945466 0.00222832 0.999307 -0.0371582 0.00102851 0.0371568 0.999309 0.104683 1.63994 0.0847391
FixedParameters: 0 0 0

#Transform 14
Transform: AffineTransform_float_3_3
Parameters: 0.999997 -0.00227119 -0.00107498 0.00222981 0.999318 -0.0368785 0.00115802 0.0368755 0.999319 0.133422 1.61083 0.091056
FixedParameters: 0 0 0

#Transform 15
Transform: AffineTransform_float_3_3
Parameters: 0.999997 -0.00226786 -0.00102719 0.00222815 0.999302 -0.0372704 0.00111081 0.0372686 0.999304 0.134847 1.60164 0.094387
FixedParameters: 0 0 0

#Transform 16
Transform: AffineTransform_float_3_3
Parameters: 0.999996 -0.00224988 -0.00135376 0.0021971 0.99928 -0.0378751 0.00143824 0.0378719 0.999281 0.153869 1.67704 0.0981487
FixedParameters: 0 0 0

#Transform 17
Transform: AffineTransform_float_3_3
Parameters: 0.999995 -0.00260485 -0.00175501 0.00252716 0.999096 -0.0424497 0.00186395 0.0424454 0.999097 0.164747 1.85451 0.148475
FixedParameters: 0 0 0

#Transform 18
Transform: AffineTransform_float_3_3
Parameters: 0.999994 -0.00262955 -0.00220482 0.00253444 0.999103 -0.0422728 0.0023142 0.0422671 0.999103 0.181019 1.8388 0.190868
FixedParameters: 0 0 0

#Transform 19
Transform: AffineTransform_float_3_3
Parameters: 0.999994 -0.00293523 -0.00187695 0.00284977 0.999031 -0.0439046 0.00200404 0.0438994 0.999034 0.154869 1.90496 0.209599
FixedParameters: 0 0 0

#Transform 20
Transform: AffineTransform_float_3_3
Parameters: 0.999994 -0.00302097 -0.0015455 0.00295005 0.999026 -0.0440288 0.00167651 0.0440242 0.999029 0.149653 1.93601 0.175365
FixedParameters: 0 0 0

#Transform 21
Transform: AffineTransform_float_3_3
Parameters: 0.999995 -0.00271052 -0.00149496 0.00263448 0.998795 -0.0490082 0.00162606 0.0490038 0.998798 0.130336 2.13079 0.219588
FixedParameters: 0 0 0

#Transform 22
Transform: AffineTransform_float_3_3
Parameters: 0.999995 -0.00238537 -0.00213263 0.00227561 0.998729 -0.0503381 0.0022504 0.0503329 0.99873 0.152137 2.10302 0.273966
FixedParameters: 0 0 0

#Transform 23
Transform: AffineTransform_float_3_3
Parameters: 0.999995 -0.00273661 -0.00194438 0.00263441 0.998723 -0.0504664 0.00207959 0.0504616 0.998724 0.161992 2.13835 0.243803
FixedParameters: 0 0 0

#Transform 24
Transform: AffineTransform_float_3_3
Parameters: 0.999994 -0.00285638 -0.00193701 0.00275462 0.998698 -0.0509416 0.00208002 0.0509353 0.9987 0.159431 2.14553 0.233774
FixedParameters: 0 0 0

#Transform 25
Transform: AffineTransform_float_3_3
Parameters: 0.999995 -0.00249711 -0.00195012 0.0023899 0.998586 -0.053118 0.00207988 0.0531131 0.998587 0.149415 2.23216 0.236106
FixedParameters: 0 0 0

#Transform 26
Transform: AffineTransform_float_3_3
Parameters: 0.999996 -0.00238497 -0.00108575 0.00232701 0.998717 -0.0505837 0.00120525 0.0505813 0.998719 0.0899454 2.12806 0.194268
FixedParameters: 0 0 0

#Transform 27
Transform: AffineTransform_float_3_3
Parameters: 0.999997 -0.00194666 -0.00093664 0.00190032 0.99887 -0.0474749 0.00102838 0.0474731 0.998872 0.0911401 2.07721 0.113118
FixedParameters: 0 0 0

#Transform 28
Transform: AffineTransform_float_3_3
Parameters: 0.999997 -0.00224516 -0.00111414 0.00219084 0.99888 -0.0472626 0.0012189 0.0472604 0.998882 0.102094 2.09881 0.114945
FixedParameters: 0 0 0

#Transform 29
Transform: AffineTransform_float_3_3
Parameters: 0.999996 -0.00225858 -0.00135688 0.00219041 0.998817 -0.0485821 0.00146514 0.0485799 0.998818 0.113901 2.08404 0.144551
FixedParameters: 0 0 0

#Transform 30
Transform: AffineTransform_float_3_3
Parameters: 0.999995 -0.00228608 -0.00185234 0.00218994 0.998732 -0.0503093 0.00196466 0.0503047 0.998732 0.130867 2.1202 0.207845
FixedParameters: 0 0 0

#Transform 31
Transform: AffineTransform_float_3_3
Parameters: 0.999996 -0.00246875 -0.00169619 0.00238226 0.998777 -0.0493703 0.00181583 0.0493667 0.998779 0.14406 2.12967 0.153004
FixedParameters: 0 0 0

#Transform 32
Transform: AffineTransform_float_3_3
Parameters: 0.999996 -0.0022932 -0.00170457 0.00220583 0.998772 -0.049507 0.00181543 0.0495031 0.998773 0.138799 2.0883 0.148988
FixedParameters: 0 0 0

#Transform 33
Transform: AffineTransform_float_3_3
Parameters: 0.999996 -0.00252318 -0.00168991 0.00243382 0.998703 -0.0508423 0.00181608 0.0508377 0.998706 0.139715 2.1204 0.199086
FixedParameters: 0 0 0

#Transform 34
Transform: AffineTransform_float_3_3
Parameters: 0.999997 -0.00243985 -0.00100387 0.00238515 0.998674 -0.0514226 0.00112814 0.0514205 0.998677 0.111449 2.21853 0.199872
FixedParameters: 0 0 0

#Transform 35
Transform: AffineTransform_float_3_3
Parameters: 0.999995 -0.00288999 -0.0016741 0.00280302 0.998754 -0.049821 0.0018159 0.049816 0.998757 0.157731 2.11684 0.209914
FixedParameters: 0 0 0

#Transform 36
Transform: AffineTransform_float_3_3
Parameters: 0.999996 -0.00265902 -0.00139926 0.00258594 0.998754 -0.0498258 0.00153074 0.0498221 0.998757 0.136958 2.10138 0.176337
FixedParameters: 0 0 0

#Transform 37
Transform: AffineTransform_float_3_3
Parameters: 0.999996 -0.00257427 -0.00132641 0.0025047 0.998756 -0.0498156 0.00145358 0.0498125 0.998758 0.131668 2.14949 0.159437
FixedParameters: 0 0 0

#Transform 38
Transform: AffineTransform_float_3_3
Parameters: 0.999995 -0.00286838 -0.00121718 0.00280258 0.99871 -0.0506876 0.0013618 0.0506843 0.998714 0.126798 2.16297 0.186781
FixedParameters: 0 0 0

#Transform 39
Transform: AffineTransform_float_3_3
Parameters: 0.999995 -0.00259669 -0.00168095 0.00250631 0.998679 -0.0513234 0.00181202 0.0513195 0.99868 0.149848 2.15722 0.217039
FixedParameters: 0 0 0

#Transform 40
Transform: AffineTransform_float_3_3
Parameters: 0.999994 -0.00275477 -0.00181895 0.00265723 0.998658 -0.0517251 0.00195906 0.0517199 0.998659 0.151788 2.23051 0.204511
FixedParameters: 0 0 0

#Transform 41
Transform: AffineTransform_float_3_3
Parameters: 0.999995 -0.00255301 -0.00151732 0.00247001 0.998624 -0.052396 0.00164868 0.0523921 0.998625 0.137069 2.26516 0.195178
FixedParameters: 0 0 0

#Transform 42
Transform: AffineTransform_float_3_3
Parameters: 0.999995 -0.00252511 -0.00153055 0.00244486 0.998702 -0.050864 0.0016575 0.05086 0.998705 0.138311 2.17451 0.187809
FixedParameters: 0 0 0

#Transform 43
Transform: AffineTransform_float_3_3
Parameters: 0.999996 -0.00262812 -0.0015234 0.00254585 0.998664 -0.0516101 0.0016576 0.0516059 0.998666 0.133179 2.20413 0.21503
FixedParameters: 0 0 0

#Transform 44
Transform: AffineTransform_float_3_3
Parameters: 0.999995 -0.00275716 -0.0016358 0.00267188 0.99872 -0.0505216 0.00177224 0.0505164 0.998721 0.139169 2.22726 0.174189
FixedParameters: 0 0 0

#Transform 45
Transform: AffineTransform_float_3_3
Parameters: 0.999996 -0.00256099 -0.00153371 0.002483 0.998802 -0.048858 0.00165729 0.0488539 0.998804 0.135256 2.16537 0.116463
FixedParameters: 0 0 0

#Transform 46
Transform: AffineTransform_float_3_3
Parameters: 0.999994 -0.00259928 -0.00194236 0.00249768 0.998724 -0.0504441 0.00207162 0.0504389 0.998725 0.164384 2.16116 0.160448
FixedParameters: 0 0 0

#Transform 47
Transform: AffineTransform_float_3_3
Parameters: 0.999995 -0.00268699 -0.00156873 0.00260205 0.99865 -0.0518754 0.00170527 0.0518707 0.998653 0.132427 2.23111 0.19191
FixedParameters: 0 0 0

#Transform 48
Transform: AffineTransform_float_3_3
Parameters: 0.999994 -0.00267519 -0.00214994 0.00255881 0.998626 -0.0523398 0.00228706 0.0523342 0.998627 0.155444 2.29152 0.191618
FixedParameters: 0 0 0

#Transform 49
Transform: AffineTransform_float_3_3
Parameters: 0.999994 -0.00271252 -0.001912 0.00260948 0.998632 -0.0522093 0.00205103 0.0522047 0.998635 0.154705 2.28065 0.190635
FixedParameters: 0 0 0

#Transform 50
Transform: AffineTransform_float_3_3
Parameters: 0.999994 -0.00289649 -0.0018558 0.0027965 0.998641 -0.0520375 0.00200423 0.0520315 0.998644 0.162723 2.20773 0.203717
FixedParameters: 0 0 0

#Transform 51
Transform: AffineTransform_float_3_3
Parameters: 0.999994 -0.0027922 -0.001712 0.0026998 0.99866 -0.0516789 0.00185399 0.0516741 0.998663 0.15287 2.31106 0.151961
FixedParameters: 0 0 0

#Transform 52
Transform: AffineTransform_float_3_3
Parameters: 0.999995 -0.00280836 -0.00161151 0.00272061 0.99865 -0.0518686 0.00175547 0.0518633 0.998652 0.140056 2.30815 0.166052
FixedParameters: 0 0 0

#Transform 53
Transform: AffineTransform_float_3_3
Parameters: 0.999995 -0.00245904 -0.00232658 0.00233394 0.998628 -0.0523007 0.00245241 0.0522942 0.998628 0.172589 2.279 0.180473
FixedParameters: 0 0 0

#Transform 54
Transform: AffineTransform_float_3_3
Parameters: 0.999996 -0.00244461 -0.00172655 0.00235042 0.998629 -0.0522833 0.00185142 0.0522797 0.998631 0.129864 2.35575 0.149617
FixedParameters: 0 0 0

#Transform 55
Transform: AffineTransform_float_3_3
Parameters: 0.999994 -0.00261303 -0.00192228 0.00250998 0.998656 -0.0517791 0.00205471 0.0517739 0.998656 0.138888 2.29383 0.163747
FixedParameters: 0 0 0

#Transform 56
Transform: AffineTransform_float_3_3
Parameters: 0.999997 -0.0022947 -0.00149462 0.00221633 0.998712 -0.0506845 0.0016084 0.0506815 0.998713 0.134381 2.21451 0.138898
FixedParameters: 0 0 0

#Transform 57
Transform: AffineTransform_float_3_3
Parameters: 0.999997 -0.00219107 -0.00122071 0.00212891 0.998811 -0.0487188 0.00132629 0.0487153 0.998812 0.115073 2.17864 0.116287
FixedParameters: 0 0 0

#Transform 58
Transform: AffineTransform_float_3_3
Parameters: 0.999997 -0.00239666 -0.00110787 0.00234034 0.998817 -0.0485848 0.00122315 0.0485823 0.998819 0.0991137 2.21594 0.0985679
FixedParameters: 0 0 0

#Transform 59
Transform: AffineTransform_float_3_3
Parameters: 0.999997 -0.00200015 -0.00175954 0.00190983 0.998756 -0.0498236 0.00185746 0.0498205 0.998757 0.145046 2.21131 0.120648
FixedParameters: 0 0 0

#Transform 60
Transform: AffineTransform_float_3_3
Parameters: 0.999998 -0.00184468 -0.00139921 0.00177328 0.998767 -0.0496096 0.0014898 0.0496064 0.998767 0.126992 2.1943 0.132982
FixedParameters: 0 0 0

#Transform 61
Transform: AffineTransform_float_3_3
Parameters: 0.999996 -0.00201154 -0.00204123 0.00190547 0.998701 -0.0509171 0.00214079 0.0509129 0.998701 0.149376 2.27252 0.13768
FixedParameters: 0 0 0

#Transform 62
Transform: AffineTransform_float_3_3
Parameters: 0.999997 -0.00234292 -0.00128174 0.00227307 0.99864 -0.0520731 0.00140226 0.0520699 0.998642 0.116498 2.28698 0.185824
FixedParameters: 0 0 0

#Transform 63
Transform: AffineTransform_float_3_3
Parameters: 0.999996 -0.00233504 -0.00108434 0.00227292 0.998534 -0.0540676 0.00120966 0.0540653 0.998536 0.109939 2.35341 0.196444
FixedParameters: 0 0 0

#Transform 64
Transform: AffineTransform_float_3_3
Parameters: 0.999995 -0.00271716 -0.00151387 0.00262584 0.998355 -0.0572712 0.00166711 0.0572667 0.998357 0.121557 2.5512 0.212713
FixedParameters: 0 0 0

#Transform 65
Transform: AffineTransform_float_3_3
Parameters: 0.999994 -0.00287835 -0.00159786 0.0027797 0.998252 -0.0590378 0.00176418 0.0590323 0.998255 0.126545 2.61309 0.226062
FixedParameters: 0 0 0

#Transform 66
Transform: AffineTransform_float_3_3
Parameters: 0.999996 -0.00219301 -0.00173949 0.00209002 0.998363 -0.0571598 0.0018615 0.0571561 0.998363 0.124161 2.49235 0.240673
FixedParameters: 0 0 0

#Transform 67
Transform: AffineTransform_float_3_3
Parameters: 0.999997 -0.00236017 -0.00136983 0.00227882 0.9984 -0.0565033 0.00150115 0.0564996 0.998401 0.123943 2.53082 0.179224
FixedParameters: 0 0 0

#Transform 68
Transform: AffineTransform_float_3_3
Parameters: 0.999996 -0.00235509 -0.00150167 0.00226589 0.998383 -0.0567966 0.00163333 0.0567934 0.998384 0.131493 2.50604 0.192325
FixedParameters: 0 0 0

#Transform 69
Transform: AffineTransform_float_3_3
Parameters: 0.999996 -0.00254957 -0.00133716 0.00247043 0.998402 -0.0564695 0.00147886 0.0564654 0.998403 0.121185 2.49219 0.214688
FixedParameters: 0 0 0

#Transform 70
Transform: AffineTransform_float_3_3
Parameters: 0.999996 -0.0022901 -0.00129528 0.00221292 0.99839 -0.056681 0.00142271 0.0566779 0.998391 0.117278 2.56174 0.217899
FixedParameters: 0 0 0

#Transform 71
Transform: AffineTransform_float_3_3
Parameters: 0.999996 -0.00255714 -0.0016601 0.00245787 0.998328 -0.0577493 0.00180495 0.0577456 0.998329 0.133153 2.58354 0.207064
FixedParameters: 0 0 0

#Transform 72
Transform: AffineTransform_float_3_3
Parameters: 0.999996 -0.00238333 -0.00156175 0.00228865 0.998323 -0.0578478 0.00169723 0.0578442 0.998324 0.128683 2.52302 0.230351
FixedParameters: 0 0 0

#Transform 73
Transform: AffineTransform_float_3_3
Parameters: 0.999996 -0.0025104 -0.00148041 0.00242163 0.998374 -0.0569609 0.00162057 0.0569572 0.998376 0.137648 2.55388 0.204826
FixedParameters: 0 0 0

#Transform 74
Transform: AffineTransform_float_3_3
Parameters: 0.999995 -0.00273839 -0.00150688 0.0026486 0.998403 -0.0564283 0.00165909 0.0564238 0.998406 0.148422 2.51983 0.214407
FixedParameters: 0 0 0

#Transform 75
Transform: AffineTransform_float_3_3
Parameters: 0.999995 -0.00270831 -0.00161276 0.00261268 0.998403 -0.0564224 0.00176322 0.0564185 0.998405 0.147261 2.52162 0.225973
FixedParameters: 0 0 0

#Transform 76
Transform: AffineTransform_float_3_3
Parameters: 0.999994 -0.00275218 -0.00179921 0.00264584 0.998396 -0.0565661 0.00195178 0.056561 0.998397 0.137542 2.50267 0.244923
FixedParameters: 0 0 0

#Transform 77
Transform: AffineTransform_float_3_3
Parameters: 0.999996 -0.00225741 -0.00161483 0.00217258 0.998693 -0.0510667 0.0017282 0.0510633 0.998694 0.142595 2.37916 0.128765
FixedParameters: 0 0 0

#Transform 78
Transform: AffineTransform_float_3_3
Parameters: 0.999996 -0.00188816 -0.00178817 0.00180285 0.998918 -0.0464824 0.00187382 0.0464796 0.998917 0.168476 2.22882 0.068792
FixedParameters: 0 0 0

#Transform 79
Transform: AffineTransform_float_3_3
Parameters: 0.999996 -0.00205871 -0.00166368 0.00197627 0.99886 -0.0477075 0.00176028 0.0477046 0.99886 0.172383 2.21705 0.0982991
FixedParameters: 0 0 0

#Transform 80
Transform: AffineTransform_float_3_3
Parameters: 0.999996 -0.00216153 -0.00179115 0.00207148 0.998818 -0.0485639 0.00189383 0.0485601 0.998819 0.18497 2.2941 0.100943
FixedParameters: 0 0 0

#Transform 81
Transform: AffineTransform_float_3_3
Parameters: 0.999995 -0.00219556 -0.00216648 0.00208441 0.998736 -0.0502188 0.00227454 0.0502142 0.998736 0.209935 2.38178 0.106927
FixedParameters: 0 0 0

#Transform 82
Transform: AffineTransform_float_3_3
Parameters: 0.999994 -0.0026287 -0.00219016 0.00251331 0.998682 -0.0512508 0.00232186 0.0512452 0.998684 0.204133 2.34433 0.150715
FixedParameters: 0 0 0

#Transform 83
Transform: AffineTransform_float_3_3
Parameters: 0.999995 -0.00256297 -0.0021732 0.00244704 0.998656 -0.0517836 0.0023028 0.0517784 0.998656 0.201087 2.4229 0.127012
FixedParameters: 0 0 0

#Transform 84
Transform: AffineTransform_float_3_3
Parameters: 0.999994 -0.00250004 -0.00259593 0.00236096 0.998632 -0.0522485 0.00272307 0.0522415 0.998631 0.221974 2.45341 0.113949
FixedParameters: 0 0 0

#Transform 85
Transform: AffineTransform_float_3_3
Parameters: 0.999994 -0.00251577 -0.00236071 0.00239022 0.998673 -0.051444 0.00248725 0.0514371 0.998673 0.203251 2.35591 0.130621
FixedParameters: 0 0 0

#Transform 86
Transform: AffineTransform_float_3_3
Parameters: 0.999994 -0.00276372 -0.00210081 0.00265333 0.998696 -0.0509929 0.0022382 0.0509871 0.998697 0.191149 2.43034 0.0761858
FixedParameters: 0 0 0

#Transform 87
Transform: AffineTransform_float_3_3
Parameters: 0.999994 -0.00273322 -0.00181051 0.00263675 0.998687 -0.0511721 0.00194847 0.051167 0.998688 0.174221 2.47335 0.0892908
FixedParameters: 0 0 0

#Transform 88
Transform: AffineTransform_float_3_3
Parameters: 0.999994 -0.00262516 -0.00197784 0.00252089 0.998699 -0.0509413 0.00210815 0.0509367 0.998699 0.186712 2.39065 0.114253
FixedParameters: 0 0 0

#Transform 89
Transform: AffineTransform_float_3_3
Parameters: 0.999994 -0.00300518 -0.00170441 0.00291379 0.998685 -0.0511882 0.00185658 0.0511827 0.998687 0.171077 2.4164 0.0909703
FixedParameters: 0 0 0

#Transform 90
Transform: AffineTransform_float_3_3
Parameters: 0.999994 -0.00274466 -0.00176912 0.00265034 0.998671 -0.0514559 0.0019079 0.051451 0.998673 0.178769 2.47776 0.0832987
FixedParameters: 0 0 0

#Transform 91
Transform: AffineTransform_float_3_3
Parameters: 0.999994 -0.00252996 -0.00207877 0.00241808 0.998633 -0.0522013 0.00220723 0.0521967 0.998635 0.187607 2.45529 0.103513
FixedParameters: 0 0 0

#Transform 92
Transform: AffineTransform_float_3_3
Parameters: 0.999994 -0.00278201 -0.00213798 0.00266599 0.998619 -0.052471 0.00228102 0.052465 0.99862 0.189294 2.46765 0.0932408
FixedParameters: 0 0 0

#Transform 93
Transform: AffineTransform_float_3_3
Parameters: 0.999994 -0.00265275 -0.00227307 0.00252925 0.998601 -0.0528171 0.00240994 0.0528109 0.998601 0.20103 2.55393 0.0532097
FixedParameters: 0 0 0

#Transform 94
Transform: AffineTransform_float_3_3
Parameters: 0.999993 -0.00262525 -0.00237343 0.00249577 0.998596 -0.0529113 0.00250856 0.0529048 0.998597 0.203328 2.47441 0.0870587
FixedParameters: 0 0 0

#Transform 95
Transform: AffineTransform_float_3_3
Parameters: 0.999994 -0.00265397 -0.00253837 0.00251305 0.998537 -0.0540118 0.00267764 0.0540053 0.998537 0.213464 2.5129 0.127939
FixedParameters: 0 0 0

#Transform 96
Transform: AffineTransform_float_3_3
Parameters: 0.999994 -0.00278946 -0.00238938 0.0026535 0.998486 -0.0549337 0.00253959 0.0549263 0.998487 0.209084 2.58503 0.123307
FixedParameters: 0 0 0

#Transform 97
Transform: AffineTransform_float_3_3
Parameters: 0.999994 -0.00264168 -0.00244946 0.0025033 0.998484 -0.0549865 0.00259156 0.0549805 0.998484 0.200293 2.56026 0.135464
FixedParameters: 0 0 0

#Transform 98
Transform: AffineTransform_float_3_3
Parameters: 0.999993 -0.00262927 -0.00241661 0.00249576 0.998539 -0.0539784 0.00255443 0.0539726 0.998539 0.205494 2.51355 0.134098
FixedParameters: 0 0 0

#Transform 99
Transform: AffineTransform_float_3_3
Parameters: 0.999994 -0.00274011 -0.00211505 0.00262689 0.998656 -0.0517478 0.00225395 0.0517421 0.998658 0.198803 2.46277 0.089863
FixedParameters: 0 0 0

#Transform 100
Transform: AffineTransform_float_3_3
Parameters: 0.999993 -0.00282525 -0.00239528 0.00269377 0.998584 -0.0531308 0.0025417 0.0531242 0.998584 0.220954 2.51596 0.119138
FixedParameters: 0 0 0

#Transform 101
Transform: AffineTransform_float_3_3
Parameters: 0.999991 -0.00298317 -0.00283209 0.00282683 0.998557 -0.0536314 0.00298789 0.0536235 0.998557 0.23219 2.5463 0.125348
FixedParameters: 0 0 0

#Transform 102
Transform: AffineTransform_float_3_3
Parameters: 0.99999 -0.00333187 -0.00318622 0.00314809 0.998422 -0.0560686 0.00336879 0.0560574 0.998422 0.2343 2.58207 0.183882
FixedParameters: 0 0 0

#Transform 103
Transform: AffineTransform_float_3_3
Parameters: 0.999986 -0.00334766 -0.0040812 0.00310535 0.99832 -0.0578475 0.00426776 0.0578335 0.998317 0.273905 2.71414 0.20163
FixedParameters: 0 0 0

#Transform 104
Transform: AffineTransform_float_3_3
Parameters: 0.999984 -0.00351171 -0.00441689 0.00323728 0.998148 -0.0607362 0.00462213 0.0607207 0.998144 0.281362 2.8444 0.204197
FixedParameters: 0 0 0

#Transform 105
Transform: AffineTransform_float_3_3
Parameters: 0.999985 -0.00363565 -0.00426514 0.00336636 0.998094 -0.0616103 0.00448089 0.0615947 0.998091 0.271792 2.85678 0.244173
FixedParameters: 0 0 0

#Transform 106
Transform: AffineTransform_float_3_3
Parameters: 0.999982 -0.00334754 -0.0048312 0.00303847 0.99804 -0.0625168 0.00503077 0.0625003 0.998032 0.292676 2.84189 0.282986
FixedParameters: 0 0 0

#Transform 107
Transform: AffineTransform_float_3_3
Parameters: 0.999985 -0.00375166 -0.00379864 0.00351038 0.998086 -0.0617402 0.00402238 0.0617258 0.998085 0.259431 2.84233 0.220153
FixedParameters: 0 0 0

#Transform 108
Transform: AffineTransform_float_3_3
Parameters: 0.999989 -0.00344833 -0.00314745 0.00325469 0.998223 -0.0594899 0.00334653 0.0594791 0.998224 0.231146 2.78443 0.158451
FixedParameters: 0 0 0

#Transform 109
Transform: AffineTransform_float_3_3
Parameters: 0.999991 -0.00290616 -0.00284759 0.00274181 0.998424 -0.0560503 0.00300639 0.0560417 0.998424 0.220449 2.60225 0.153537
FixedParameters: 0 0 0

#Transform 110
Transform: AffineTransform_float_3_3
Parameters: 0.999991 -0.00306392 -0.0029555 0.00289305 0.998416 -0.0561981 0.00312351 0.056189 0.998416 0.224819 2.67359 0.141365
FixedParameters: 0 0 0

#Transform 111
Transform: AffineTransform_float_3_3
Parameters: 0.999992 -0.00280272 -0.00285792 0.00264128 0.998478 -0.0551 0.00300809 0.055092 0.998477 0.229555 2.64934 0.113991
FixedParameters: 0 0 0

#Transform 112
Transform: AffineTransform_float_3_3
Parameters: 0.99999 -0.00309577 -0.00302579 0.00292327 0.998453 -0.0555253 0.00319223 0.0555166 0.998452 0.237054 2.61212 0.150002
FixedParameters: 0 0 0

#Transform 113
Transform: AffineTransform_float_3_3
Parameters: 0.999989 -0.00312215 -0.00328303 0.00292585 0.998304 -0.0581432 0.00345895 0.0581328 0.998303 0.241925 2.76858 0.204061
FixedParameters: 0 0 0

#Transform 114
Transform: AffineTransform_float_3_3
Parameters: 0.99999 -0.00301092 -0.00331005 0.00281408 0.998314 -0.0579669 0.00347896 0.0579561 0.998313 0.246076 2.80336 0.169313
FixedParameters: 0 0 0

#Transform 115
Transform: AffineTransform_float_3_3
Parameters: 0.99999 -0.00302888 -0.0033628 0.00283111 0.99835 -0.0573651 0.0035312 0.0573549 0.998347 0.242982 2.71342 0.148686
FixedParameters: 0 0 0

#Transform 116
Transform: AffineTransform_float_3_3
Parameters: 0.999991 -0.00267751 -0.00327699 0.00248448 0.998331 -0.0576957 0.00342604 0.0576863 0.998329 0.240792 2.72386 0.139949
FixedParameters: 0 0 0

#Transform 117
Transform: AffineTransform_float_3_3
Parameters: 0.99999 -0.00296073 -0.00315917 0.00277228 0.998303 -0.0581573 0.00332585 0.0581487 0.998303 0.233726 2.78799 0.140334
FixedParameters: 0 0 0

#Transform 118
Transform: AffineTransform_float_3_3
Parameters: 0.999991 -0.00312229 -0.00282451 0.00294969 0.99825 -0.0590709 0.00300447 0.0590622 0.99825 0.204553 2.84275 0.177061
FixedParameters: 0 0 0

#Transform 119
Transform: AffineTransform_float_3_3
Parameters: 0.999992 -0.00278832 -0.00278429 0.00261864 0.998231 -0.0594058 0.00294576 0.0593983 0.99823 0.209114 2.83189 0.174328
FixedParameters: 0 0 0

#Transform 120
Transform: AffineTransform_float_3_3
Parameters: 0.99999 -0.00315067 -0.00294085 0.00296632 0.998144 -0.0608152 0.00312717 0.0608067 0.998144 0.218028 2.91396 0.207406
FixedParameters: 0 0 0

#Transform 121
Transform: AffineTransform_float_3_3
Parameters: 0.99999 -0.00318825 -0.00296576 0.0029988 0.998087 -0.0617635 0.00315623 0.0617536 0.998087 0.219028 2.98143 0.208601
FixedParameters: 0 0 0

#Transform 122
Transform: AffineTransform_float_3_3
Parameters: 0.99999 -0.00327711 -0.0030957 0.00308187 0.99813 -0.0610572 0.00329029 0.0610469 0.99813 0.226955 2.94302 0.209951
FixedParameters: 0 0 0

#Transform 123
Transform: AffineTransform_float_3_3
Parameters: 0.99999 -0.003284 -0.00303425 0.00310002 0.998267 -0.058774 0.00322175 0.058764 0.998266 0.222811 2.81677 0.197874
FixedParameters: 0 0 0

#Transform 124
Transform: AffineTransform_float_3_3
Parameters: 0.99999 -0.00316822 -0.00291546 0.00299181 0.998259 -0.0589033 0.00309659 0.0588938 0.99826 0.217699 2.84137 0.18441
FixedParameters: 0 0 0

#Transform 125
Transform: AffineTransform_float_3_3
Parameters: 0.999991 -0.00318392 -0.00289039 0.00300505 0.998218 -0.0596002 0.00307556 0.0595918 0.998218 0.218586 2.91004 0.157803
FixedParameters: 0 0 0

#Transform 126
Transform: AffineTransform_float_3_3
Parameters: 0.999991 -0.00325046 -0.00291661 0.00307152 0.99822 -0.0595565 0.00310543 0.0595465 0.99822 0.227658 2.89075 0.16549
FixedParameters: 0 0 0

#Transform 127
Transform: AffineTransform_float_3_3
Parameters: 0.99999 -0.00330253 -0.00322447 0.00310444 0.998209 -0.0597437 0.00341656 0.0597334 0.998209 0.213097 2.89592 0.178306
FixedParameters: 0 0 0

#Transform 128
Transform: AffineTransform_float_3_3
Parameters: 0.99999 -0.00307117 -0.00301754 0.0028858 0.998201 -0.0598753 0.00319651 0.0598657 0.998202 0.203044 2.92282 0.15184
FixedParameters: 0 0 0

#Transform 129
Transform: AffineTransform_float_3_3
Parameters: 0.999991 -0.00304312 -0.00315179 0.00284688 0.998167 -0.0604616 0.00333021 0.0604524 0.998165 0.211569 2.93809 0.166269
FixedParameters: 0 0 0

#Transform 130
Transform: AffineTransform_float_3_3
Parameters: 0.99999 -0.0029439 -0.00339244 0.00273513 0.998194 -0.0600189 0.00356257 0.0600092 0.998192 0.226003 2.89672 0.176178
FixedParameters: 0 0 0

#Transform 131
Transform: AffineTransform_float_3_3
Parameters: 0.99999 -0.00266458 -0.00363495 0.00243842 0.998153 -0.0607105 0.00379002 0.0607015 0.998149 0.244445 2.90317 0.194966
FixedParameters: 0 0 0

#Transform 132
Transform: AffineTransform_float_3_3
Parameters: 0.999991 -0.00283516 -0.00321991 0.00263183 0.998107 -0.061436 0.00338808 0.0614269 0.998106 0.222878 2.98671 0.194855
FixedParameters: 0 0 0

#Transform 133
Transform: AffineTransform_float_3_3
Parameters: 0.99999 -0.00294908 -0.0031728 0.00275091 0.998151 -0.0607193 0.00334619 0.0607097 0.99815 0.214843 2.94654 0.206817
FixedParameters: 0 0 0

#Transform 134
Transform: AffineTransform_float_3_3
Parameters: 0.999989 -0.00309168 -0.0033243 0.00288434 0.998148 -0.0607602 0.00350571 0.0607498 0.998147 0.216968 2.96692 0.189354
FixedParameters: 0 0 0

#Transform 135
Transform: AffineTransform_float_3_3
Parameters: 0.999991 -0.00290288 -0.00313848 0.00271309 0.998261 -0.0588991 0.00330452 0.05889 0.998259 0.221048 2.84167 0.187204
FixedParameters: 0 0 0

#Transform 136
Transform: AffineTransform_float_3_3
Parameters: 0.999992 -0.00291386 -0.00278772 0.00274311 0.998227 -0.0594481 0.00295629 0.0594399 0.998228 0.214576 2.93024 0.178221
FixedParameters: 0 0 0

#Transform 137
Transform: AffineTransform_float_3_3
Parameters: 0.999991 -0.00295394 -0.00321353 0.00275704 0.998216 -0.0596515 0.00338448 0.0596426 0.998214 0.245416 2.9327 0.186509
FixedParameters: 0 0 0

#Transform 138
Transform: AffineTransform_float_3_3
Parameters: 0.999989 -0.0030848 -0.00354221 0.00286421 0.99815 -0.0607318 0.0037228 0.0607212 0.998148 0.256647 2.93853 0.217132
FixedParameters: 0 0 0

#Transform 139
Transform: AffineTransform_float_3_3
Parameters: 0.99999 -0.00300978 -0.00346735 0.00279218 0.998123 -0.0611874 0.00364567 0.0611777 0.998121 0.249853 2.98059 0.21396
FixedParameters: 0 0 0

#Transform 140
Transform: AffineTransform_float_3_3
Parameters: 0.999989 -0.00319639 -0.00360955 0.00296965 0.998129 -0.0610714 0.00379743 0.0610596 0.998127 0.262142 2.99502 0.181167
FixedParameters: 0 0 0

#Transform 141
Transform: AffineTransform_float_3_3
Parameters: 0.999991 -0.00272178 -0.00345828 0.00250724 0.998156 -0.0606613 0.00361674 0.0606518 0.998153 0.242286 2.92266 0.20582
FixedParameters: 0 0 0

#Transform 142
Transform: AffineTransform_float_3_3
Parameters: 0.999988 -0.00295694 -0.00396398 0.00270506 0.998065 -0.0621225 0.00414002 0.0621115 0.99806 0.256452 3.02832 0.232505
FixedParameters: 0 0 0

#Transform 143
Transform: AffineTransform_float_3_3
Parameters: 0.999989 -0.00298207 -0.00345865 0.00276697 0.998158 -0.0606022 0.00363235 0.0605928 0.998156 0.234002 2.98023 0.19556
FixedParameters: 0 0 0

#Transform 144
Transform: AffineTransform_float_3_3
Parameters: 0.99999 -0.0030867 -0.00317348 0.00289333 0.998235 -0.0593278 0.00335055 0.0593183 0.998234 0.22565 2.9236 0.167809
FixedParameters: 0 0 0

#Transform 145
Transform: AffineTransform_float_3_3
Parameters: 0.99999 -0.00296467 -0.0033652 0.00275934 0.998238 -0.0592749 0.00353476 0.0592651 0.998236 0.242804 2.90521 0.156223
FixedParameters: 0 0 0

#Transform 146
Transform: AffineTransform_float_3_3
Parameters: 0.99999 -0.00304332 -0.00324514 0.00284363 0.998192 -0.0600408 0.00342289 0.0600311 0.99819 0.233488 2.96012 0.160632
FixedParameters: 0 0 0

#Transform 147
Transform: AffineTransform_float_3_3
Parameters: 0.999989 -0.00306226 -0.00338357 0.00285371 0.998198 -0.0599302 0.00356141 0.0599197 0.998197 0.24186 2.94956 0.177717
FixedParameters: 0 0 0

#Transform 148
Transform: AffineTransform_float_3_3
Parameters: 0.999989 -0.002855 -0.00354004 0.002636 0.998171 -0.060397 0.00370596 0.0603871 0.998168 0.240861 2.94185 0.168525
FixedParameters: 0 0 0

#Transform 149
Transform: AffineTransform_float_3_3
Parameters: 0.99999 -0.00288952 -0.0033877 0.00268047 0.998193 -0.0600177 0.00355527 0.0600083 0.998192 0.231904 2.96673 0.161388
FixedParameters: 0 0 0

#Transform 150
Transform: AffineTransform_float_3_3
Parameters: 0.99999 -0.00305607 -0.00346351 0.00284097 0.998165 -0.0604845 0.00364149 0.0604745 0.998163 0.247428 3.00101 0.160899
FixedParameters: 0 0 0

#Transform 151
Transform: AffineTransform_float_3_3
Parameters: 0.99999 -0.00289127 -0.00337837 0.0026877 0.998255 -0.0589776 0.00354367 0.0589683 0.998253 0.24509 2.91692 0.166183
FixedParameters: 0 0 0

#Transform 152
Transform: AffineTransform_float_3_3
Parameters: 0.999991 -0.00299574 -0.00317426 0.00280522 0.998284 -0.0584784 0.00334475 0.0584685 0.998283 0.2263 2.88197 0.185152
FixedParameters: 0 0 0

#Transform 153
Transform: AffineTransform_float_3_3
Parameters: 0.99999 -0.0031092 -0.00323875 0.00291178 0.998224 -0.059501 0.0034183 0.059491 0.998223 0.240253 2.96677 0.187768
FixedParameters: 0 0 0

#Transform 154
Transform: AffineTransform_float_3_3
Parameters: 0.999988 -0.00321746 -0.00366519 0.00298955 0.998166 -0.0604597 0.00385278 0.0604483 0.998164 0.269183 3.03345 0.199256
FixedParameters: 0 0 0

#Transform 155
Transform: AffineTransform_float_3_3
Parameters: 0.999989 -0.0032075 -0.00344733 0.00299846 0.998244 -0.059148 0.0036317 0.059137 0.998244 0.257637 2.93272 0.17682
FixedParameters: 0 0 0

#Transform 156
Transform: AffineTransform_float_3_3
Parameters: 0.999988 -0.00332627 -0.00373983 0.00309773 0.998226 -0.0594684 0.00393116 0.0594567 0.998223 0.262029 2.93553 0.190623
FixedParameters: 0 0 0

#Transform 157
Transform: AffineTransform_float_3_3
Parameters: 0.999987 -0.00347492 -0.00368378 0.00324513 0.998168 -0.0604257 0.00388617 0.0604133 0.998166 0.270382 3.02529 0.184574
FixedParameters: 0 0 0

#Transform 158
Transform: AffineTransform_float_3_3
Parameters: 0.999987 -0.0033152 -0.00382488 0.00307679 0.998152 -0.0606855 0.0040191 0.0606724 0.998149 0.277498 2.99702 0.185803
FixedParameters: 0 0 0

#Transform 159
Transform: AffineTransform_float_3_3
Parameters: 0.999988 -0.00311209 -0.00362007 0.00288691 0.998158 -0.0606032 0.00380193 0.0605919 0.998156 0.259341 2.96303 0.221161
FixedParameters: 0 0 0

#Transform 160
Transform: AffineTransform_float_3_3
Parameters: 0.999988 -0.00311554 -0.00392882 0.00286845 0.998103 -0.061511 0.00411321 0.061499 0.998098 0.279491 3.06232 0.209385
FixedParameters: 0 0 0

#Transform 161
Transform: AffineTransform_float_3_3
Parameters: 0.999986 -0.00348544 -0.00383744 0.00324558 0.998149 -0.0607273 0.00404153 0.0607137 0.998147 0.273867 3.01172 0.17729
FixedParameters: 0 0 0

#Transform 162
Transform: AffineTransform_float_3_3
Parameters: 0.999986 -0.0034986 -0.00399729 0.00324542 0.9981 -0.0615408 0.00420467 0.0615271 0.998096 0.279821 2.99635 0.199244
FixedParameters: 0 0 0

#Transform 163
Transform: AffineTransform_float_3_3
Parameters: 0.999986 -0.00349091 -0.00380927 0.00324511 0.99804 -0.0625062 0.00401968 0.0624938 0.998038 0.273522 3.08677 0.232072
FixedParameters: 0 0 0

#Transform 164
Transform: AffineTransform_float_3_3
Parameters: 0.999985 -0.00340757 -0.00427824 0.00312845 0.997976 -0.0635123 0.00448573 0.0634977 0.997972 0.294642 3.15426 0.231772
FixedParameters: 0 0 0

#Transform 165
Transform: AffineTransform_float_3_3
Parameters: 0.999985 -0.00351685 -0.0042497 0.00324514 0.998062 -0.0621408 0.00446025 0.0621263 0.998059 0.295853 3.09363 0.206073
FixedParameters: 0 0 0

#Transform 166
Transform: AffineTransform_float_3_3
Parameters: 0.999986 -0.00310372 -0.00417026 0.00283123 0.997954 -0.0638827 0.00436075 0.0638693 0.997948 0.256175 3.11779 0.222494
FixedParameters: 0 0 0

#Transform 167
Transform: AffineTransform_float_3_3
Parameters: 0.999987 -0.00301004 -0.00397238 0.00275698 0.998057 -0.0622367 0.00415162 0.0622253 0.998054 0.265437 3.11306 0.213525
FixedParameters: 0 0 0

#Transform 168
Transform: AffineTransform_float_3_3
Parameters: 0.999986 -0.00351607 -0.0041316 0.0032459 0.997967 -0.0636493 0.00434739 0.0636346 0.997964 0.278033 3.17339 0.234082
FixedParameters: 0 0 0

#Transform 169
Transform: AffineTransform_float_3_3
Parameters: 0.999983 -0.00338545 -0.00460452 0.00308452 0.997961 -0.0637633 0.00481145 0.0637478 0.997955 0.306069 3.15764 0.253569
FixedParameters: 0 0 0

#Transform 170
Transform: AffineTransform_float_3_3
Parameters: 0.999983 -0.00329188 -0.00465721 0.00298613 0.997931 -0.0642269 0.0048588 0.064212 0.997924 0.299416 3.16988 0.270662
FixedParameters: 0 0 0

#Transform 171
Transform: AffineTransform_float_3_3
Parameters: 0.999982 -0.00356023 -0.00483466 0.00324575 0.997975 -0.0635158 0.00505133 0.0634991 0.997969 0.306174 3.17671 0.235324
FixedParameters: 0 0 0

#Transform 172
Transform: AffineTransform_float_3_3
Parameters: 0.999986 -0.00313817 -0.0042088 0.00286682 0.998012 -0.062957 0.00439819 0.0629441 0.998008 0.276259 3.10396 0.259278
FixedParameters: 0 0 0

#Transform 173
Transform: AffineTransform_float_3_3
Parameters: 0.999983 -0.00326226 -0.00470895 0.00295574 0.997969 -0.063641 0.00490703 0.0636261 0.997961 0.3011 3.17844 0.261108
FixedParameters: 0 0 0

#Transform 174
Transform: AffineTransform_float_3_3
Parameters: 0.999984 -0.00333416 -0.00441759 0.00304581 0.997964 -0.0637044 0.0046214 0.0636906 0.997959 0.287548 3.16102 0.261444
FixedParameters: 0 0 0

#Transform 175
Transform: AffineTransform_float_3_3
Parameters: 0.999985 -0.0032248 -0.00446997 0.0029342 0.997971 -0.0636021 0.00466605 0.0635879 0.997966 0.301156 3.16018 0.238213
FixedParameters: 0 0 0

#Transform 176
Transform: AffineTransform_float_3_3
Parameters: 0.999986 -0.0029756 -0.00436937 0.00269336 0.99799 -0.0633176 0.00454965 0.0633053 0.997984 0.294163 3.15614 0.235152
FixedParameters: 0 0 0

#Transform 177
Transform: AffineTransform_float_3_3
Parameters: 0.999985 -0.00335316 -0.00431655 0.00306887 0.99793 -0.0642342 0.00452245 0.0642198 0.997926 0.285019 3.20378 0.248826
FixedParameters: 0 0 0

#Transform 178
Transform: AffineTransform_float_3_3
Parameters: 0.999983 -0.00336143 -0.00478216 0.00304558 0.997913 -0.0645037 0.00498882 0.0644883 0.997906 0.300711 3.19553 0.272126
FixedParameters: 0 0 0

#Transform 179
Transform: AffineTransform_float_3_3
Parameters: 0.999985 -0.00331212 -0.004373 0.00302988 0.998008 -0.0630152 0.00457299 0.0630008 0.998003 0.29145 3.10956 0.269379
FixedParameters: 0 0 0

#Transform 180
Transform: AffineTransform_float_3_3
Parameters: 0.999981 -0.00395933 -0.00474801 0.00365067 0.99799 -0.0632765 0.00498897 0.0632585 0.997984 0.302013 3.18389 0.217174
FixedParameters: 0 0 0

#Transform 181
Transform: AffineTransform_float_3_3
Parameters: 0.999984 -0.00326629 -0.00472472 0.0029587 0.997969 -0.0636441 0.00492327 0.063629 0.997962 0.318953 3.16502 0.232532
FixedParameters: 0 0 0

#Transform 182
Transform: AffineTransform_float_3_3
Parameters: 0.999983 -0.00319855 -0.00483592 0.00287445 0.997849 -0.065493 0.00503505 0.065478 0.997842 0.308925 3.20353 0.291984
FixedParameters: 0 0 0

#Transform 183
Transform: AffineTransform_float_3_3
Parameters: 0.999982 -0.00362631 -0.00475395 0.00329969 0.997752 -0.0669369 0.00498603 0.0669201 0.997746 0.304847 3.3313 0.278281
FixedParameters: 0 0 0

#Transform 184
Transform: AffineTransform_float_3_3
Parameters: 0.999983 -0.00339079 -0.00474968 0.00306119 0.997708 -0.0675977 0.00496827 0.0675823 0.997702 0.316847 3.37776 0.294269
FixedParameters: 0 0 0

#Transform 185
Transform: AffineTransform_float_3_3
Parameters: 0.99998 -0.00400693 -0.00492702 0.00366706 0.997735 -0.0671674 0.00518498 0.0671475 0.997729 0.337193 3.34696 0.260601
FixedParameters: 0 0 0

#Transform 186
Transform: AffineTransform_float_3_3
Parameters: 0.99998 -0.00412173 -0.00483467 0.00377524 0.997564 -0.0696567 0.00511035 0.0696374 0.99756 0.307924 3.43363 0.32562
FixedParameters: 0 0 0

#Transform 187
Transform: AffineTransform_float_3_3
Parameters: 0.999982 -0.00381917 -0.004766 0.00347984 0.997594 -0.0692479 0.00501899 0.0692302 0.997588 0.306027 3.39929 0.339438
FixedParameters: 0 0 0

#Transform 188
Transform: AffineTransform_float_3_3
Parameters: 0.999981 -0.00382623 -0.00482671 0.00347975 0.997555 -0.0698071 0.00508228 0.0697889 0.997549 0.301315 3.412 0.359567
FixedParameters: 0 0 0

#Transform 189
Transform: AffineTransform_float_3_3
Parameters: 0.999977 -0.00510206 -0.00435554 0.00475497 0.997075 -0.0762824 0.00473145 0.0762596 0.997077 0.27536 3.71494 0.441127
FixedParameters: 0 0 0

#Transform 190
Transform: AffineTransform_float_3_3
Parameters: 0.99995 -0.00417266 -0.00910282 0.00336233 0.996184 -0.087215 0.00943212 0.08718 0.996148 0.364987 3.92098 0.725633
FixedParameters: 0 0 0

#Transform 191
Transform: AffineTransform_float_3_3
Parameters: 0.999945 0.00923721 -0.00509468 -0.00907481 0.999472 0.031179 0.00537935 -0.031131 0.999501 0.299495 -0.12389 -1.05249
FixedParameters: 0 0 0

#Transform 192
Transform: AffineTransform_float_3_3
Parameters: 0.999939 0.0110784 0.000729823 -0.0110947 0.999576 0.0269456 -0.000431166 -0.0269514 0.999636 -0.0538628 0.00409349 -0.895847
FixedParameters: 0 0 0

#Transform 193
Transform: AffineTransform_float_3_3
