#Insight Transform File V1.0
#Transform 0
Transform: AffineTransform_float_3_3
Parameters: 1 -0.000146293 -0.000254832 0.000146708 1 -0.00114804 0.000254169 0.00114796 1 -0.00866174 0.0272656 0.413203
FixedParameters: 0 0 0

#Transform 1
Transform: AffineTransform_float_3_3
Parameters: 1 0.000207252 -0.000268805 -0.000206747 0.999999 0.000939055 0.000269194 -0.000938943 0.999999 -0.00317587 -0.0110159 -0.032797
FixedParameters: 0 0 0

#Transform 2
Transform: AffineTransform_float_3_3
Parameters: 1 0.000227969 0.000345021 -0.000228031 1 9.09213e-05 -0.000344979 -9.10786e-05 1 0.00410707 -0.0190303 -0.0314203
FixedParameters: 0 0 0

#Transform 3
Transform: AffineTransform_float_3_3
Parameters: 1 8.79865e-05 9.50125e-05 -8.80135e-05 1 0.000141992 -9.49875e-05 -0.000142008 1 -0.00458228 -0.0417512 -0.040675
FixedParameters: 0 0 0

#Transform 4
Transform: AffineTransform_float_3_3
Parameters: 1 -3.0176e-08 0.000164 -3.0176e-08 1 0.000184 -0.000164 -0.000184 1 0.00163995 -0.066209 -0.0250496
FixedParameters: 0 0 0

#Transform 5
Transform: AffineTransform_float_3_3
Parameters: 1 -0.000332078 0.000216881 0.000331922 1 0.000359072 -0.000217119 -0.000359928 1 -0.0087734 -0.0486012 -0.024764
FixedParameters: 0 0 0

#Transform 6
Transform: AffineTransform_float_3_3
Parameters: 1 -0.000321938 0.000608033 0.000322062 1 -0.000101804 -0.000607967 0.000102196 1 -0.00025628 -0.0397394 -0.0127414
FixedParameters: 0 0 0

#Transform 7
Transform: AffineTransform_float_3_3
Parameters: 1 -0.000448098 0.000310858 0.000447902 1 0.000316139 -0.000311141 -0.000315861 1 -0.00470669 -0.064461 -0.0273131
FixedParameters: 0 0 0

#Transform 8
Transform: AffineTransform_float_3_3
Parameters: 1 -0.000448007 9.49664e-05 0.000447993 1 7.50425e-05 -9.50336e-05 -7.49574e-05 1 -0.0080608 -0.080597 -0.00586
FixedParameters: 0 0 0

#Transform 9
Transform: AffineTransform_float_3_3
Parameters: 1 -0.000364016 0.000388985 0.000363984 1 4.11416e-05 -0.000389015 -4.08584e-05 1 -0.000337697 -0.0336022 -0.0207893
FixedParameters: 0 0 0

#Transform 10
Transform: AffineTransform_float_3_3
Parameters: 1 -0.000102143 0.000249942 0.000101857 1 0.000570025 -0.000250058 -0.000570974 1 -0.000600698 -0.0422569 -0.0372454
FixedParameters: 0 0 0

#Transform 11
Transform: AffineTransform_float_3_3
Parameters: 1 -0.000256018 9.49511e-05 0.000255982 1 0.000191024 -9.50489e-05 -0.000190976 1 -0.00348994 -0.0790812 -0.00818294
FixedParameters: 0 0 0

#Transform 12
Transform: AffineTransform_float_3_3
Parameters: 1 -0.000386179 0.00053587 0.00038582 1 0.000335207 -0.000536129 -0.000334793 1 -0.00122008 -0.0291953 -0.0260352
FixedParameters: 0 0 0

#Transform 13
Transform: AffineTransform_float_3_3
Parameters: 1 -0.000290251 0.000325776 0.000290749 0.999999 0.000770094 -0.000326224 -0.000769905 0.999999 0.00290293 -0.0643455 -0.0416899
FixedParameters: 0 0 0

#Transform 14
Transform: AffineTransform_float_3_3
Parameters: 1 -0.000196024 9.49508e-05 0.000195976 1 0.000251019 -9.50492e-05 -0.000250981 1 -0.00588635 -0.0452444 -0.0115048
FixedParameters: 0 0 0

#Transform 15
Transform: AffineTransform_float_3_3
Parameters: 1 -0.00024004 9.48992e-05 0.00023996 1 0.000420023 -9.51008e-05 -0.000419977 1 -0.00735187 -0.0603151 -0.0211852
FixedParameters: 0 0 0

#Transform 16
Transform: AffineTransform_float_3_3
Parameters: 1 -9.20745e-05 9.49277e-05 9.29254e-05 0.999999 0.000785008 -9.50729e-05 -0.000784991 0.999999 -0.00707299 -0.0786872 -0.0380833
FixedParameters: 0 0 0

#Transform 17
Transform: AffineTransform_float_3_3
Parameters: 1 -1.51727e-05 0.000219988 1.48273e-05 0.999999 0.000785003 -0.000220012 -0.000784996 0.999999 0.00188204 -0.0496729 -0.038017
FixedParameters: 0 0 0

#Transform 18
Transform: AffineTransform_float_3_3
Parameters: 1 1.27339e-05 0.000364009 -1.32661e-05 0.999999 0.000730995 -0.00036399 -0.000731004 0.999999 0.00472313 -0.0475797 -0.0290353
FixedParameters: 0 0 0

#Transform 19
Transform: AffineTransform_float_3_3
Parameters: 1 -0.000151412 0.000394842 0.000151588 1 0.00104306 -0.000395159 -0.00104394 1 -0.000357732 -0.0895514 -0.0411729
FixedParameters: 0 0 0

#Transform 20
Transform: AffineTransform_float_3_3
Parameters: 1 -9.70903e-05 9.49077e-05 9.69096e-05 0.999999 0.000951008 -9.50922e-05 -0.00095099 0.999999 -0.00247401 -0.0752479 -0.0412713
FixedParameters: 0 0 0

#Transform 21
Transform: AffineTransform_float_3_3
Parameters: 1 -0.000121074 9.49052e-05 0.000120926 0.999999 0.000783011 -9.50947e-05 -0.000782988 0.999999 -0.0033549 -0.0476957 -0.0332876
FixedParameters: 0 0 0

#Transform 22
Transform: AffineTransform_float_3_3
Parameters: 1 1.76421e-05 0.000420015 -1.83578e-05 0.999999 0.000851992 -0.000419984 -0.000852007 0.999999 -0.00396669 -0.0899306 -0.0263858
FixedParameters: 0 0 0

#Transform 23
Transform: AffineTransform_float_3_3
Parameters: 1 -8.63452e-05 0.000400926 8.56547e-05 0.999999 0.000861034 -0.000401074 -0.000860965 0.999999 0.00195583 -0.0910465 -0.0177947
FixedParameters: 0 0 0

#Transform 24
Transform: AffineTransform_float_3_3
Parameters: 1 -8.2258e-05 0.000318933 8.17419e-05 0.999999 0.000809026 -0.000319066 -0.000808973 0.999999 0.000981348 -0.0599271 -0.0256856
FixedParameters: 0 0 0

#Transform 25
Transform: AffineTransform_float_3_3
Parameters: 1 -7.24154e-05 0.000392924 7.25846e-05 1 0.00105703 -0.000393077 -0.00105697 1 0.0045073 -0.0881162 -0.0186611
FixedParameters: 0 0 0

#Transform 26
Transform: AffineTransform_float_3_3
Parameters: 1 -5.53765e-06 0.000555995 5.46234e-06 0.999999 0.000967003 -0.000556006 -0.000966997 1 0.00668114 -0.0906454 -0.0181037
FixedParameters: 0 0 0

#Transform 27
Transform: AffineTransform_float_3_3
Parameters: 1 -0.000128292 0.000319883 0.000127707 0.999999 0.00091404 -0.000320117 -0.000913958 0.999999 0.0124398 -0.0518286 -0.0310581
FixedParameters: 0 0 0

#Transform 28
Transform: AffineTransform_float_3_3
Parameters: 1 -0.000127601 0.000528855 0.000127399 1 0.00113607 -0.000529145 -0.00113593 0.999999 0.00230023 -0.0750345 -0.0343509
FixedParameters: 0 0 0

#Transform 29
Transform: AffineTransform_float_3_3
Parameters: 1 -0.000168948 0.000581725 0.000168052 0.999998 0.0016291 -0.000582274 -0.0016289 0.999998 0.00156596 -0.0911224 -0.0354927
FixedParameters: 0 0 0

#Transform 30
Transform: AffineTransform_float_3_3
Parameters: 1 2.046e-05 0.000453025 -2.154e-05 1 0.00119199 -0.000452975 -0.00119201 0.999999 0.00618724 -0.0522379 -0.0370502
FixedParameters: 0 0 0

#Transform 31
Transform: AffineTransform_float_3_3
Parameters: 1 2.03988e-05 0.000452027 -2.06011e-05 0.999999 0.00132999 -0.000451973 -0.00133001 0.999999 0.00621439 -0.0828206 -0.028362
FixedParameters: 0 0 0

#Transform 32
Transform: AffineTransform_float_3_3
Parameters: 1 -6.25543e-05 0.000397913 6.14455e-05 0.999999 0.00139302 -0.000398086 -0.00139298 0.999999 0.00833471 -0.0786629 -0.0273761
FixedParameters: 0 0 0

#Transform 33
Transform: AffineTransform_float_3_3
Parameters: 1 6.55707e-05 0.000414068 -6.54293e-05 1 0.00103697 -0.000413932 -0.00103703 1 0.0133232 -0.0637445 -0.0284793
FixedParameters: 0 0 0

#Transform 34
Transform: AffineTransform_float_3_3
Parameters: 1 -2.81568e-05 9.49536e-05 2.78431e-05 0.999998 0.001651 -9.50461e-05 -0.001651 0.999998 0.0054462 -0.0782633 -0.0493197
FixedParameters: 0 0 0

#Transform 35
Transform: AffineTransform_float_3_3
Parameters: 1 -7.18942e-05 0.000594892 7.11056e-05 0.999999 0.00150304 -0.000595107 -0.00150296 0.999998 0.0145977 -0.0940011 -0.0232244
FixedParameters: 0 0 0

#Transform 36
Transform: AffineTransform_float_3_3
Parameters: 1 -0.000162397 0.000372828 0.000162603 1 0.00106406 -0.000373173 -0.00106394 1 0.0113194 -0.0540028 -0.0244434
FixedParameters: 0 0 0

#Transform 37
Transform: AffineTransform_float_3_3
Parameters: 1 -0.000243347 0.000252667 0.000242653 0.999999 0.00137106 -0.000253333 -0.00137094 0.999999 0.006509 -0.0908939 -0.0295989
FixedParameters: 0 0 0

#Transform 38
Transform: AffineTransform_float_3_3
Parameters: 1 -9.01222e-05 9.48841e-05 8.98777e-05 0.999999 0.00128701 -9.51158e-05 -0.00128699 0.999999 0.00545851 -0.0685364 -0.0268869
FixedParameters: 0 0 0

#Transform 39
Transform: AffineTransform_float_3_3
Parameters: 1 7.36902e-05 0.00032607 -7.43096e-05 0.999999 0.000949976 -0.00032593 -0.000950024 1 0.00637771 -0.0777224 -0.0311965
FixedParameters: 0 0 0

#Transform 40
Transform: AffineTransform_float_3_3
Parameters: 1 9.7458e-05 0.000362146 -9.85418e-05 0.999999 0.00149696 -0.000361853 -0.00149703 0.999999 0.0100662 -0.091083 -0.0497208
FixedParameters: 0 0 0

#Transform 41
Transform: AffineTransform_float_3_3
Parameters: 1 0.000137764 0.000225145 -0.000138236 1 0.00104997 -0.000224855 -0.00105003 1 0.00334342 -0.0720023 -0.0208309
FixedParameters: 0 0 0

#Transform 42
Transform: AffineTransform_float_3_3
Parameters: 1 0.000504658 0.000273632 -0.000504342 0.999999 0.00125086 -0.00027337 -0.00125014 0.999999 0.00503626 -0.071389 -0.0413032
FixedParameters: 0 0 0

#Transform 43
Transform: AffineTransform_float_3_3
Parameters: 1 0.000386823 9.57166e-05 -0.000387177 0.999998 0.00185196 -9.52831e-05 -0.00185204 0.999999 0.0136601 -0.0786616 -0.035556
FixedParameters: 0 0 0

#Transform 44
Transform: AffineTransform_float_3_3
Parameters: 1 5.51166e-05 0.000478103 -5.58851e-05 0.999999 0.00184797 -0.000478898 -0.00184803 0.999998 0.00766121 -0.0677255 -0.031316
FixedParameters: 0 0 0

#Transform 45
Transform: AffineTransform_float_3_3
Parameters: 1 2.7924e-05 0.000580053 -2.90759e-05 0.999999 0.00185498 -0.000579947 -0.00185502 0.999998 0.0102537 -0.0745904 -0.0444643
FixedParameters: 0 0 0

#Transform 46
Transform: AffineTransform_float_3_3
Parameters: 1 7.90126e-05 0.000594132 -7.99871e-05 0.999998 0.00166195 -0.000593868 -0.00166205 0.999999 0.0127419 -0.0770426 -0.0330249
FixedParameters: 0 0 0

#Transform 47
Transform: AffineTransform_float_3_3
Parameters: 1 0.000111291 0.000522152 -0.00011171 0.999999 0.00135794 -0.000522849 -0.00135806 0.999999 0.00754026 -0.0470537 -0.0278048
FixedParameters: 0 0 0

#Transform 48
Transform: AffineTransform_float_3_3
Parameters: 1 8.33623e-05 0.000489109 -8.46376e-05 0.999999 0.00130396 -0.00048889 -0.00130404 0.999999 0.00880756 -0.0892202 -0.0306875
FixedParameters: 0 0 0

#Transform 49
Transform: AffineTransform_float_3_3
Parameters: 1 0.000203363 0.000469277 -0.000203637 0.999999 0.0013579 -0.000468724 -0.0013581 0.999999 0.0125165 -0.0617151 -0.0276563
FixedParameters: 0 0 0

#Transform 50
Transform: AffineTransform_float_3_3
Parameters: 1 0.000113621 0.000367118 -0.000114379 0.999999 0.00103196 -0.000366882 -0.00103204 1 0.00820172 -0.0725299 -0.0193519
FixedParameters: 0 0 0

#Transform 51
Transform: AffineTransform_float_3_3
Parameters: 1 0.000208349 0.000447303 -0.00020865 0.999999 0.00145491 -0.000446697 -0.00145509 0.999999 0.0124227 -0.0836546 -0.0308943
FixedParameters: 0 0 0

#Transform 52
Transform: AffineTransform_float_3_3
Parameters: 1 0.000220716 0.000244257 -0.000221284 1 0.00116295 -0.000243743 -0.00116305 1 0.0121886 -0.0585501 -0.0307106
FixedParameters: 0 0 0

#Transform 53
Transform: AffineTransform_float_3_3
Parameters: 1 0.000226312 0.000466334 -0.000226687 0.999999 0.00147489 -0.000465666 -0.00147511 0.999999 0.0157526 -0.0781866 -0.0483612
FixedParameters: 0 0 0

#Transform 54
Transform: AffineTransform_float_3_3
Parameters: 1 0.000199176 0.000667246 -0.000199824 0.999999 0.00123487 -0.000666754 -0.00123513 0.999999 0.0151435 -0.113783 -0.02682
FixedParameters: 0 0 0

#Transform 55
Transform: AffineTransform_float_3_3
Parameters: 1 0.000374694 0.000297386 -0.000374306 1 0.00102989 -0.000296615 -0.00103011 1 0.0159321 -0.0752948 -0.0281736
FixedParameters: 0 0 0

#Transform 56
Transform: AffineTransform_float_3_3
Parameters: 1 0.000218453 0.000295405 -0.000219548 0.999999 0.00185294 -0.000295594 -0.00185307 0.999998 0.0108062 -0.098671 -0.0398065
FixedParameters: 0 0 0

#Transform 57
Transform: AffineTransform_float_3_3
Parameters: 1 7.86299e-05 0.000246118 -7.83699e-05 0.999999 0.00150398 -0.000245882 -0.00150402 0.999999 0.005338 -0.0669923 -0.0363306
FixedParameters: 0 0 0

#Transform 58
Transform: AffineTransform_float_3_3
Parameters: 1 0.000158667 0.000245216 -0.000159332 0.999999 0.00135696 -0.000244784 -0.00135704 0.999999 0.00557328 -0.0628134 -0.0415158
FixedParameters: 0 0 0

#Transform 59
Transform: AffineTransform_float_3_3
Parameters: 1 0.000363875 9.54771e-05 -0.000364124 0.999999 0.00131097 -9.45227e-05 -0.00131103 0.999999 0.000554334 -0.0863241 -0.0300026
FixedParameters: 0 0 0

#Transform 60
Transform: AffineTransform_float_3_3
Parameters: 1 0.000259604 0.000364283 -0.000260397 1 0.00108891 -0.000364717 -0.0010891 1 -0.00245464 -0.0529487 -0.0292263
FixedParameters: 0 0 0

#Transform 61
Transform: AffineTransform_float_3_3
Parameters: 1 0.000255419 0.000349425 -0.000255581 0.999998 0.00166191 -0.000349576 -0.00166209 0.999998 -0.0104352 -0.0824019 -0.023355
FixedParameters: 0 0 0

#Transform 62
Transform: AffineTransform_float_3_3
Parameters: 1 0.000515862 9.57455e-05 -0.000516138 0.999999 0.00144495 -9.52542e-05 -0.00144505 0.999999 -0.0108014 -0.0637866 -0.00919106
FixedParameters: 0 0 0

#Transform 63
Transform: AffineTransform_float_3_3
Parameters: 1 0.000249741 0.000150431 -0.000250259 0.999999 0.00172596 -0.000149568 -0.00172604 0.999998 -0.0236106 -0.0493342 -0.0304983
FixedParameters: 0 0 0

#Transform 64
Transform: AffineTransform_float_3_3
Parameters: 1 0.000387688 0.000146826 -0.000388312 0.999997 0.00212994 -0.000146173 -0.00213006 0.999997 -0.0287237 -0.0827874 -0.0300019
FixedParameters: 0 0 0

#Transform 65
Transform: AffineTransform_float_3_3
Parameters: 1 0.000406813 9.57975e-05 -0.000406187 0.999998 0.00195996 -9.5204e-05 -0.00196004 0.999998 -0.0168851 -0.0850941 -0.0265225
FixedParameters: 0 0 0

#Transform 66
Transform: AffineTransform_float_3_3
Parameters: 1 0.000422815 9.58192e-05 -0.000423185 0.999998 0.00193696 -9.51805e-05 -0.00193704 0.999998 -0.0110634 -0.061206 -0.0278599
FixedParameters: 0 0 0

#Transform 67
Transform: AffineTransform_float_3_3
Parameters: 1 0.000383764 9.59474e-05 -0.000383236 0.999997 0.00246796 -9.50544e-05 -0.00246804 0.999997 -0.0105808 -0.120155 -0.0455637
FixedParameters: 0 0 0

#Transform 68
Transform: AffineTransform_float_3_3
Parameters: 1 0.000249764 9.56184e-05 -0.000250237 0.999997 0.00247498 -9.53809e-05 -0.00247502 0.999997 -0.0144215 -0.0365894 -0.0521316
FixedParameters: 0 0 0

#Transform 69
Transform: AffineTransform_float_3_3
Parameters: 1 0.000249255 0.000337551 -0.000249744 0.999998 0.00220792 -0.00033645 -0.00220809 0.999998 -0.00968935 -0.105434 -0.0368565
FixedParameters: 0 0 0

#Transform 70
Transform: AffineTransform_float_3_3
Parameters: 1 0.000193351 0.000236532 -0.000193647 0.999996 0.00274496 -0.000235469 -0.00274505 0.999996 -0.0139149 -0.091787 -0.0437117
FixedParameters: 0 0 0

#Transform 71
Transform: AffineTransform_float_3_3
Parameters: 1 0.000248837 0.000520558 -0.000250162 0.999998 0.00223487 -0.000519442 -0.00223513 0.999998 0.00299453 -0.0900832 -0.0515524
FixedParameters: 0 0 0

#Transform 72
Transform: AffineTransform_float_3_3
Parameters: 1 0.000167143 0.0003594 -0.000167856 0.999997 0.00238594 -0.000358601 -0.00238606 0.999997 -0.0105145 -0.11511 -0.0377385
FixedParameters: 0 0 0

#Transform 73
Transform: AffineTransform_float_3_3
Parameters: 1 -2.1333e-05 0.000592954 1.96669e-05 0.999998 0.00224801 -0.000593046 -0.00224799 0.999998 -0.0147575 -0.0750081 -0.0421258
FixedParameters: 0 0 0

#Transform 74
Transform: AffineTransform_float_3_3
Parameters: 1 -0.000155272 9.45554e-05 0.00015573 0.999996 0.00286601 -9.44467e-05 -0.00286598 0.999996 -0.0197362 -0.097019 -0.0531718
FixedParameters: 0 0 0

#Transform 75
Transform: AffineTransform_float_3_3
Parameters: 1 2.20399e-05 0.000460047 -2.296e-05 0.999998 0.00208699 -0.000459953 -0.00208701 0.999997 -0.00602556 -0.0725145 -0.0473282
FixedParameters: 0 0 0

#Transform 76
Transform: AffineTransform_float_3_3
Parameters: 1 -6.20858e-06 0.000466985 4.79138e-06 0.999996 0.002588 -0.000467014 -0.002588 0.999996 -0.0104225 -0.0861845 -0.0640457
FixedParameters: 0 0 0

#Transform 77
Transform: AffineTransform_float_3_3
Parameters: 1 0.000254125 0.000374595 -0.000254876 0.999997 0.00233691 -0.000374405 -0.0023371 0.999997 0.015282 -0.111352 -0.0517628
FixedParameters: 0 0 0

#Transform 78
Transform: AffineTransform_float_3_3
Parameters: 1 0.00023092 0.000517483 -0.000232078 0.999998 0.00208688 -0.000516517 -0.00208712 0.999997 0.0110611 -0.0913952 -0.0473252
FixedParameters: 0 0 0

#Transform 79
Transform: AffineTransform_float_3_3
Parameters: 1 0.000262626 0.000569635 -0.000264375 0.999997 0.00241385 -0.000569363 -0.00241415 0.999997 0.00882888 -0.0985241 -0.0583923
FixedParameters: 0 0 0

#Transform 80
Transform: AffineTransform_float_3_3
Parameters: 1 0.000267807 0.000486658 -0.000268194 0.999997 0.00245287 -0.000486343 -0.00245313 0.999997 0.00988447 -0.118089 -0.0492599
FixedParameters: 0 0 0

#Transform 81
Transform: AffineTransform_float_3_3
Parameters: 0.999999 0.000239557 0.000691501 -0.000241444 0.999998 0.00208683 -0.000691497 -0.00208716 0.999997 0.00968414 -0.0985333 -0.0383189
FixedParameters: 0 0 0

#Transform 82
Transform: AffineTransform_float_3_3
Parameters: 1 0.000240629 0.000524631 -0.000241371 0.999996 0.00261387 -0.000524371 -0.00261413 0.999997 0.0107385 -0.102339 -0.0481756
FixedParameters: 0 0 0

#Transform 83
Transform: AffineTransform_float_3_3
Parameters: 1 0.000198409 0.000620511 -0.000200592 0.999996 0.00256487 -0.000620487 -0.00256512 0.999996 0.0167943 -0.112639 -0.0225527
FixedParameters: 0 0 0

#Transform 84
Transform: AffineTransform_float_3_3
Parameters: 1 1.76713e-05 0.000547044 -1.83286e-05 0.999997 0.00242899 -0.000546957 -0.00242901 0.999997 0.00963357 -0.0702134 -0.0518517
FixedParameters: 0 0 0

#Transform 85
Transform: AffineTransform_float_3_3
Parameters: 0.999999 5.87832e-05 0.00082816 -6.12163e-05 0.999997 0.00267695 -0.000827839 -0.00267705 0.999996 0.0147873 -0.0962569 -0.0441453
FixedParameters: 0 0 0

#Transform 86
Transform: AffineTransform_float_3_3
Parameters: 1 0.000223692 0.000520564 -0.000225309 0.999997 0.00251488 -0.000520435 -0.00251412 0.999996 0.0162693 -0.102083 -0.0339891
FixedParameters: 0 0 0

#Transform 87
Transform: AffineTransform_float_3_3
Parameters: 1 -0.000156414 0.000602635 0.000155585 0.999997 0.00234609 -0.000603367 -0.00234591 0.999997 0.00452186 -0.0831748 -0.0279943
FixedParameters: 0 0 0

#Transform 88
Transform: AffineTransform_float_3_3
Parameters: 1 -9.80594e-05 0.000440766 9.694e-05 0.999997 0.00240304 -0.000441234 -0.00240296 0.999997 0.00439468 -0.108307 -0.0266517
FixedParameters: 0 0 0

#Transform 89
Transform: AffineTransform_float_3_3
Parameters: 1 1.38498e-05 0.000453036 -1.51527e-05 0.999997 0.00253899 -0.000453963 -0.00253901 0.999996 0.0196421 -0.124398 -0.0101496
FixedParameters: 0 0 0

#Transform 90
Transform: AffineTransform_float_3_3
Parameters: 1 -0.000156217 0.000456586 0.000155782 0.999997 0.00266407 -0.000457417 -0.00266393 0.999997 0.0193533 -0.0862348 -0.00675221
FixedParameters: 0 0 0

#Transform 91
Transform: AffineTransform_float_3_3
Parameters: 1 8.05606e-05 0.000485241 -8.2442e-05 0.999995 0.00296796 -0.000485758 -0.00296704 0.999996 0.0178753 -0.107182 -0.0118355
FixedParameters: 0 0 0

#Transform 92
Transform: AffineTransform_float_3_3
Parameters: 1 0.000297877 0.000337993 -0.000299123 0.999995 0.0033279 -0.000337006 -0.0033281 0.999995 0.0213972 -0.127099 -0.0273352
FixedParameters: 0 0 0

#Transform 93
Transform: AffineTransform_float_3_3
Parameters: 1 0.000151875 0.000380451 -0.000153123 0.999995 0.00295794 -0.000379549 -0.00295806 0.999995 0.0343568 -0.0571914 -0.029765
FixedParameters: 0 0 0

#Transform 94
Transform: AffineTransform_float_3_3
Parameters: 1 6.61709e-05 0.000572214 -6.78283e-05 0.999995 0.00319696 -0.000571786 -0.00319704 0.999994 0.0148272 -0.106433 -0.00225775
FixedParameters: 0 0 0

#Transform 95
Transform: AffineTransform_float_3_3
Parameters: 1 -0.000156796 0.000589525 0.000155206 0.999996 0.00304509 -0.000589475 -0.00304491 0.999995 0.0335619 -0.0997833 0.0201047
FixedParameters: 0 0 0

#Transform 96
Transform: AffineTransform_float_3_3
Parameters: 1 8.74051e-05 0.000597236 -8.95943e-05 0.999997 0.00267095 -0.000596763 -0.00267105 0.999997 0.0201905 -0.0468049 0.011152
FixedParameters: 0 0 0

#Transform 97
Transform: AffineTransform_float_3_3
Parameters: 1 9.46396e-05 0.000649348 -9.63591e-05 0.999994 0.00363594 -0.000648654 -0.00363606 0.999993 0.0198285 -0.0813094 -0.0167189
FixedParameters: 0 0 0

#Transform 98
Transform: AffineTransform_float_3_3
Parameters: 1 0.000199188 0.000376963 -0.000200813 0.999989 0.00481393 -0.000376038 -0.00481408 0.999989 0.0168438 -0.0821832 -0.0347934
FixedParameters: 0 0 0

#Transform 99
Transform: AffineTransform_float_3_3
Parameters: 1 6.77007e-05 0.000432206 -6.82992e-05 0.999996 0.00300797 -0.000431797 -0.00300703 0.999996 0.0122873 -0.059786 0.00424305
FixedParameters: 0 0 0

#Transform 100
Transform: AffineTransform_float_3_3
Parameters: 1 0.000409437 0.000487317 -0.000410561 0.999995 0.0032108 -0.000485684 -0.0032112 0.999994 0.0219162 -0.100308 0.000108972
FixedParameters: 0 0 0

#Transform 101
Transform: AffineTransform_float_3_3
Parameters: 1 0.000299782 0.000341074 -0.000301217 0.999993 0.00357589 -0.000339925 -0.0035751 0.999993 0.0364376 -0.072424 -0.0118502
FixedParameters: 0 0 0

#Transform 102
Transform: AffineTransform_float_3_3
Parameters: 1 0.000298551 0.000432005 -0.000300449 0.999995 0.00335787 -0.000430994 -0.00335813 0.999995 0.0324203 -0.0905041 -0.0195004
FixedParameters: 0 0 0

#Transform 103
Transform: AffineTransform_float_3_3
Parameters: 1 0.000449556 0.000377725 -0.000450441 0.999992 0.00383183 -0.000375276 -0.00383217 0.999992 0.0287562 -0.0969152 -0.0296945
FixedParameters: 0 0 0

#Transform 104
Transform: AffineTransform_float_3_3
Parameters: 1 0.000448665 0.000362658 -0.000450336 0.999993 0.00368984 -0.000361341 -0.00368916 0.999993 0.0216803 -0.0863747 -0.026385
FixedParameters: 0 0 0

#Transform 105
Transform: AffineTransform_float_3_3
Parameters: 1 0.000468699 0.000330851 -0.000470302 0.999992 0.00394385 -0.000329148 -0.00394316 0.999992 0.0218855 -0.107066 -0.046506
FixedParameters: 0 0 0

#Transform 106
Transform: AffineTransform_float_3_3
Parameters: 1 0.000628595 9.76416e-05 -0.000629406 0.999991 0.00420094 -9.53567e-05 -0.00420106 0.999991 0.01079 -0.124685 -0.0441388
FixedParameters: 0 0 0

#Transform 107
Transform: AffineTransform_float_3_3
Parameters: 1 0.0006883 0.000653855 -0.000691701 0.999991 0.00413855 -0.000651143 -0.00413945 0.999991 -0.019678 -0.104758 -0.033873
FixedParameters: 0 0 0

#Transform 108
Transform: AffineTransform_float_3_3
Parameters: 0.999999 0.000689536 0.000410469 -0.000691463 0.999994 0.00357772 -0.000407528 -0.00357828 0.999993 0.0180236 -0.0553873 -0.0662389
FixedParameters: 0 0 0

#Transform 109
Transform: AffineTransform_float_3_3
Parameters: 1 0.000356943 0.000598232 -0.000359055 0.999994 0.00344079 -0.000596768 -0.00344121 0.999994 0.0111761 -0.061731 -0.0126527
FixedParameters: 0 0 0

#Transform 110
Transform: AffineTransform_float_3_3
Parameters: 0.999999 0.000431781 0.00064549 -0.000434217 0.999994 0.00344172 -0.000643509 -0.00344228 0.999994 0.00473038 -0.073416 0.00390118
FixedParameters: 0 0 0

#Transform 111
Transform: AffineTransform_float_3_3
Parameters: 1 0.000236629 0.000644875 -0.000238371 0.999993 0.00367885 -0.000644127 -0.00367915 0.999993 0.000289024 -0.0700353 -0.032249
FixedParameters: 0 0 0

#Transform 112
Transform: AffineTransform_float_3_3
Parameters: 1 0.00033703 0.000485373 -0.000338968 0.999991 0.00406383 -0.000483626 -0.00406416 0.999991 -0.000670039 -0.0816786 -0.0310229
FixedParameters: 0 0 0

#Transform 113
Transform: AffineTransform_float_3_3
Parameters: 1 0.000261229 0.000455022 -0.000263771 0.999993 0.00389688 -0.000453976 -0.00389712 0.999993 -0.00581906 -0.0397378 -0.0255329
FixedParameters: 0 0 0

#Transform 114
Transform: AffineTransform_float_3_3
Parameters: 0.999999 0.000733141 0.000221859 -0.000733859 0.999992 0.00389684 -0.000219142 -0.00389716 0.999993 -0.0101452 -0.0843201 -0.0375107
FixedParameters: 0 0 0

#Transform 115
Transform: AffineTransform_float_3_3
Parameters: 0.999999 0.000740998 0.000241102 -0.000742001 0.999991 0.00418282 -0.000237898 -0.00418318 0.999991 -0.00795744 -0.0824116 -0.0360453
FixedParameters: 0 0 0

#Transform 116
Transform: AffineTransform_float_3_3
Parameters: 1 0.000619099 0.000232414 -0.000620899 0.999992 0.00389686 -0.000229582 -0.00389715 0.999993 0.000143938 -0.0641805 -0.0132348
FixedParameters: 0 0 0

#Transform 117
Transform: AffineTransform_float_3_3
Parameters: 0.999999 0.000791793 0.000541243 -0.00079421 0.999992 0.00408958 -0.000538757 -0.00408943 0.999992 0.0164726 -0.0805491 -0.0207173
FixedParameters: 0 0 0

#Transform 118
Transform: AffineTransform_float_3_3
Parameters: 1 0.000601321 0.000175345 -0.000601681 0.999992 0.0038969 -0.000173657 -0.00389711 0.999993 -0.00127103 -0.0957301 -0.00856512
FixedParameters: 0 0 0

#Transform 119
Transform: AffineTransform_float_3_3
Parameters: 0.999999 0.000717456 0.000361083 -0.000718543 0.99999 0.00429274 -0.000357918 -0.00429325 0.99999 0.00374092 -0.0782379 -0.033548
FixedParameters: 0 0 0

#Transform 120
Transform: AffineTransform_float_3_3
Parameters: 1 0.000487317 9.07492e-05 -0.000487685 0.999971 0.00768796 -8.72533e-05 -0.00768805 0.999971 0.0675854 -0.199738 -0.0220297
FixedParameters: 0 0 0

#Transform 121
Transform: AffineTransform_float_3_3
Parameters: 1 0.000383394 0.00106997 -0.000396606 0.999918 0.0127446 -0.00106503 -0.0127454 0.999918 0.151392 -0.389439 -0.0630956
FixedParameters: 0 0 0

#Transform 122
Transform: AffineTransform_float_3_3
Parameters: 0.999999 0.00102323 0.000904024 -0.00103177 0.999952 0.00975408 -0.000893978 -0.00975492 0.999952 0.14734 -0.290938 -0.0358427
FixedParameters: 0 0 0

#Transform 123
Transform: AffineTransform_float_3_3
Parameters: 1 0.000569063 0.000312409 -0.000571942 0.999955 0.00948082 -0.000307591 -0.00948118 0.999955 0.112128 -0.231316 -0.0252474
FixedParameters: 0 0 0

#Transform 124
Transform: AffineTransform_float_3_3
Parameters: 1 0.00047924 0.000311291 -0.000482766 0.99996 0.00892685 -0.000307703 -0.00892715 0.99996 0.0913456 -0.207877 -0.017775
FixedParameters: 0 0 0

#Transform 125
Transform: AffineTransform_float_3_3
Parameters: 1 -0.000134541 0.000518093 0.00013146 0.999976 0.00682806 -0.000518909 -0.00682793 0.999976 0.0670065 -0.0785483 -0.0420631
FixedParameters: 0 0 0

#Transform 126
Transform: AffineTransform_float_3_3
Parameters: 1 -0.000738783 0.000592785 0.000737217 0.999995 0.00300244 -0.000595216 -0.00300156 0.999996 0.0379424 0.146433 0.0230751
FixedParameters: 0 0 0

#Transform 127
Transform: AffineTransform_float_3_3
Parameters: 0.999999 -0.000426378 0.000724606 0.00042462 0.999994 0.00327931 -0.000726396 -0.00327869 0.999995 0.0454707 0.0140754 0.0579284
FixedParameters: 0 0 0

#Transform 128
Transform: AffineTransform_float_3_3
Parameters: 0.999999 -0.0003425 0.000919704 0.000339498 0.999992 0.00380331 -0.000921298 -0.00380269 0.999993 0.044872 -0.0419151 0.074318
FixedParameters: 0 0 0

#Transform 129
Transform: AffineTransform_float_3_3
Parameters: 1 -0.000314512 0.000551575 0.000311485 0.999989 0.00454917 -0.000553423 -0.00454883 0.99999 0.0284392 0.046462 0.0618167
FixedParameters: 0 0 0

#Transform 130
Transform: AffineTransform_float_3_3
Parameters: 1 -0.000387646 0.000424503 0.000386352 0.999993 0.00387117 -0.000426499 -0.00387084 0.999993 0.0170737 0.00380123 0.0589396
FixedParameters: 0 0 0

#Transform 131
Transform: AffineTransform_float_3_3
Parameters: 1 0.000102377 0.000474353 -0.000104622 0.999994 0.00342295 -0.000473645 -0.00342305 0.999994 0.00763562 0.0150717 0.0686878
FixedParameters: 0 0 0

#Transform 132
Transform: AffineTransform_float_3_3
Parameters: 0.999999 7.27429e-05 0.000721231 -7.52595e-05 0.999995 0.00312995 -0.000721768 -0.00313005 0.999995 0.00984931 0.0492602 0.0627499
FixedParameters: 0 0 0

#Transform 133
Transform: AffineTransform_float_3_3
Parameters: 1 0.000258906 0.000307923 -0.000260094 0.999993 0.00355792 -0.000307076 -0.00355808 0.999993 0.0106313 0.00239651 0.0652088
FixedParameters: 0 0 0

#Transform 134
Transform: AffineTransform_float_3_3
Parameters: 1 0.000462296 0.000198646 -0.000462702 0.999994 0.00355791 -0.000196355 -0.00355809 0.999993 -0.00226252 0.0116832 0.0490174
FixedParameters: 0 0 0

#Transform 135
Transform: AffineTransform_float_3_3
Parameters: 0.999999 0.000848251 -5.42012e-05 -0.000847749 0.999989 0.00447905 5.77976e-05 -0.00447895 0.99999 -0.0455938 -0.00328243 0.0324448
FixedParameters: 0 0 0

#Transform 136
Transform: AffineTransform_float_3_3
Parameters: 1 0.00108354 -0.000141968 -0.00108246 0.999993 0.00372216 0.00014603 -0.00372185 0.999993 -0.0533882 -0.0297985 0.0474929
FixedParameters: 0 0 0

#Transform 137
Transform: AffineTransform_float_3_3
Parameters: 0.999999 0.00124151 -0.000141596 -0.00124049 0.999993 0.00354818 0.000145402 -0.00354782 0.999993 -0.0515249 0.00571976 0.0504807
FixedParameters: 0 0 0

#Transform 138
Transform: AffineTransform_float_3_3
Parameters: 0.999999 0.00124302 -2.19078e-06 -0.00124298 0.999991 0.00386901 6.80915e-06 -0.003869 0.999993 -0.0530753 -0.0180751 0.0417839
FixedParameters: 0 0 0

#Transform 139
Transform: AffineTransform_float_3_3
Parameters: 0.999999 0.00126006 -0.000427988 -0.00125794 0.999988 0.00477554 0.000434012 -0.00477446 0.999989 -0.0620871 -0.0309978 0.0188729
FixedParameters: 0 0 0

#Transform 140
Transform: AffineTransform_float_3_3
Parameters: 1 0.00111741 -0.000105706 -0.00111659 0.999992 0.00384312 0.000109292 -0.00384288 0.999992 -0.0542505 -0.00243607 0.0627801
FixedParameters: 0 0 0

#Transform 141
Transform: AffineTransform_float_3_3
Parameters: 1 0.00117714 -0.000275184 -0.00117586 0.999991 0.00409333 0.000279815 -0.00409268 0.999992 -0.0544446 -0.0437625 0.0559436
FixedParameters: 0 0 0

#Transform 142
Transform: AffineTransform_float_3_3
Parameters: 0.999999 0.00122846 -0.000104771 -0.00122754 0.99999 0.00425713 0.000110227 -0.00425687 0.999991 -0.0505484 -0.0317251 0.048077
FixedParameters: 0 0 0

#Transform 143
Transform: AffineTransform_float_3_3
Parameters: 1 0.00099843 -0.000106025 -0.00099757 0.999991 0.00398211 0.000109973 -0.00398189 0.999992 -0.0458131 -0.011434 0.0546398
FixedParameters: 0 0 0

#Transform 144
Transform: AffineTransform_float_3_3
Parameters: 0.999999 0.00090585 3.59843e-05 -0.000906149 0.99999 0.00439797 -3.2015e-05 -0.00439803 0.999991 -0.0595054 -0.0079464 0.038626
FixedParameters: 0 0 0

#Transform 145
Transform: AffineTransform_float_3_3
Parameters: 0.999999 0.000939446 -0.000106121 -0.000938554 0.999991 0.0041301 0.000109877 -0.0041299 0.999992 -0.0378506 -0.0230166 0.0569938
FixedParameters: 0 0 0

#Transform 146
Transform: AffineTransform_float_3_3
Parameters: 1 0.00113447 -0.000104989 -0.00113452 0.999989 0.00441812 0.000110013 -0.00441788 0.99999 -0.0350662 -0.0216566 0.0234287
FixedParameters: 0 0 0

#Transform 147
Transform: AffineTransform_float_3_3
Parameters: 0.999999 0.000785424 -0.000106932 -0.000785576 0.999992 0.00390709 0.00011007 -0.00390692 0.999993 -0.0305268 -0.021131 0.0571386
FixedParameters: 0 0 0

#Transform 148
Transform: AffineTransform_float_3_3
Parameters: 1 0.000949014 0.000233054 -0.000949987 0.999991 0.00426978 -0.000228946 -0.00427022 0.999991 -0.00778621 -0.0138089 0.0513316
FixedParameters: 0 0 0

#Transform 149
Transform: AffineTransform_float_3_3
Parameters: 1 0.000371356 0.000421454 -0.000372646 0.999993 0.00390685 -0.000420547 -0.00390716 0.999993 -0.0114485 0.0224976 0.0764018
FixedParameters: 0 0 0

#Transform 150
Transform: AffineTransform_float_3_3
Parameters: 0.999999 0.000728034 0.000482976 -0.000729966 0.999992 0.00408265 -0.000480024 -0.00408235 0.999991 -0.00598138 0.010832 0.0429204
FixedParameters: 0 0 0

#Transform 151
Transform: AffineTransform_float_3_3
Parameters: 1 0.000869294 0.000404685 -0.000870707 0.99999 0.00423465 -0.000401317 -0.00423435 0.999991 -0.00820002 -0.0175103 0.0454832
FixedParameters: 0 0 0

#Transform 152
Transform: AffineTransform_float_3_3
Parameters: 1 0.00108472 0.000330241 -0.00108628 0.999992 0.00390664 -0.000325759 -0.00390636 0.999993 -0.0171109 0.020021 0.0563867
FixedParameters: 0 0 0

#Transform 153
Transform: AffineTransform_float_3_3
Parameters: 1 0.00117443 0.000143775 -0.00117457 0.999991 0.00406483 -0.000138226 -0.00406516 0.999991 -0.0316397 0.00717908 0.0422155
FixedParameters: 0 0 0

#Transform 154
Transform: AffineTransform_float_3_3
Parameters: 1 0.00110065 8.56378e-05 -0.00110135 0.99999 0.00421291 -8.13607e-05 -0.00421309 0.999991 -0.0347247 -0.000823733 0.0527792
FixedParameters: 0 0 0

#Transform 155
Transform: AffineTransform_float_3_3
Parameters: 1 0.00119183 0.000226264 -0.00119317 0.999985 0.00525273 -0.000219735 -0.00525326 0.999986 -0.031711 0.0376354 0.0368764
FixedParameters: 0 0 0

#Transform 156
Transform: AffineTransform_float_3_3
Parameters: 1 0.000999626 0.000262295 -0.00100138 0.999985 0.00529274 -0.000257703 -0.00529326 0.999986 -0.0268177 0.024213 0.0211806
FixedParameters: 0 0 0

#Transform 157
Transform: AffineTransform_float_3_3
Parameters: 1 0.000971431 0.000141956 -0.000972571 0.999991 0.00407086 -0.000138042 -0.00407114 0.999991 -0.0314111 0.0174685 0.0527275
FixedParameters: 0 0 0

#Transform 158
Transform: AffineTransform_float_3_3
Parameters: 1 0.000813483 0.000387204 -0.000814517 0.999992 0.00393469 -0.000383798 -0.00393531 0.999992 -0.0334464 0.0389528 0.0603962
FixedParameters: 0 0 0

#Transform 159
Transform: AffineTransform_float_3_3
Parameters: 0.999999 0.00073368 7.99903e-05 -0.00073332 0.999992 0.00407494 -7.70123e-05 -0.00407506 0.999991 -0.0311597 -0.0181611 0.0772081
FixedParameters: 0 0 0

#Transform 160
Transform: AffineTransform_float_3_3
Parameters: 0.999999 0.000773848 3.28023e-05 -0.000774152 0.999987 0.00491297 -2.91969e-05 -0.00491302 0.999988 -0.0291852 -0.00865899 0.0734468
FixedParameters: 0 0 0

#Transform 161
Transform: AffineTransform_float_3_3
Parameters: 0.999999 0.000814606 -0.000105416 -0.000813396 0.999984 0.00562909 0.00010958 -0.00562891 0.999984 -0.0346352 -5.56093e-05 0.0372727
FixedParameters: 0 0 0

#Transform 162
Transform: AffineTransform_float_3_3
Parameters: 0.999999 0.000728748 5.44818e-05 -0.00072925 0.999989 0.00477696 -5.05169e-05 -0.00477704 0.999988 -0.0407008 -0.0313679 0.0727882
FixedParameters: 0 0 0

#Transform 163
Transform: AffineTransform_float_3_3
Parameters: 1 0.000369831 0.00025868 -0.000371171 0.999989 0.0045349 -0.000257319 -0.00453509 0.999989 -0.0427981 0.0166174 0.0704541
FixedParameters: 0 0 0

#Transform 164
Transform: AffineTransform_float_3_3
Parameters: 0.999999 0.000659982 0.000415225 -0.000662017 0.999988 0.00487973 -0.000411775 -0.00487927 0.999988 -0.0382013 -0.0434731 0.0843394
FixedParameters: 0 0 0

#Transform 165
Transform: AffineTransform_float_3_3
Parameters: 0.999999 0.000742508 0.000295773 -0.000744493 0.999987 0.00507578 -0.000292225 -0.00507622 0.999987 -0.0370313 -0.00331906 0.0815709
FixedParameters: 0 0 0

#Transform 166
Transform: AffineTransform_float_3_3
Parameters: 0.999999 0.000840796 0.00025205 -0.000842208 0.999988 0.00481379 -0.000248948 -0.00481421 0.999989 -0.0344413 0.00174829 0.0755364
FixedParameters: 0 0 0

#Transform 167
Transform: AffineTransform_float_3_3
Parameters: 0.999999 0.000606881 0.000421071 -0.000608119 0.999987 0.00505075 -0.000417934 -0.00505126 0.999987 -0.0399986 -0.0313046 0.0996473
FixedParameters: 0 0 0

#Transform 168
Transform: AffineTransform_float_3_3
Parameters: 1 0.000629586 0.000299985 -0.000631413 0.999988 0.00473581 -0.000297013 -0.00473518 0.999988 -0.0386043 -0.00515422 0.0841361
FixedParameters: 0 0 0

#Transform 169
Transform: AffineTransform_float_3_3
Parameters: 1 0.00061042 0.000323993 -0.000611579 0.999988 0.0048968 -0.000321009 -0.0048972 0.999988 -0.0334878 -0.0380316 0.104764
FixedParameters: 0 0 0

#Transform 170
Transform: AffineTransform_float_3_3
Parameters: 0.999999 0.000585269 0.000619591 -0.000587733 0.99999 0.00441764 -0.00061741 -0.00441736 0.99999 -0.0221937 0.0098112 0.105865
FixedParameters: 0 0 0

#Transform 171
Transform: AffineTransform_float_3_3
Parameters: 1 0.000369194 0.000372797 -0.000370807 0.999988 0.00485586 -0.000371204 -0.00485614 0.999988 -0.0370224 -0.0330909 0.0811543
FixedParameters: 0 0 0

#Transform 172
Transform: AffineTransform_float_3_3
Parameters: 1 0.000528775 0.000269417 -0.000529223 0.99999 0.00456586 -0.000266586 -0.00456614 0.999989 -0.0410725 -0.0128634 0.0822883
FixedParameters: 0 0 0

#Transform 173
Transform: AffineTransform_float_3_3
Parameters: 0.999999 0.000676663 0.000301023 -0.000677337 0.99999 0.0044638 -0.000297979 -0.0044642 0.99999 -0.044386 -0.0154701 0.0902415
FixedParameters: 0 0 0

#Transform 174
Transform: AffineTransform_float_3_3
Parameters: 0.999999 0.000684975 0.000209381 -0.000686027 0.999987 0.00493185 -0.000206619 -0.00493214 0.999988 -0.0402155 -0.0318301 0.0679609
FixedParameters: 0 0 0

#Transform 175
Transform: AffineTransform_float_3_3
Parameters: 0.999999 0.000755628 7.77012e-05 -0.000756372 0.999987 0.00489694 -7.42969e-05 -0.00489706 0.999988 -0.0244974 -0.049066 0.0935254
FixedParameters: 0 0 0

#Transform 176
Transform: AffineTransform_float_3_3
Parameters: 0.999999 0.000602828 0.00045688 -0.000605173 0.999989 0.00476873 -0.000454119 -0.00476928 0.999989 -0.013187 -0.0243127 0.104774
FixedParameters: 0 0 0

#Transform 177
Transform: AffineTransform_float_3_3
Parameters: 0.999999 0.000820933 0.000206293 -0.000822065 0.999986 0.00522583 -0.000201707 -0.00522617 0.999987 -0.0245735 -0.0447148 0.0791037
FixedParameters: 0 0 0

#Transform 178
Transform: AffineTransform_float_3_3
Parameters: 1 0.000904513 9.19265e-05 -0.000904488 0.999985 0.00544492 -8.70764e-05 -0.00544508 0.999985 -0.0305493 -0.0492199 0.0718235
FixedParameters: 0 0 0

#Transform 179
Transform: AffineTransform_float_3_3
Parameters: 1 0.000883301 0.000139504 -0.000883703 0.999987 0.00509688 -0.000135498 -0.00509712 0.999987 -0.0344204 0.00302687 0.0832246
FixedParameters: 0 0 0

#Transform 180
Transform: AffineTransform_float_3_3
Parameters: 0.999999 0.000660163 0.000340585 -0.000661834 0.999985 0.00542278 -0.000336416 -0.00542323 0.999985 -0.021543 -0.0446852 0.101433
FixedParameters: 0 0 0

#Transform 181
Transform: AffineTransform_float_3_3
Parameters: 0.999999 0.000770824 0.00057528 -0.00077418 0.999985 0.00554056 -0.000571719 -0.00554145 0.999985 -0.00237231 -0.0335305 0.124679
FixedParameters: 0 0 0

#Transform 182
Transform: AffineTransform_float_3_3
Parameters: 0.999999 0.000827057 0.000364441 -0.00082894 0.999986 0.0053637 -0.000359558 -0.0053643 0.999985 -0.0100959 -0.00910965 0.100181
FixedParameters: 0 0 0

#Transform 183
Transform: AffineTransform_float_3_3
Parameters: 0.999999 0.000890268 0.000121486 -0.000890728 0.99998 0.00615989 -0.000115515 -0.0061601 0.999981 -0.012617 -0.031084 0.0737298
FixedParameters: 0 0 0

#Transform 184
Transform: AffineTransform_float_3_3
Parameters: 1 0.00067512 0.000169542 -0.000675882 0.999986 0.00524289 -0.000166459 -0.00524212 0.999986 -0.0208142 0.0113095 0.0989078
FixedParameters: 0 0 0

#Transform 185
Transform: AffineTransform_float_3_3
Parameters: 0.999999 0.000718671 0.000428925 -0.000720328 0.999985 0.00545269 -0.000425078 -0.00545331 0.999985 -0.00983192 -0.0274038 0.0970934
FixedParameters: 0 0 0

#Transform 186
Transform: AffineTransform_float_3_3
Parameters: 0.999999 0.000730578 -0.000106091 -0.000730422 0.999986 0.00535308 0.000109911 -0.00535292 0.999985 -0.0125747 -0.020725 0.100809
FixedParameters: 0 0 0

#Transform 187
Transform: AffineTransform_float_3_3
Parameters: 0.999999 0.00075975 0.000247863 -0.00076125 0.999987 0.00508081 -0.000244135 -0.00508119 0.999987 -0.0117014 0.00252374 0.106326
FixedParameters: 0 0 0

#Transform 188
Transform: AffineTransform_float_3_3
