# transform file /out/sourcedata/freesurfer/sub-v1s23x0050570_ses-1/mri/transforms/cc_up.lta
# created by oesteban on Mon Mar  9 20:29:54 2026

type      = 0 # LINEAR_VOX_TO_VOX
nxforms   = 1
mean      = 129.0000 135.0000 125.0000
sigma     = 10000.0000
1 4 4
9.999850392341614e-01 4.654152318835258e-03 2.876346930861473e-03 -2.284967422485352e+00 
-4.654132761061192e-03 9.999892115592957e-01 -1.338710080744931e-05 1.660050582885742e+01 
-2.876378130167723e-03 0.000000000000000e+00 9.999958276748657e-01 6.369880199432373e+00 
0.000000000000000e+00 0.000000000000000e+00 0.000000000000000e+00 1.000000000000000e+00 
src volume info
valid = 1  # volume info valid
filename = /out/sourcedata/freesurfer/sub-v1s23x0050570_ses-1/mri/norm.mgz
volume = 256 256 256
voxelsize = 1.000000000000000e+00 1.000000000000000e+00 1.000000000000000e+00
xras   = -1.000000000000000e+00 0.000000000000000e+00 0.000000000000000e+00
yras   = 0.000000000000000e+00 0.000000000000000e+00 -1.000000000000000e+00
zras   = 0.000000000000000e+00 1.000000000000000e+00 0.000000000000000e+00
cras   = 2.925270080566406e+01 -4.740806579589844e+01 2.951396179199219e+01
dst volume info
valid = 1  # volume info valid
filename = /out/sourcedata/freesurfer/sub-v1s23x0050570_ses-1/mri/norm.mgz
volume = 256 256 256
voxelsize = 1.000000000000000e+00 1.000000000000000e+00 1.000000000000000e+00
xras   = -1.000000000000000e+00 0.000000000000000e+00 0.000000000000000e+00
yras   = 0.000000000000000e+00 0.000000000000000e+00 -1.000000000000000e+00
zras   = 0.000000000000000e+00 1.000000000000000e+00 0.000000000000000e+00
cras   = 2.925270080566406e+01 -4.740806579589844e+01 2.951396179199219e+01
