# transform file /out/sourcedata/freesurfer/sub-v1s23x0050556_ses-1/mri/transforms/cc_up.lta
# created by oesteban on Mon Mar  9 19:01:08 2026

type      = 0 # LINEAR_VOX_TO_VOX
nxforms   = 1
mean      = 128.0000 134.0000 105.0000
sigma     = 10000.0000
1 4 4
9.975394010543823e-01 6.791508197784424e-02 -1.739686727523804e-02 -7.647971153259277e+00 
-6.790475547313690e-02 9.976910352706909e-01 1.184244058094919e-03 2.297002983093262e+01 
1.743712648749352e-02 0.000000000000000e+00 9.998478889465332e-01 2.374867439270020e+01 
0.000000000000000e+00 0.000000000000000e+00 0.000000000000000e+00 1.000000000000000e+00 
src volume info
valid = 1  # volume info valid
filename = /out/sourcedata/freesurfer/sub-v1s23x0050556_ses-1/mri/norm.mgz
volume = 256 256 256
voxelsize = 1.000000000000000e+00 1.000000000000000e+00 1.000000000000000e+00
xras   = -1.000000000000000e+00 0.000000000000000e+00 0.000000000000000e+00
yras   = 0.000000000000000e+00 0.000000000000000e+00 -1.000000000000000e+00
zras   = 0.000000000000000e+00 1.000000000000000e+00 0.000000000000000e+00
cras   = 4.128395080566406e+01 -4.850181579589844e+01 2.951396179199219e+01
dst volume info
valid = 1  # volume info valid
filename = /out/sourcedata/freesurfer/sub-v1s23x0050556_ses-1/mri/norm.mgz
volume = 256 256 256
voxelsize = 1.000000000000000e+00 1.000000000000000e+00 1.000000000000000e+00
xras   = -1.000000000000000e+00 0.000000000000000e+00 0.000000000000000e+00
yras   = 0.000000000000000e+00 0.000000000000000e+00 -1.000000000000000e+00
zras   = 0.000000000000000e+00 1.000000000000000e+00 0.000000000000000e+00
cras   = 4.128395080566406e+01 -4.850181579589844e+01 2.951396179199219e+01
