#Insight Transform File V1.0
#Transform 0
Transform: AffineTransform_float_3_3
Parameters: 1 -0.00011787 -8.31843e-05 0.00011813 0.999999 0.00156299 8.28154e-05 -0.00156301 0.999999 0.00382066 -0.08244 -0.423391
FixedParameters: 0 0 0

#Transform 1
Transform: AffineTransform_float_3_3
Parameters: 1 0.000419273 0.000263566 -0.000418727 1 -0.00103511 -0.000264434 0.00103489 1 0.00124389 0.0470809 -0.0318384
FixedParameters: 0 0 0

#Transform 2
Transform: AffineTransform_float_3_3
Parameters: 1 0.000158031 0.000568991 -0.000157969 1 -5.50899e-05 -0.000569008 5.49101e-05 1 0.00104118 -0.0204367 -0.0623631
FixedParameters: 0 0 0

#Transform 3
Transform: AffineTransform_float_3_3
Parameters: 0.999999 1.78031e-07 0.000876999 1.78031e-07 1 -0.000203 -0.000876999 0.000203 0.999999 0.00866184 -0.0666004 -0.0388127
FixedParameters: 0 0 0

#Transform 4
Transform: AffineTransform_float_3_3
Parameters: 0.999999 0.000199507 0.000874884 -0.000199492 1 -0.000580175 -0.000875116 0.000579826 1 0.000840516 0.0489304 -0.062064
FixedParameters: 0 0 0

#Transform 5
Transform: AffineTransform_float_3_3
Parameters: 1 6.3023e-05 0.000402996 -6.2977e-05 1 -5.70254e-05 -0.000403004 5.69746e-05 1 -0.000141608 -0.00198187 -0.0909242
FixedParameters: 0 0 0

#Transform 6
Transform: AffineTransform_float_3_3
Parameters: 1 6.9776e-08 0.000356 6.9776e-08 1 -0.000196 -0.000356 0.000196 1 0.00396177 0.000323844 -0.103695
FixedParameters: 0 0 0

#Transform 7
Transform: AffineTransform_float_3_3
Parameters: 0.999999 9.85998e-05 0.000801927 -9.74e-05 0.999999 -0.000748078 -0.000802073 0.000747921 1 0.00298148 0.0850712 -0.134648
FixedParameters: 0 0 0

#Transform 8
Transform: AffineTransform_float_3_3
Parameters: 1 0.000602981 0.000328034 -0.000603018 1 5.58022e-05 -0.000327966 -5.61978e-05 1 -0.0246486 0.0300975 -0.15108
FixedParameters: 0 0 0

#Transform 9
Transform: AffineTransform_float_3_3
Parameters: 1 0.000663443 0.000800632 -0.000663556 0.999999 -0.000554531 -0.000801368 0.000553468 0.999999 -0.028759 -0.00163411 -0.154856
FixedParameters: 0 0 0

#Transform 10
Transform: AffineTransform_float_3_3
Parameters: 1 9.33757e-05 0.00121597 -9.36242e-05 1 -0.000309114 -0.00121603 0.000308887 0.999999 -0.0228759 0.056635 -0.120284
FixedParameters: 0 0 0

#Transform 11
Transform: AffineTransform_float_3_3
Parameters: 0.999999 9.31794e-05 0.000750977 -9.38205e-05 1 -0.00023907 -0.000751022 0.00023893 0.999999 -0.00912508 0.0327305 -0.146203
FixedParameters: 0 0 0

#Transform 12
Transform: AffineTransform_float_3_3
Parameters: 1 9.31543e-05 0.00110999 -9.38468e-05 1 -0.000138104 -0.00111001 0.000138897 1 -0.0153727 0.000770824 -0.0915543
FixedParameters: 0 0 0

#Transform 13
Transform: AffineTransform_float_3_3
Parameters: 1 0.000145965 0.000666008 -0.000146036 1 5.39027e-05 -0.000665992 -5.30972e-05 1 -0.00866413 0.0574556 -0.0991618
FixedParameters: 0 0 0

#Transform 14
Transform: AffineTransform_float_3_3
Parameters: 0.999999 3.6023e-06 0.000956002 -4.39769e-06 1 0.000415996 -0.000955998 -0.000416004 1 0.00274869 0.0512714 -0.141404
FixedParameters: 0 0 0

#Transform 15
Transform: AffineTransform_float_3_3
Parameters: 0.999999 -2.97929e-06 0.000714 3.0207e-06 1 -2.89978e-05 -0.000714 2.90021e-05 0.999999 0.00447652 0.0356161 -0.150813
FixedParameters: 0 0 0

#Transform 16
Transform: AffineTransform_float_3_3
Parameters: 1 9.31239e-05 0.000625981 -9.3876e-05 1 -0.000198059 -0.000626018 0.000197942 1 0.0103092 0.0661039 -0.144416
FixedParameters: 0 0 0

#Transform 17
Transform: AffineTransform_float_3_3
Parameters: 0.999999 0.000175065 0.000707984 -0.000174935 1 -9.21239e-05 -0.000708016 9.18761e-05 0.999999 0.00834986 0.0634132 -0.135024
FixedParameters: 0 0 0

#Transform 18
Transform: AffineTransform_float_3_3
Parameters: 0.999999 9.32757e-05 0.00088097 -9.37242e-05 1 -0.000313083 -0.000881029 0.000312918 0.999999 0.00178895 0.0456465 -0.162831
FixedParameters: 0 0 0

#Transform 19
Transform: AffineTransform_float_3_3
Parameters: 1 0.00016174 0.00111004 -0.00016226 1 0.00023382 -0.00110996 -0.00023418 1 -0.000879104 0.0338126 -0.158542
FixedParameters: 0 0 0

#Transform 20
Transform: AffineTransform_float_3_3
Parameters: 0.999999 0.000418143 0.000649908 -0.000417857 1 -0.000220272 -0.000650092 0.000220728 1 -0.00861914 0.0341618 -0.145444
FixedParameters: 0 0 0

#Transform 21
Transform: AffineTransform_float_3_3
Parameters: 1 0.000370345 0.000468727 -0.000369655 0.999999 -0.000736173 -0.000468272 0.000735826 0.999999 -0.00417439 0.0830952 -0.166768
FixedParameters: 0 0 0

#Transform 22
Transform: AffineTransform_float_3_3
Parameters: 0.999999 0.000396964 0.00135601 -0.000397036 1 2.64616e-05 -0.00135599 -2.65383e-05 0.999999 -0.0163425 0.0279212 -0.157938
FixedParameters: 0 0 0

#Transform 23
Transform: AffineTransform_float_3_3
Parameters: 1 0.00084678 0.000597312 -0.00084722 0.999999 0.000368494 -0.000596687 -0.000369505 1 -0.039655 0.0261447 -0.15661
FixedParameters: 0 0 0

#Transform 24
Transform: AffineTransform_float_3_3
Parameters: 1 0.00054513 0.000946926 -0.00054487 1 -0.000137516 -0.000947075 0.000136484 1 -0.0306712 0.106638 -0.178686
FixedParameters: 0 0 0

#Transform 25
Transform: AffineTransform_float_3_3
Parameters: 0.999999 0.000541029 0.00081498 -0.000540971 1 -3.54409e-05 -0.000815019 3.55591e-05 0.999999 -0.0274526 0.0487445 -0.182491
FixedParameters: 0 0 0

#Transform 26
Transform: AffineTransform_float_3_3
Parameters: 0.999999 0.00067774 0.000657266 -0.000678259 0.999999 0.000393554 -0.000657732 -0.000394446 0.999999 -0.0287028 0.0365653 -0.150443
FixedParameters: 0 0 0

#Transform 27
Transform: AffineTransform_float_3_3
Parameters: 0.999999 0.000597385 0.000774702 -0.000596614 0.999999 -0.000498462 -0.000774296 0.000497537 0.999999 -0.0281317 0.0939034 -0.182609
FixedParameters: 0 0 0

#Transform 28
Transform: AffineTransform_float_3_3
Parameters: 0.999999 0.000711083 0.00110995 -0.000711917 0.999999 -7.47903e-05 -0.00111005 7.42107e-05 1 -0.0322524 0.0691377 -0.211443
FixedParameters: 0 0 0

#Transform 29
Transform: AffineTransform_float_3_3
Parameters: 1 0.000535417 0.00093076 -0.000535583 1 -0.000448498 -0.00093124 0.000447501 0.999999 -0.0392933 0.0575235 -0.236552
FixedParameters: 0 0 0

#Transform 30
Transform: AffineTransform_float_3_3
Parameters: 1 0.000627607 0.000979612 -0.000627392 0.999999 -0.000620615 -0.00098039 0.000619385 1 -0.0191137 0.0830846 -0.228527
FixedParameters: 0 0 0

#Transform 31
Transform: AffineTransform_float_3_3
Parameters: 0.999999 0.000365086 0.000864963 -0.000364913 1 -0.000100316 -0.000865036 9.96842e-05 0.999999 -0.0134777 0.148131 -0.291906
FixedParameters: 0 0 0

#Transform 32
Transform: AffineTransform_float_3_3
Parameters: 0.999999 0.000293723 0.000906089 -0.000293277 1 0.000305734 -0.00090591 -0.000305266 0.999999 -0.0101168 -0.000361492 -0.154262
FixedParameters: 0 0 0

#Transform 33
Transform: AffineTransform_float_3_3
Parameters: 0.999999 0.000551379 0.00126483 -0.00055062 1 -0.000300697 -0.00126517 0.000299303 0.999999 -0.0202343 0.05878 -0.190247
FixedParameters: 0 0 0

#Transform 34
Transform: AffineTransform_float_3_3
Parameters: 1 0.000895644 0.000541938 -0.000895357 0.999999 -0.00118649 -0.000543063 0.00118651 0.999999 -0.0235606 0.0792222 -0.162763
FixedParameters: 0 0 0

#Transform 35
Transform: AffineTransform_float_3_3
Parameters: 1 0.000821954 0.000640059 -0.000822046 0.999999 7.14738e-05 -0.000639941 -7.2526e-05 1 -0.0145765 0.0266747 -0.162948
FixedParameters: 0 0 0

#Transform 36
Transform: AffineTransform_float_3_3
Parameters: 0.999999 0.000378739 0.000721137 -0.000379261 1 0.000361726 -0.000720862 -0.000362273 0.999999 -0.0179638 0.0446561 -0.121274
FixedParameters: 0 0 0

#Transform 37
Transform: AffineTransform_float_3_3
Parameters: 0.999999 4.77107e-05 0.000882015 -4.82893e-05 1 0.000327957 -0.000881983 -0.000328042 0.999999 -0.00501558 0.0729679 -0.0404409
FixedParameters: 0 0 0

#Transform 38
Transform: AffineTransform_float_3_3
Parameters: 0.999999 -0.000181047 0.00133772 0.000178954 0.999999 0.00153024 -0.00133728 -0.00152976 0.999998 0.0105961 -0.0235468 -0.0261621
FixedParameters: 0 0 0

#Transform 39
Transform: AffineTransform_float_3_3
Parameters: 0.999999 -0.00018078 0.00143778 0.000179219 0.999999 0.00123826 -0.00143822 -0.00123774 0.999998 0.00725523 0.0451576 -0.0572401
FixedParameters: 0 0 0

#Transform 40
Transform: AffineTransform_float_3_3
Parameters: 1 6.65108e-05 0.00111991 -6.4489e-05 0.999999 -0.00134907 -0.00112009 0.00134893 0.999999 -0.0190483 0.199605 -0.122805
FixedParameters: 0 0 0

#Transform 41
Transform: AffineTransform_float_3_3
Parameters: 0.999999 -0.0010179 0.000861932 0.0010171 0.999999 0.00104988 -0.000862067 -0.00104812 0.999999 0.0794296 -0.287275 0.217792
FixedParameters: 0 0 0

#Transform 42
Transform: AffineTransform_float_3_3
Parameters: 0.999999 0.000111769 0.000911276 -0.000113231 0.999997 0.0024489 -0.000910725 -0.0024491 0.999996 0.00339696 -0.0592705 0.124821
FixedParameters: 0 0 0

#Transform 43
Transform: AffineTransform_float_3_3
Parameters: 0.999998 0.000696036 0.00173921 -0.000703964 0.99999 0.00458278 -0.00173579 -0.00458422 0.999988 -0.00613771 0.0570141 0.10547
FixedParameters: 0 0 0

#Transform 44
Transform: AffineTransform_float_3_3
Parameters: 0.999999 0.00051349 0.00175452 -0.000532505 0.999944 0.0105661 -0.00174847 -0.0105669 0.999942 0.0276303 0.0183004 0.245574
FixedParameters: 0 0 0

#Transform 45
Transform: AffineTransform_float_3_3
Parameters: 1 0.000667231 0.000989234 -0.000671769 0.999988 0.00482934 -0.000985767 -0.00482966 0.999988 0.0166833 0.101392 0.0452099
FixedParameters: 0 0 0

#Transform 46
Transform: AffineTransform_float_3_3
Parameters: 0.999997 0.000638796 0.00245175 -0.000652206 0.999983 0.00579742 -0.00244826 -0.00579858 0.99998 0.0300423 0.0504999 0.0425268
FixedParameters: 0 0 0

#Transform 47
Transform: AffineTransform_float_3_3
Parameters: 0.999998 0.000522302 0.00191767 -0.000531699 0.999987 0.00505999 -0.00191533 -0.00506101 0.999986 0.0093218 0.0243866 0.0303239
FixedParameters: 0 0 0

#Transform 48
Transform: AffineTransform_float_3_3
Parameters: 0.999998 0.000602208 0.00193108 -0.000611791 0.999987 0.00507383 -0.00192792 -0.00507517 0.999986 0.00791168 0.0351113 0.0679719
FixedParameters: 0 0 0

#Transform 49
Transform: AffineTransform_float_3_3
Parameters: 0.999999 0.00074438 0.00161201 -0.000753623 0.999986 0.0053548 -0.00160799 -0.00535521 0.999985 0.00775002 0.038113 0.0783094
FixedParameters: 0 0 0

#Transform 50
Transform: AffineTransform_float_3_3
Parameters: 0.999998 0.000521252 0.00198286 -0.000531749 0.999985 0.00542396 -0.00198015 -0.00542505 0.999984 0.00906508 0.00172652 0.13518
FixedParameters: 0 0 0

#Transform 51
Transform: AffineTransform_float_3_3
Parameters: 0.999998 0.00101211 0.00198456 -0.0010209 0.99999 0.00448599 -0.00198044 -0.00448802 0.999988 -0.00526798 0.000224997 0.102333
FixedParameters: 0 0 0

#Transform 52
Transform: AffineTransform_float_3_3
Parameters: 0.999998 0.000524901 0.00198189 -0.000532099 0.999994 0.00358295 -0.0019801 -0.00358405 0.999991 0.00897197 0.00030193 0.0875312
FixedParameters: 0 0 0

#Transform 53
Transform: AffineTransform_float_3_3
Parameters: 0.999998 0.00052502 0.00181703 -0.000531978 0.999992 0.00384204 -0.00181497 -0.00384396 0.999991 0.00448151 0.0192006 0.105948
FixedParameters: 0 0 0

#Transform 54
Transform: AffineTransform_float_3_3
Parameters: 0.999998 0.000526027 0.001581 -0.000531973 0.999992 0.00378016 -0.001579 -0.00378083 0.999991 0.00562234 -0.00955621 0.0898892
FixedParameters: 0 0 0

#Transform 55
Transform: AffineTransform_float_3_3
Parameters: 1 0.000268133 0.00117789 -0.000271865 0.999995 0.00328468 -0.00117611 -0.00328432 0.999994 0.0186518 -0.000913099 0.030965
FixedParameters: 0 0 0

#Transform 56
Transform: AffineTransform_float_3_3
Parameters: 0.999999 0.000284885 0.00151097 -0.000290111 0.999994 0.00338557 -0.00150903 -0.00338644 0.999993 0.0162007 -0.0124405 0.0665093
FixedParameters: 0 0 0

#Transform 57
Transform: AffineTransform_float_3_3
Parameters: 0.999997 0.000327781 0.00221868 -0.000338214 0.999987 0.00505726 -0.00221632 -0.00505874 0.999984 0.015306 0.0349648 0.110126
FixedParameters: 0 0 0

#Transform 58
Transform: AffineTransform_float_3_3
Parameters: 0.999979 0.000547586 0.00635514 -0.000634414 0.999905 0.0137613 -0.00634687 -0.0137648 0.999885 0.0626039 0.021043 0.379589
FixedParameters: 0 0 0

#Transform 59
Transform: AffineTransform_float_3_3
Parameters: 0.999983 0.000173881 0.00571352 -0.000243112 0.999927 0.0120988 -0.00571048 -0.0121002 0.999911 0.0531809 0.00398523 0.382408
FixedParameters: 0 0 0

#Transform 60
Transform: AffineTransform_float_3_3
Parameters: 0.999985 0.000116336 0.00536669 -0.000178657 0.999934 0.0114912 -0.0053643 -0.0114918 0.999919 0.0598355 0.0253392 0.34999
FixedParameters: 0 0 0

#Transform 61
Transform: AffineTransform_float_3_3
Parameters: 0.999987 8.34086e-05 0.00513113 -0.000135598 0.999948 0.0102494 -0.00513088 -0.0102506 0.999935 0.0581853 0.0442845 0.298349
FixedParameters: 0 0 0

#Transform 62
Transform: AffineTransform_float_3_3
Parameters: 0.999993 0.000942376 0.00344742 -0.000961624 0.999984 0.00569572 -0.00344158 -0.00569828 0.999978 0.0109517 0.0548431 0.146975
FixedParameters: 0 0 0

#Transform 63
Transform: AffineTransform_float_3_3
Parameters: 0.999995 0.000908991 0.00283484 -0.000927009 0.99998 0.0063574 -0.00282916 -0.0063606 0.999976 0.0180464 0.0142536 0.187949
FixedParameters: 0 0 0

#Transform 64
Transform: AffineTransform_float_3_3
Parameters: 0.999995 0.000991631 0.00297618 -0.00100937 0.999981 0.00617703 -0.00296982 -0.00617997 0.999976 0.00991711 -0.0617547 0.190346
FixedParameters: 0 0 0

#Transform 65
Transform: AffineTransform_float_3_3
Parameters: 0.999996 0.000750649 0.00279943 -0.000767353 0.999982 0.00584387 -0.00279556 -0.00584612 0.999979 0.00636568 -0.00623369 0.172743
FixedParameters: 0 0 0

#Transform 66
Transform: AffineTransform_float_3_3
Parameters: 0.999995 0.000899594 0.00301056 -0.000917406 0.999981 0.00611727 -0.00300544 -0.00612073 0.999977 0.00235052 0.0236374 0.162755
FixedParameters: 0 0 0

#Transform 67
Transform: AffineTransform_float_3_3
Parameters: 0.999995 0.00082623 0.00287076 -0.000845762 0.999976 0.0068916 -0.00286424 -0.0068944 0.999972 0.0148008 -0.0410465 0.176154
FixedParameters: 0 0 0

#Transform 68
Transform: AffineTransform_float_3_3
Parameters: 0.999995 0.000708533 0.00329192 -0.000730468 0.999977 0.00682864 -0.00328709 -0.00683137 0.999972 0.0159433 0.00800106 0.178175
FixedParameters: 0 0 0

#Transform 69
Transform: AffineTransform_float_3_3
Parameters: 0.999995 0.000671211 0.00305042 -0.000690786 0.999978 0.00649092 -0.00304558 -0.00649308 0.999975 0.00593091 0.0258394 0.138419
FixedParameters: 0 0 0

#Transform 70
Transform: AffineTransform_float_3_3
Parameters: 0.999996 0.000894249 0.00292542 -0.000914751 0.999975 0.00710036 -0.00291858 -0.00710264 0.99997 0.0173695 -0.0277516 0.16779
FixedParameters: 0 0 0

#Transform 71
Transform: AffineTransform_float_3_3
Parameters: 0.999996 0.000941197 0.00274188 -0.000960805 0.999974 0.0072304 -0.00273512 -0.00723261 0.99997 0.00360977 -0.0431456 0.194748
FixedParameters: 0 0 0

#Transform 72
Transform: AffineTransform_float_3_3
Parameters: 0.999995 0.00105196 0.00295131 -0.00107504 0.999969 0.00781587 -0.00294269 -0.00781913 0.999965 0.0168072 -0.0127669 0.204425
FixedParameters: 0 0 0

#Transform 73
Transform: AffineTransform_float_3_3
Parameters: 0.999997 0.000786785 0.00231815 -0.000795215 0.999992 0.00397717 -0.00231486 -0.00397883 0.99999 0.0191882 0.0242028 0.00758047
FixedParameters: 0 0 0

#Transform 74
Transform: AffineTransform_float_3_3
Parameters: 0.999995 0.000952693 0.00302547 -0.000950307 1 -0.000560878 -0.00302653 0.00055812 0.999996 -0.0230207 0.0307221 -0.155457
FixedParameters: 0 0 0

#Transform 75
Transform: AffineTransform_float_3_3
Parameters: 0.999996 0.00137544 0.00218561 -0.00137756 0.999999 0.00117199 -0.00218338 -0.00117501 0.999997 -0.0442901 -0.00514487 -0.0277658
FixedParameters: 0 0 0

#Transform 76
Transform: AffineTransform_float_3_3
Parameters: 0.999996 0.00171957 0.00218828 -0.00172543 0.999996 0.00248123 -0.00218372 -0.00248576 0.999994 -0.0731147 0.0198737 0.0368092
FixedParameters: 0 0 0

#Transform 77
Transform: AffineTransform_float_3_3
Parameters: 0.999996 0.00184797 0.0021891 -0.00185403 0.999995 0.00275595 -0.00218389 -0.00276005 0.999994 -0.066071 0.000117363 0.047989
FixedParameters: 0 0 0

#Transform 78
Transform: AffineTransform_float_3_3
Parameters: 0.999994 0.00171469 0.00278337 -0.0017253 0.999991 0.00370422 -0.00277662 -0.00370878 0.99999 -0.0523115 -0.00524949 0.0790176
FixedParameters: 0 0 0

#Transform 79
Transform: AffineTransform_float_3_3
Parameters: 0.999997 0.00161614 0.00211733 -0.00162686 0.999986 0.00513557 -0.00210967 -0.00513943 0.999984 -0.0534598 0.0288381 0.0997937
FixedParameters: 0 0 0

#Transform 80
Transform: AffineTransform_float_3_3
Parameters: 0.999996 0.00128154 0.00278138 -0.00129146 0.999994 0.00340343 -0.00277662 -0.00340758 0.999991 -0.0355427 0.0524487 0.0744869
FixedParameters: 0 0 0

#Transform 81
Transform: AffineTransform_float_3_3
Parameters: 0.999995 0.00133057 0.00278153 -0.00133943 0.999994 0.00339129 -0.00277647 -0.00339471 0.999991 -0.0364968 0.0139967 0.0700088
FixedParameters: 0 0 0

#Transform 82
Transform: AffineTransform_float_3_3
Parameters: 0.999996 0.0012251 0.00278183 -0.00123591 0.999991 0.00392158 -0.00277718 -0.00392442 0.999989 -0.0375414 -0.00832481 0.0769175
FixedParameters: 0 0 0

#Transform 83
Transform: AffineTransform_float_3_3
Parameters: 0.999995 0.0013515 0.00278212 -0.00136149 0.999992 0.00377323 -0.00277688 -0.00377777 0.999989 -0.0351803 0.00962011 0.0693724
FixedParameters: 0 0 0

#Transform 84
Transform: AffineTransform_float_3_3
Parameters: 0.999996 0.00146406 0.00241583 -0.00147194 0.999994 0.00328946 -0.00241117 -0.00329354 0.999991 -0.0387727 0.0287652 0.050605
FixedParameters: 0 0 0

#Transform 85
Transform: AffineTransform_float_3_3
Parameters: 0.999996 0.00153708 0.00243602 -0.00154492 0.999993 0.00325325 -0.00243098 -0.00325675 0.999991 -0.0435042 0.0291782 -0.0149599
FixedParameters: 0 0 0

#Transform 86
Transform: AffineTransform_float_3_3
Parameters: 0.999995 0.00148343 0.00278374 -0.00149657 0.999988 0.00451985 -0.00277726 -0.00452314 0.999986 -0.0430687 0.00269879 0.0506609
FixedParameters: 0 0 0

#Transform 87
Transform: AffineTransform_float_3_3
Parameters: 0.999996 0.0014601 0.00245691 -0.0014699 0.999991 0.0040314 -0.00245109 -0.00403459 0.999989 -0.0425493 -0.00552943 0.0201294
FixedParameters: 0 0 0

#Transform 88
Transform: AffineTransform_float_3_3
Parameters: 0.999996 0.00139854 0.00241193 -0.00140746 0.999993 0.00351062 -0.00240707 -0.00351338 0.999991 -0.0359581 0.0235924 -0.00295022
FixedParameters: 0 0 0

#Transform 89
Transform: AffineTransform_float_3_3
Parameters: 0.999997 0.00131561 0.0023088 -0.00132439 0.999992 0.00363595 -0.0023032 -0.00363904 0.99999 -0.0308992 0.00179455 0.0215941
FixedParameters: 0 0 0

#Transform 90
Transform: AffineTransform_float_3_3
Parameters: 0.999996 0.00162479 0.00205073 -0.00163221 0.999992 0.00352066 -0.00204526 -0.00352333 0.999991 -0.0258072 0.00489496 -0.00258127
FixedParameters: 0 0 0

#Transform 91
Transform: AffineTransform_float_3_3
Parameters: 0.999997 0.00162693 0.00214538 -0.00163407 0.999993 0.00329751 -0.00214062 -0.0033005 0.999993 -0.0348468 -0.019806 0.0143182
FixedParameters: 0 0 0

#Transform 92
Transform: AffineTransform_float_3_3
Parameters: 0.999996 0.00168384 0.00223741 -0.00169116 0.999993 0.00320123 -0.0022316 -0.00320477 0.999993 -0.0514455 0.0289521 0.0205179
FixedParameters: 0 0 0

#Transform 93
Transform: AffineTransform_float_3_3
Parameters: 0.999996 0.00156865 0.00237687 -0.00157635 0.999994 0.00309227 -0.00237213 -0.00309673 0.999993 -0.058053 0.00914929 0.0425787
FixedParameters: 0 0 0

#Transform 94
Transform: AffineTransform_float_3_3
Parameters: 0.999996 0.00150112 0.0024411 -0.00151088 0.99999 0.00405033 -0.0024359 -0.00405467 0.999989 -0.0348134 -0.00474556 0.0936342
FixedParameters: 0 0 0

#Transform 95
Transform: AffineTransform_float_3_3
Parameters: 0.999997 0.00166842 0.00214193 -0.00167658 0.999993 0.00354342 -0.00213607 -0.00354758 0.999992 -0.0432003 -0.00216836 0.0263275
FixedParameters: 0 0 0

#Transform 96
Transform: AffineTransform_float_3_3
Parameters: 0.999996 0.00165303 0.00226956 -0.00166197 0.999991 0.00395724 -0.00226344 -0.00396075 0.999989 -0.049129 0.0370928 0.056824
FixedParameters: 0 0 0

#Transform 97
Transform: AffineTransform_float_3_3
Parameters: 0.999996 0.00153404 0.00239911 -0.00154196 0.999994 0.00331831 -0.00239389 -0.00332169 0.999991 -0.0459905 0.0318134 0.0102285
FixedParameters: 0 0 0

#Transform 98
Transform: AffineTransform_float_3_3
Parameters: 0.999997 0.00142785 0.00228785 -0.00143416 0.999996 0.00269073 -0.00228415 -0.00269427 0.999994 -0.0442632 0.0111423 -0.00463054
FixedParameters: 0 0 0

#Transform 99
Transform: AffineTransform_float_3_3
Parameters: 0.999995 0.00146415 0.00305081 -0.00146985 0.999997 0.00191453 -0.00304819 -0.00191947 0.999993 -0.0476661 -0.0655479 0.0835457
FixedParameters: 0 0 0

#Transform 100
Transform: AffineTransform_float_3_3
Parameters: 0.999997 0.0012333 0.00241138 -0.0012357 0.999998 0.00111702 -0.00240962 -0.00111998 0.999997 -0.0323427 -0.0291752 0.203441
FixedParameters: 0 0 0

#Transform 101
Transform: AffineTransform_float_3_3
Parameters: 0.999998 0.00123176 0.00196866 -0.00123624 0.999997 0.00215257 -0.00196634 -0.00215543 0.999995 -0.0276858 -0.0644904 0.119494
FixedParameters: 0 0 0

#Transform 102
Transform: AffineTransform_float_3_3
Parameters: 0.999997 0.00178392 0.00206467 -0.00178708 0.999998 0.00149232 -0.00206233 -0.00149568 0.999997 -0.0858186 -0.063573 0.0864521
FixedParameters: 0 0 0

#Transform 103
Transform: AffineTransform_float_3_3
Parameters: 0.999999 0.000958952 0.0015143 -0.000961048 0.999998 0.00135255 -0.0015127 -0.00135345 0.999998 -0.00866298 -0.0329511 0.140976
FixedParameters: 0 0 0

#Transform 104
Transform: AffineTransform_float_3_3
Parameters: 0.999997 0.00146988 0.0015799 -0.00147312 0.999997 0.00197268 -0.0015771 -0.00197432 0.999997 -0.0744577 -0.0792641 0.117626
FixedParameters: 0 0 0

#Transform 105
Transform: AffineTransform_float_3_3
Parameters: 0.999998 0.00123273 0.00194708 -0.00123627 0.999998 0.0016816 -0.00194492 -0.0016834 0.999996 -0.0513559 0.0475583 0.0847159
FixedParameters: 0 0 0

#Transform 106
Transform: AffineTransform_float_3_3
Parameters: 0.999998 0.00102763 0.00208615 -0.00103437 0.999995 0.00305485 -0.00208285 -0.00305715 0.999993 -0.0455463 -0.0714943 0.106029
FixedParameters: 0 0 0

#Transform 107
Transform: AffineTransform_float_3_3
Parameters: 0.999997 0.00125839 0.00209758 -0.0012666 0.999992 0.00362935 -0.00209242 -0.00363164 0.999991 -0.0466196 -0.0387961 0.115613
FixedParameters: 0 0 0

#Transform 108
Transform: AffineTransform_float_3_3
Parameters: 0.999998 0.000838136 0.00194753 -0.000843864 0.999995 0.00301136 -0.00194547 -0.00301364 0.999993 -0.0192945 0.0436197 0.105422
FixedParameters: 0 0 0

#Transform 109
Transform: AffineTransform_float_3_3
Parameters: 0.999997 0.000949831 0.00217826 -0.000955168 0.999996 0.00237293 -0.00217574 -0.00237507 0.999995 -0.0227974 -0.0473225 0.0547558
FixedParameters: 0 0 0

#Transform 110
Transform: AffineTransform_float_3_3
Parameters: 0.999997 0.000837124 0.00227754 -0.000843878 0.999995 0.00302009 -0.00227546 -0.00302191 0.999993 -0.0274874 -0.0575425 0.0900358
FixedParameters: 0 0 0

#Transform 111
Transform: AffineTransform_float_3_3
Parameters: 0.999997 0.000837238 0.00238538 -0.00084376 0.999995 0.002835 -0.00238262 -0.002837 0.999993 0.0129883 0.0296646 0.0641997
FixedParameters: 0 0 0

#Transform 112
Transform: AffineTransform_float_3_3
Parameters: 0.999996 0.000836341 0.00251056 -0.000843656 0.999995 0.00305089 -0.00250744 -0.00305311 0.999992 -0.0138957 -0.0174019 0.103901
FixedParameters: 0 0 0

#Transform 113
Transform: AffineTransform_float_3_3
Parameters: 0.999997 0.000663799 0.00254981 -0.000681204 0.999974 0.00714429 -0.0025452 -0.00714572 0.999971 0.00164978 -0.0646856 0.262084
FixedParameters: 0 0 0

#Transform 114
Transform: AffineTransform_float_3_3
Parameters: 0.999997 0.000838524 0.00221009 -0.000844476 0.999996 0.00247814 -0.00220791 -0.00247986 0.999995 -0.0213098 -0.00108117 0.0883095
FixedParameters: 0 0 0

#Transform 115
Transform: AffineTransform_float_3_3
Parameters: 0.999998 0.000837788 0.0021764 -0.000844211 0.999995 0.00285517 -0.0021736 -0.00285683 0.999993 -0.014403 0.00812679 0.078077
FixedParameters: 0 0 0

#Transform 116
Transform: AffineTransform_float_3_3
Parameters: 0.999997 0.000665926 0.00238027 -0.000674074 0.999994 0.00339341 -0.00237773 -0.0033946 0.999992 -0.0116978 -0.0425154 0.0919598
FixedParameters: 0 0 0

#Transform 117
Transform: AffineTransform_float_3_3
Parameters: 0.999997 0.000606528 0.00241414 -0.000614472 0.999993 0.00351053 -0.00241186 -0.00351147 0.999991 -0.0123222 -0.0496792 0.10462
FixedParameters: 0 0 0

#Transform 118
Transform: AffineTransform_float_3_3
Parameters: 0.999997 0.000555197 0.00265286 -0.000563806 0.999995 0.00331952 -0.00265114 -0.00332049 0.999991 -0.0212174 -0.00890038 0.101228
FixedParameters: 0 0 0

#Transform 119
Transform: AffineTransform_float_3_3
Parameters: 0.999996 0.00083687 0.00241248 -0.000844132 0.999996 0.00295597 -0.00241051 -0.00295803 0.999992 -0.0169113 0.0136068 0.095447
FixedParameters: 0 0 0

#Transform 120
Transform: AffineTransform_float_3_3
Parameters: 0.999997 0.000835232 0.00253491 -0.000843769 0.999993 0.00345987 -0.0025321 -0.00346213 0.999991 0.000445752 -0.0140956 0.0905669
FixedParameters: 0 0 0

#Transform 121
Transform: AffineTransform_float_3_3
Parameters: 0.999997 0.000626463 0.00232632 -0.000635538 0.999993 0.00367153 -0.00232368 -0.00367247 0.999991 0.00194027 -0.0525644 0.108846
FixedParameters: 0 0 0

#Transform 122
Transform: AffineTransform_float_3_3
Parameters: 0.999997 0.000666228 0.00242443 -0.000674769 0.999993 0.00361837 -0.00242157 -0.00362062 0.99999 -0.0141573 -0.0344486 0.137719
FixedParameters: 0 0 0

#Transform 123
Transform: AffineTransform_float_3_3
Parameters: 0.999997 0.000836233 0.00224491 -0.000843767 0.999993 0.00346112 -0.00224209 -0.00346289 0.999992 -0.0184041 -0.0193343 0.115662
FixedParameters: 0 0 0

#Transform 124
Transform: AffineTransform_float_3_3
Parameters: 0.999997 0.000833828 0.00259529 -0.000844171 0.999992 0.00392082 -0.00259171 -0.00392318 0.999989 -0.0140743 -0.0441682 0.113146
FixedParameters: 0 0 0

#Transform 125
Transform: AffineTransform_float_3_3
Parameters: 0.999997 0.000687182 0.00254368 -0.000696817 0.999993 0.00386124 -0.00254033 -0.00386276 0.99999 -0.0199272 -0.0652889 0.126573
FixedParameters: 0 0 0

#Transform 126
Transform: AffineTransform_float_3_3
Parameters: 0.999997 0.000836055 0.00223399 -0.000843946 0.999994 0.00355813 -0.00223101 -0.00355988 0.999991 -0.0235978 -0.0073112 0.106856
FixedParameters: 0 0 0

#Transform 127
Transform: AffineTransform_float_3_3
Parameters: 0.999997 0.000488474 0.00265448 -0.000506522 0.999975 0.00698268 -0.00265053 -0.00698432 0.999972 -0.0291697 0.0148323 0.165489
FixedParameters: 0 0 0

#Transform 128
Transform: AffineTransform_float_3_3
Parameters: 0.999996 0.0010806 0.00233132 -0.0010924 0.999988 0.00489547 -0.00232568 -0.00489853 0.999986 -0.0621504 -0.0713005 0.146638
FixedParameters: 0 0 0

#Transform 129
Transform: AffineTransform_float_3_3
Parameters: 0.999997 0.000969475 0.0021544 -0.000976525 0.999994 0.00349491 -0.0021506 -0.00349709 0.999991 -0.0384683 0.00370539 0.118504
FixedParameters: 0 0 0

#Transform 130
Transform: AffineTransform_float_3_3
Parameters: 0.999998 0.00122511 0.00194609 -0.00122989 0.999996 0.00251161 -0.00194292 -0.00251439 0.999995 -0.0498926 0.00934494 0.0880178
FixedParameters: 0 0 0

#Transform 131
Transform: AffineTransform_float_3_3
Parameters: 0.999997 0.00109126 0.00190146 -0.00109974 0.999991 0.00407692 -0.00189653 -0.00407808 0.99999 -0.0548555 -0.0200846 0.159343
FixedParameters: 0 0 0

#Transform 132
Transform: AffineTransform_float_3_3
Parameters: 0.999996 0.00134933 0.00226619 -0.00136267 0.999981 0.00604093 -0.00225781 -0.00604407 0.999979 -0.0723617 -0.0309967 0.208971
FixedParameters: 0 0 0

#Transform 133
Transform: AffineTransform_float_3_3
Parameters: 0.999997 0.00103854 0.00231409 -0.00105146 0.999982 0.00582158 -0.00230792 -0.00582341 0.999981 -0.0548263 -0.0198491 0.213323
FixedParameters: 0 0 0

#Transform 134
Transform: AffineTransform_float_3_3
Parameters: 0.999997 0.00107042 0.00225406 -0.00108058 0.999989 0.00469958 -0.00224895 -0.00470143 0.999987 -0.0572397 0.0166843 0.220185
FixedParameters: 0 0 0

#Transform 135
Transform: AffineTransform_float_3_3
Parameters: 0.999997 0.00124183 0.00219892 -0.00125417 0.999984 0.00554026 -0.00219208 -0.00554374 0.999982 -0.0625305 -0.068949 0.26929
FixedParameters: 0 0 0

#Transform 136
Transform: AffineTransform_float_3_3
Parameters: 0.999997 0.0012993 0.00215488 -0.0013087 0.999989 0.0045082 -0.00214912 -0.00451081 0.999988 -0.078394 -0.0601743 0.208815
FixedParameters: 0 0 0

#Transform 137
Transform: AffineTransform_float_3_3
Parameters: 0.999996 0.00153876 0.00213995 -0.00154724 0.999992 0.0038527 -0.00213405 -0.0038563 0.999991 -0.0889485 -0.00673346 0.180611
FixedParameters: 0 0 0

#Transform 138
Transform: AffineTransform_float_3_3
Parameters: 0.999996 0.00147725 0.00231361 -0.00148675 0.999991 0.00378257 -0.00230839 -0.00378642 0.99999 -0.0826744 -0.0552686 0.179968
FixedParameters: 0 0 0

#Transform 139
Transform: AffineTransform_float_3_3
Parameters: 0.999997 0.00148967 0.00225519 -0.00149833 0.999991 0.00414064 -0.00224881 -0.00414337 0.999989 -0.0786812 -0.0597282 0.206305
FixedParameters: 0 0 0

#Transform 140
Transform: AffineTransform_float_3_3
Parameters: 0.999997 0.00141333 0.00225509 -0.00142267 0.99999 0.00429381 -0.00224891 -0.00429719 0.999988 -0.0853059 -0.0328479 0.233053
FixedParameters: 0 0 0

#Transform 141
Transform: AffineTransform_float_3_3
Parameters: 0.999996 0.00175761 0.00225556 -0.00176639 0.999992 0.00372303 -0.00224943 -0.00372697 0.99999 -0.0875424 -0.00809203 0.171682
FixedParameters: 0 0 0

#Transform 142
Transform: AffineTransform_float_3_3
Parameters: 0.999996 0.0017432 0.0022566 -0.0017538 0.999989 0.00434806 -0.00224939 -0.00435194 0.999988 -0.0974915 -0.0417426 0.209966
FixedParameters: 0 0 0

#Transform 143
Transform: AffineTransform_float_3_3
Parameters: 0.999997 0.00146635 0.00225596 -0.00147765 0.999987 0.00472468 -0.00224904 -0.00472832 0.999987 -0.0843161 -0.0443244 0.213866
FixedParameters: 0 0 0

#Transform 144
Transform: AffineTransform_float_3_3
Parameters: 0.999997 0.00143079 0.00209363 -0.00143921 0.999992 0.003924 -0.00208837 -0.003927 0.99999 -0.0876498 -0.0191451 0.197931
FixedParameters: 0 0 0

#Transform 145
Transform: AffineTransform_float_3_3
Parameters: 0.999997 0.00140698 0.00225403 -0.00141502 0.999992 0.00356082 -0.00224898 -0.00356318 0.999991 -0.0736148 0.00393311 0.170617
FixedParameters: 0 0 0

#Transform 146
Transform: AffineTransform_float_3_3
Parameters: 0.999997 0.00159516 0.00188367 -0.00160283 0.99999 0.004166 -0.00187634 -0.00416901 0.99999 -0.0924703 -0.0652495 0.170842
FixedParameters: 0 0 0

#Transform 147
Transform: AffineTransform_float_3_3
Parameters: 0.999996 0.00160066 0.00225352 -0.00160634 0.999994 0.00281539 -0.00224948 -0.00281961 0.999993 -0.0962897 -0.0422639 0.139942
FixedParameters: 0 0 0

#Transform 148
Transform: AffineTransform_float_3_3
Parameters: 0.999997 0.00154847 0.00225281 -0.00155353 0.999996 0.00245351 -0.00224919 -0.00245749 0.999995 -0.0902138 0.0379465 0.0917796
FixedParameters: 0 0 0

#Transform 149
Transform: AffineTransform_float_3_3
Parameters: 0.999997 0.00146963 0.00225317 -0.00147637 0.999995 0.00282868 -0.00224883 -0.00283131 0.999993 -0.0878781 -0.0267942 0.0977925
FixedParameters: 0 0 0

#Transform 150
Transform: AffineTransform_float_3_3
Parameters: 0.999996 0.00142163 0.00236185 -0.00142837 0.999996 0.00269864 -0.00235815 -0.00270136 0.999993 -0.0952349 -0.0261207 0.0751937
FixedParameters: 0 0 0

#Transform 151
Transform: AffineTransform_float_3_3
Parameters: 0.999996 0.00157833 0.00231656 -0.00158467 0.999994 0.00287934 -0.00231244 -0.00288266 0.999993 -0.0965005 -0.0201457 0.130065
FixedParameters: 0 0 0

#Transform 152
Transform: AffineTransform_float_3_3
Parameters: 0.999996 0.00155676 0.00206995 -0.00156224 0.999995 0.00253277 -0.00206605 -0.00253622 0.999994 -0.0920612 0.0020966 0.114052
FixedParameters: 0 0 0

#Transform 153
Transform: AffineTransform_float_3_3
Parameters: 0.999996 0.00182872 0.00187612 -0.00183628 0.999991 0.00388457 -0.00186888 -0.00388843 0.99999 -0.103022 -0.0122969 0.146653
FixedParameters: 0 0 0

#Transform 154
Transform: AffineTransform_float_3_3
Parameters: 0.999996 0.00169502 0.00204065 -0.00170298 0.999991 0.00391554 -0.00203434 -0.00391946 0.999991 -0.0982086 -0.00911729 0.187602
FixedParameters: 0 0 0

#Transform 155
Transform: AffineTransform_float_3_3
Parameters: 0.999996 0.00200046 0.0022566 -0.00200854 0.999991 0.00378949 -0.0022494 -0.00379352 0.999991 -0.113133 -0.0169595 0.14896
FixedParameters: 0 0 0

#Transform 156
Transform: AffineTransform_float_3_3
Parameters: 0.999995 0.0020006 0.00225647 -0.0020094 0.999991 0.00372448 -0.00224953 -0.00372852 0.99999 -0.115585 0.0144284 0.177053
FixedParameters: 0 0 0

#Transform 157
Transform: AffineTransform_float_3_3
Parameters: 0.999995 0.0020006 0.00225647 -0.0020094 0.999991 0.00372648 -0.00224952 -0.00373052 0.99999 -0.108449 -0.0398575 0.146495
FixedParameters: 0 0 0

#Transform 158
Transform: AffineTransform_float_3_3
Parameters: 0.999996 0.00174277 0.00225383 -0.00174923 0.999994 0.00276507 -0.00224917 -0.00276893 0.999993 -0.109206 -0.0545951 0.108299
FixedParameters: 0 0 0

#Transform 159
Transform: AffineTransform_float_3_3
Parameters: 0.999996 0.00172641 0.00227601 -0.00173259 0.999995 0.00289507 -0.00227199 -0.00289894 0.999993 -0.110853 -0.0420046 0.135496
FixedParameters: 0 0 0

#Transform 160
Transform: AffineTransform_float_3_3
Parameters: 0.999996 0.00200245 0.00231169 -0.00200855 0.999994 0.00283437 -0.00230631 -0.00283863 0.999994 -0.113459 -0.0106433 0.119198
FixedParameters: 0 0 0

#Transform 161
Transform: AffineTransform_float_3_3
Parameters: 0.999995 0.00200292 0.0024909 -0.00200908 0.999995 0.00243901 -0.0024861 -0.00244399 0.999994 -0.112422 -0.0041114 0.104963
FixedParameters: 0 0 0

#Transform 162
Transform: AffineTransform_float_3_3
Parameters: 0.999995 0.00186976 0.00262517 -0.00187724 0.999995 0.00275809 -0.00261983 -0.00276291 0.999993 -0.120949 -0.0537724 0.141154
FixedParameters: 0 0 0

#Transform 163
Transform: AffineTransform_float_3_3
Parameters: 0.999994 0.00200128 0.00256704 -0.00200872 0.999994 0.00300786 -0.00256096 -0.00301314 0.999992 -0.11254 -0.034172 0.106001
FixedParameters: 0 0 0

#Transform 164
Transform: AffineTransform_float_3_3
Parameters: 0.999996 0.00185007 0.00223908 -0.00185493 0.999996 0.00220086 -0.00223492 -0.00220414 0.999995 -0.11573 0.000965473 0.0932714
FixedParameters: 0 0 0

#Transform 165
Transform: AffineTransform_float_3_3
Parameters: 0.999996 0.0019483 0.00233877 -0.0019537 0.999995 0.00243944 -0.00233324 -0.00244356 0.999995 -0.114089 0.00553265 0.100592
FixedParameters: 0 0 0

#Transform 166
Transform: AffineTransform_float_3_3
Parameters: 0.999995 0.00200381 0.00215883 -0.00200919 0.999995 0.00240367 -0.00215417 -0.00240833 0.999995 -0.120099 -0.0190589 0.079563
FixedParameters: 0 0 0

#Transform 167
Transform: AffineTransform_float_3_3
Parameters: 0.999994 0.00192073 0.00271815 -0.00192827 0.999994 0.00267377 -0.00271285 -0.00267922 0.999992 -0.126392 -0.0374593 0.108828
FixedParameters: 0 0 0

#Transform 168
Transform: AffineTransform_float_3_3
Parameters: 0.999995 0.00200272 0.00252998 -0.00200927 0.999995 0.00247993 -0.00252502 -0.00248507 0.999993 -0.149857 -0.0520243 0.142977
FixedParameters: 0 0 0

#Transform 169
Transform: AffineTransform_float_3_3
Parameters: 0.999994 0.00200132 0.0026109 -0.00200868 0.999993 0.00294077 -0.0026051 -0.00294523 0.999993 -0.148858 -0.0106664 0.162359
FixedParameters: 0 0 0

#Transform 170
Transform: AffineTransform_float_3_3
Parameters: 0.999995 0.001997 0.00272185 -0.00200901 0.999988 0.00441556 -0.00271315 -0.00442044 0.999986 -0.13558 -0.0126085 0.189195
FixedParameters: 0 0 0

#Transform 171
Transform: AffineTransform_float_3_3
Parameters: 0.999995 0.00199788 0.0027212 -0.00200912 0.999989 0.00408855 -0.0027138 -0.00409344 0.999988 -0.136664 -0.0440825 0.168802
FixedParameters: 0 0 0

#Transform 172
Transform: AffineTransform_float_3_3
Parameters: 0.999995 0.00199955 0.00271997 -0.00200945 0.999992 0.00347455 -0.00271303 -0.00348045 0.999991 -0.135547 -0.0236814 0.140564
FixedParameters: 0 0 0

#Transform 173
Transform: AffineTransform_float_3_3
Parameters: 0.999995 0.00199851 0.00272074 -0.00200949 0.99999 0.00385755 -0.00271326 -0.00386244 0.999989 -0.136057 -0.0329266 0.181219
FixedParameters: 0 0 0

#Transform 174
Transform: AffineTransform_float_3_3
Parameters: 0.999995 0.00199867 0.00272062 -0.00200934 0.999991 0.00380155 -0.00271338 -0.00380644 0.999989 -0.136599 -0.023364 0.188035
FixedParameters: 0 0 0

#Transform 175
Transform: AffineTransform_float_3_3
Parameters: 0.999994 0.00208603 0.00252361 -0.00209397 0.999993 0.00315973 -0.00251639 -0.00316527 0.999992 -0.133553 -0.0207647 0.161872
FixedParameters: 0 0 0

#Transform 176
Transform: AffineTransform_float_3_3
Parameters: 0.999994 0.00186809 0.00271845 -0.00187591 0.999994 0.00291092 -0.00271354 -0.00291609 0.999992 -0.122314 -0.0247243 0.144987
FixedParameters: 0 0 0

#Transform 177
Transform: AffineTransform_float_3_3
Parameters: 0.999994 0.00186128 0.00271899 -0.00186972 0.999993 0.00320693 -0.00271301 -0.00321207 0.999991 -0.125306 -0.0289837 0.143077
FixedParameters: 0 0 0

#Transform 178
Transform: AffineTransform_float_3_3
Parameters: 0.999995 0.00199741 0.00272155 -0.0020086 0.999989 0.00426356 -0.00271346 -0.00426844 0.999987 -0.116179 -0.02715 0.162523
FixedParameters: 0 0 0

#Transform 179
Transform: AffineTransform_float_3_3
Parameters: 0.999994 0.00200133 0.00258894 -0.00200866 0.999993 0.00296082 -0.00258306 -0.00296619 0.999993 -0.11531 0.0132262 0.147592
FixedParameters: 0 0 0

#Transform 180
Transform: AffineTransform_float_3_3
Parameters: 0.999995 0.00184037 0.00278107 -0.00184763 0.999994 0.00274488 -0.00277594 -0.00275012 0.999993 -0.113949 -0.0360277 0.133687
FixedParameters: 0 0 0

#Transform 181
Transform: AffineTransform_float_3_3
Parameters: 0.999995 0.00182453 0.00252062 -0.00183448 0.999989 0.0041594 -0.00251339 -0.00416361 0.999988 -0.113799 -0.0361136 0.17292
FixedParameters: 0 0 0

#Transform 182
Transform: AffineTransform_float_3_3
Parameters: 0.999995 0.00200209 0.0023519 -0.00200891 0.999993 0.00294129 -0.0023461 -0.00294571 0.999993 -0.122093 -0.0410642 0.121789
FixedParameters: 0 0 0

#Transform 183
Transform: AffineTransform_float_3_3
Parameters: 0.999995 0.00182681 0.00235182 -0.00183319 0.999995 0.0026317 -0.00234718 -0.0026353 0.999994 -0.123385 0.0112945 0.109213
FixedParameters: 0 0 0

#Transform 184
Transform: AffineTransform_float_3_3
Parameters: 0.999995 0.00176335 0.00271798 -0.00177065 0.999995 0.0028162 -0.00271302 -0.0028208 0.999993 -0.128358 -0.0398451 0.10851
FixedParameters: 0 0 0

#Transform 185
Transform: AffineTransform_float_3_3
Parameters: 0.999993 0.00160915 0.00321046 -0.00161985 0.999993 0.00337882 -0.00320554 -0.00338418 0.999989 -0.116733 -0.0109168 0.135326
FixedParameters: 0 0 0

#Transform 186
Transform: AffineTransform_float_3_3
Parameters: 0.999996 0.00111086 0.00266693 -0.00112514 0.999986 0.00530602 -0.00266107 -0.00530898 0.999983 -0.0775853 -0.0495996 0.282529
FixedParameters: 0 0 0

#Transform 187
Transform: AffineTransform_float_3_3
Parameters: 0.999996 0.00183478 0.00210606 -0.00184421 0.999988 0.00438213 -0.00209794 -0.00438587 0.999988 -0.115647 -0.00361435 0.237393
FixedParameters: 0 0 0

#Transform 188
