#Insight Transform File V1.0
#Transform 0
Transform: AffineTransform_float_3_3
Parameters: 1 1.08348e-06 0.000210997 8.3498e-08 0.999987 -0.005135 -0.000211002 0.005135 0.999987 0.00645012 -0.163218 0.0263728
FixedParameters: 0 0 0

#Transform 1
Transform: AffineTransform_float_3_3
Parameters: 0.999999 0.000777638 -0.000443883 -0.000777361 0.999998 0.00143734 0.000445117 -0.00143665 0.999999 0.0507604 0.220329 0.0649913
FixedParameters: 0 0 0

#Transform 2
Transform: AffineTransform_float_3_3
Parameters: 0.999999 0.000678207 -0.000591478 -0.00067679 0.999993 0.0037244 0.000594524 -0.0037236 0.999993 -0.0110311 0.127804 0.103857
FixedParameters: 0 0 0

#Transform 3
Transform: AffineTransform_float_3_3
Parameters: 0.999998 0.000953071 -0.0013288 -0.000949928 0.999997 0.00231027 0.0013312 -0.00230874 0.999997 -0.0429075 0.0531445 0.0576956
FixedParameters: 0 0 0

#Transform 4
Transform: AffineTransform_float_3_3
Parameters: 0.999996 0.0014879 -0.00232287 -0.0014831 0.999996 0.00211145 0.00232513 -0.00210755 0.999995 -0.0733607 0.0862882 0.0696357
FixedParameters: 0 0 0

#Transform 5
Transform: AffineTransform_float_3_3
Parameters: 0.999996 0.00167422 -0.00226869 -0.00166678 0.999994 0.0031808 0.00227431 -0.00317621 0.999993 -0.0774034 0.113879 0.0605842
FixedParameters: 0 0 0

#Transform 6
Transform: AffineTransform_float_3_3
Parameters: 0.999996 0.00174683 -0.00224794 -0.00173917 0.999992 0.00348192 0.00225407 -0.00347808 0.999992 -0.0923276 0.104833 0.0698713
FixedParameters: 0 0 0

#Transform 7
Transform: AffineTransform_float_3_3
Parameters: 0.999997 0.00194128 -0.0014115 -0.00193772 0.999996 0.00232374 0.00141551 -0.00232126 0.999997 -0.0968081 0.0976958 0.0585578
FixedParameters: 0 0 0

#Transform 8
Transform: AffineTransform_float_3_3
Parameters: 0.999998 0.00153136 -0.00140134 -0.00152764 0.999996 0.00239415 0.00140466 -0.00239185 0.999996 -0.0658246 0.13552 0.0946011
FixedParameters: 0 0 0

#Transform 9
Transform: AffineTransform_float_3_3
Parameters: 0.999996 0.00141939 -0.00248353 -0.00140761 0.999988 0.00458151 0.00249047 -0.00457748 0.999987 -0.0761192 0.117177 0.165488
FixedParameters: 0 0 0

#Transform 10
Transform: AffineTransform_float_3_3
Parameters: 0.999996 0.00155569 -0.00229545 -0.00154332 0.999983 0.00551756 0.00230355 -0.00551444 0.999982 -0.0784507 0.1216 0.19549
FixedParameters: 0 0 0

#Transform 11
Transform: AffineTransform_float_3_3
Parameters: 0.999997 0.0019525 -0.00191938 -0.0019425 0.999983 0.00545775 0.00192963 -0.00545326 0.999984 -0.0677063 0.17899 0.183628
FixedParameters: 0 0 0

#Transform 12
Transform: AffineTransform_float_3_3
Parameters: 0.999995 0.00220662 -0.00193334 -0.00219838 0.99999 0.00393327 0.00194166 -0.00392873 0.999991 -0.0865796 0.125779 0.144882
FixedParameters: 0 0 0

#Transform 13
Transform: AffineTransform_float_3_3
Parameters: 0.999995 0.00247833 -0.00217093 -0.00247367 0.999994 0.00245638 0.00217708 -0.00245062 0.999994 -0.126935 0.0809646 0.117136
FixedParameters: 0 0 0

#Transform 14
Transform: AffineTransform_float_3_3
Parameters: 0.999994 0.00269513 -0.00239424 -0.00268987 0.999994 0.00214245 0.00239976 -0.00213655 0.999995 -0.128882 0.122402 0.127885
FixedParameters: 0 0 0

#Transform 15
Transform: AffineTransform_float_3_3
Parameters: 0.999992 0.00253828 -0.00285943 -0.00253272 0.999995 0.00219926 0.00286457 -0.00219175 0.999994 -0.133452 0.119201 0.132598
FixedParameters: 0 0 0

#Transform 16
Transform: AffineTransform_float_3_3
Parameters: 0.999993 0.00267938 -0.00284995 -0.00267362 0.999994 0.00189063 0.00285505 -0.00188336 0.999994 -0.137453 0.0158143 0.123056
FixedParameters: 0 0 0

#Transform 17
Transform: AffineTransform_float_3_3
Parameters: 0.999995 0.0022759 -0.00247341 -0.0022721 0.999996 0.00157963 0.00247758 -0.00157337 0.999995 -0.125947 0.102463 0.0929427
FixedParameters: 0 0 0

#Transform 18
Transform: AffineTransform_float_3_3
Parameters: 0.999994 0.00227499 -0.00256435 -0.00227201 0.999996 0.00116783 0.00256665 -0.00116117 0.999996 -0.113952 0.0898078 0.0960764
FixedParameters: 0 0 0

#Transform 19
Transform: AffineTransform_float_3_3
Parameters: 0.999995 0.00227724 -0.00247219 -0.00227177 0.999995 0.00211763 0.00247681 -0.00211237 0.999994 -0.128215 0.0667572 0.115292
FixedParameters: 0 0 0

#Transform 20
Transform: AffineTransform_float_3_3
Parameters: 0.999993 0.00227502 -0.00273148 -0.00227198 0.999997 0.00110921 0.00273351 -0.00110379 0.999995 -0.131402 0.0953281 0.112
FixedParameters: 0 0 0

#Transform 21
Transform: AffineTransform_float_3_3
Parameters: 0.999994 0.00227534 -0.00239583 -0.00227166 0.999997 0.00139445 0.00239816 -0.00138955 0.999996 -0.126338 0.0542486 0.115447
FixedParameters: 0 0 0

#Transform 22
Transform: AffineTransform_float_3_3
Parameters: 0.999993 0.00227799 -0.00295038 -0.00227201 0.999996 0.00203172 0.00295561 -0.00202528 0.999993 -0.136939 0.146634 0.158956
FixedParameters: 0 0 0

#Transform 23
Transform: AffineTransform_float_3_3
Parameters: 0.999995 0.00248083 -0.00204795 -0.00247517 0.999993 0.00284608 0.00205505 -0.00284092 0.999994 -0.115262 0.104873 0.16379
FixedParameters: 0 0 0

#Transform 24
Transform: AffineTransform_float_3_3
Parameters: 0.999999 0.000996995 -0.00121611 -0.000991006 0.999988 0.00492021 0.00122089 -0.00491879 0.999987 -0.0711841 0.0975509 0.292409
FixedParameters: 0 0 0

#Transform 25
Transform: AffineTransform_float_3_3
Parameters: 0.999997 0.00189319 -0.00143348 -0.00188881 0.999994 0.00292171 0.00143852 -0.00291828 0.999994 -0.107194 0.0962314 0.277709
FixedParameters: 0 0 0

#Transform 26
Transform: AffineTransform_float_3_3
Parameters: 0.999998 0.00160604 -0.00123335 -0.00160396 0.999998 0.00165298 0.00123565 -0.00165102 0.999998 -0.0737369 0.0882741 0.270004
FixedParameters: 0 0 0

#Transform 27
Transform: AffineTransform_float_3_3
Parameters: 0.999997 0.00215092 -0.000936606 -0.00214908 0.999995 0.00204502 0.000941395 -0.00204298 0.999998 -0.0838253 0.112231 0.262752
FixedParameters: 0 0 0

#Transform 28
Transform: AffineTransform_float_3_3
Parameters: 0.999998 0.0015866 -0.0011528 -0.0015854 0.999998 0.00138583 0.0011552 -0.00138417 0.999999 -0.0857832 0.0156006 0.238697
FixedParameters: 0 0 0

#Transform 29
Transform: AffineTransform_float_3_3
Parameters: 0.999997 0.00201924 -0.00142843 -0.00201576 0.999996 0.00226689 0.00143357 -0.00226411 0.999997 -0.0921719 0.101608 0.2242
FixedParameters: 0 0 0

#Transform 30
Transform: AffineTransform_float_3_3
Parameters: 0.999996 0.00244578 -0.00153659 -0.00244222 0.999996 0.00180776 0.00154141 -0.00180424 0.999997 -0.100919 0.0320948 0.24432
FixedParameters: 0 0 0

#Transform 31
Transform: AffineTransform_float_3_3
Parameters: 0.999995 0.0024878 -0.0018499 -0.0024842 0.999995 0.00205461 0.0018551 -0.00204939 0.999996 -0.102823 0.0650217 0.327762
FixedParameters: 0 0 0

#Transform 32
Transform: AffineTransform_float_3_3
Parameters: 0.999997 0.002252 -0.00148896 -0.002248 0.999994 0.00268436 0.00149504 -0.00268064 0.999996 -0.0887931 0.0981236 0.297249
FixedParameters: 0 0 0

#Transform 33
Transform: AffineTransform_float_3_3
Parameters: 0.999996 0.00241973 -0.00141865 -0.00241627 0.999993 0.00262644 0.00142535 -0.00262356 0.999995 -0.102892 0.062163 0.300841
FixedParameters: 0 0 0

#Transform 34
Transform: AffineTransform_float_3_3
Parameters: 0.999995 0.00255212 -0.00176992 -0.00254288 0.999983 0.00513652 0.00178308 -0.00513147 0.999985 -0.145575 0.160523 0.352511
FixedParameters: 0 0 0

#Transform 35
Transform: AffineTransform_float_3_3
Parameters: 0.999991 0.00224122 -0.00375336 -0.00222578 0.999988 0.00432039 0.00376364 -0.00431261 0.999983 -0.176073 0.150088 0.337498
FixedParameters: 0 0 0

#Transform 36
Transform: AffineTransform_float_3_3
Parameters: 0.999991 0.00270606 -0.00310152 -0.00269494 0.999989 0.00388639 0.00311148 -0.00387761 0.999987 -0.160772 0.0972023 0.232712
FixedParameters: 0 0 0

#Transform 37
Transform: AffineTransform_float_3_3
Parameters: 0.999992 0.00294151 -0.00289232 -0.0029275 0.999983 0.00500651 0.00290668 -0.00499849 0.999984 -0.153536 0.176365 0.221459
FixedParameters: 0 0 0

#Transform 38
Transform: AffineTransform_float_3_3
Parameters: 0.999995 0.00204069 -0.00267887 -0.00202231 0.999973 0.00695946 0.00269314 -0.00695454 0.999972 -0.16267 0.252423 0.312489
FixedParameters: 0 0 0

#Transform 39
Transform: AffineTransform_float_3_3
Parameters: 0.999989 0.00228698 -0.00407733 -0.00225702 0.999971 0.00734328 0.00409367 -0.00733372 0.999964 -0.200808 0.100878 0.616072
FixedParameters: 0 0 0

#Transform 40
Transform: AffineTransform_float_3_3
Parameters: 0.999991 0.0025306 -0.00323006 -0.00251339 0.999983 0.00513516 0.00324294 -0.00512683 0.999981 -0.159555 0.252658 0.337088
FixedParameters: 0 0 0

#Transform 41
Transform: AffineTransform_float_3_3
Parameters: 0.999991 0.0026836 -0.00322608 -0.0026674 0.999985 0.00483165 0.00323891 -0.00482235 0.999983 -0.170223 0.154401 0.325611
FixedParameters: 0 0 0

#Transform 42
Transform: AffineTransform_float_3_3
Parameters: 0.999992 0.00264662 -0.00322952 -0.00263538 0.99999 0.00359654 0.00323849 -0.00358846 0.999989 -0.179755 0.157066 0.331479
FixedParameters: 0 0 0

#Transform 43
Transform: AffineTransform_float_3_3
Parameters: 0.999993 0.00256128 -0.00272357 -0.00254772 0.999985 0.00486897 0.00273543 -0.00486103 0.999985 -0.166777 0.169261 0.318302
FixedParameters: 0 0 0

#Transform 44
Transform: AffineTransform_float_3_3
Parameters: 0.999992 0.00274103 -0.00285239 -0.00273097 0.99999 0.00351482 0.00286161 -0.00350718 0.99999 -0.181632 0.11894 0.292589
FixedParameters: 0 0 0

#Transform 45
Transform: AffineTransform_float_3_3
Parameters: 0.999992 0.00233152 -0.00309785 -0.00232248 0.999992 0.00307321 0.00310514 -0.00306578 0.99999 -0.175587 0.156225 0.271122
FixedParameters: 0 0 0

#Transform 46
Transform: AffineTransform_float_3_3
Parameters: 0.999995 0.0019275 -0.00254057 -0.0019195 0.999993 0.0033449 0.00254743 -0.00334011 0.999991 -0.173346 0.140372 0.396319
FixedParameters: 0 0 0

#Transform 47
Transform: AffineTransform_float_3_3
Parameters: 0.999999 0.000714083 -0.00162504 -0.000704918 0.999984 0.00558316 0.00162896 -0.00558185 0.999983 -0.155626 0.107469 0.636647
FixedParameters: 0 0 0

#Transform 48
Transform: AffineTransform_float_3_3
Parameters: 1 0.000707552 0.000972941 -0.000717439 0.999953 0.00974431 -0.000965054 -0.00974569 0.999952 -0.0677733 0.156393 0.69764
FixedParameters: 0 0 0

#Transform 49
Transform: AffineTransform_float_3_3
Parameters: 1 0.000359078 -0.000238905 -0.00035692 0.999962 0.00864408 0.000242094 -0.00864391 0.999962 -0.078032 0.213657 0.561448
FixedParameters: 0 0 0

#Transform 50
Transform: AffineTransform_float_3_3
Parameters: 0.999999 -0.000856154 -9.13081e-05 0.000856842 0.999952 0.00969892 8.26942e-05 -0.00969807 0.999953 -0.094583 0.19902 0.565857
FixedParameters: 0 0 0

#Transform 51
Transform: AffineTransform_float_3_3
Parameters: 0.999999 -0.00135715 0.000266276 0.00135485 0.999968 0.00790836 -0.000276723 -0.00790763 0.999968 -0.0685217 0.138283 0.545026
FixedParameters: 0 0 0

#Transform 52
Transform: AffineTransform_float_3_3
Parameters: 1 0.000585456 -3.86132e-05 -0.000584551 0.999941 0.010913 4.43818e-05 -0.010913 0.999941 -0.118191 0.226805 0.791754
FixedParameters: 0 0 0

#Transform 53
Transform: AffineTransform_float_3_3
Parameters: 1 0.000726844 0.00075395 -0.000735157 0.99994 0.0108754 -0.000746049 -0.0108755 0.99994 -0.0960251 0.262604 0.736889
FixedParameters: 0 0 0

#Transform 54
Transform: AffineTransform_float_3_3
Parameters: 0.999999 0.000798663 0.000531644 -0.000804341 0.999928 0.0120276 -0.000522363 -0.0120274 0.999927 -0.0873259 0.223907 0.707674
FixedParameters: 0 0 0

#Transform 55
Transform: AffineTransform_float_3_3
Parameters: 0.999997 0.000561744 0.00204752 -0.000584249 0.999935 0.0113748 -0.00204049 -0.0113762 0.999933 -0.0273974 0.305274 0.722708
FixedParameters: 0 0 0

#Transform 56
Transform: AffineTransform_float_3_3
Parameters: 0.999998 -0.000116616 0.0015798 9.93819e-05 0.999938 0.0111462 -0.0015812 -0.0111458 0.999936 -0.0326953 0.230328 0.726938
FixedParameters: 0 0 0

#Transform 57
Transform: AffineTransform_float_3_3
Parameters: 0.999999 0.000285386 0.00139329 -0.00030161 0.999937 0.0112186 -0.0013897 -0.0112194 0.999936 -0.0528672 0.238734 0.759307
FixedParameters: 0 0 0

#Transform 58
Transform: AffineTransform_float_3_3
Parameters: 0.999998 0.000555787 0.0019697 -0.000579216 0.99993 0.0118039 -0.0019633 -0.0118051 0.999929 -0.0467247 0.281309 0.7472
FixedParameters: 0 0 0

#Transform 59
Transform: AffineTransform_float_3_3
Parameters: 0.999998 0.000775698 0.00149152 -0.000790305 0.999953 0.00961183 -0.00148447 -0.00961316 0.999952 -0.0579938 0.228887 0.673583
FixedParameters: 0 0 0

#Transform 60
Transform: AffineTransform_float_3_3
Parameters: 0.999998 0.000468002 0.0015493 -0.000482003 0.999959 0.00904626 -0.0015457 -0.00904773 0.999958 -0.0303882 0.263596 0.675061
FixedParameters: 0 0 0

#Transform 61
Transform: AffineTransform_float_3_3
Parameters: 0.999998 7.23017e-05 0.00223681 -9.36902e-05 0.999953 0.00970182 -0.0022352 -0.00970219 0.999951 0.00798346 0.22951 0.666062
FixedParameters: 0 0 0

#Transform 62
Transform: AffineTransform_float_3_3
Parameters: 0.999999 0.000345504 0.00174655 -0.000363491 0.999949 0.0100274 -0.00174244 -0.0100276 0.999948 -0.0236559 0.230045 0.66642
FixedParameters: 0 0 0

#Transform 63
Transform: AffineTransform_float_3_3
Parameters: 0.999999 0.000345805 0.00168163 -0.000363199 0.999948 0.0102354 -0.00167837 -0.0102366 0.999946 -0.0202571 0.26566 0.655998
FixedParameters: 0 0 0

#Transform 64
Transform: AffineTransform_float_3_3
Parameters: 0.999997 0.000341323 0.00212559 -0.000362681 0.999948 0.0102062 -0.00212241 -0.0102067 0.999945 -0.00861754 0.234068 0.58445
FixedParameters: 0 0 0

#Transform 65
Transform: AffineTransform_float_3_3
Parameters: 0.999997 0.00131874 0.00217556 -0.00133627 0.999967 0.00795311 -0.00216544 -0.00795588 0.999966 0.00688176 0.300501 0.364955
FixedParameters: 0 0 0

#Transform 66
Transform: AffineTransform_float_3_3
Parameters: 0.999999 0.000869478 0.00131733 -0.000879527 0.999974 0.00724485 -0.00131166 -0.00724615 0.999973 0.00565448 0.252696 0.331413
FixedParameters: 0 0 0

#Transform 67
Transform: AffineTransform_float_3_3
Parameters: 0.999999 0.00139479 0.000694561 -0.00140021 0.99997 0.00755703 -0.000684437 -0.00755796 0.999971 -0.0104407 0.172174 0.255932
FixedParameters: 0 0 0

#Transform 68
Transform: AffineTransform_float_3_3
Parameters: 0.999994 0.00341384 0.000559228 -0.00340014 0.999727 -0.023119 -0.000638775 0.0231169 0.999732 -0.0356016 -0.712285 -0.415829
FixedParameters: 0 0 0

#Transform 69
Transform: AffineTransform_float_3_3
Parameters: 0.999978 0.00317507 0.00582154 -0.00249699 0.993593 -0.112991 -0.00614245 0.112974 0.993579 0.124982 -3.79187 -1.73343
FixedParameters: 0 0 0

#Transform 70
Transform: AffineTransform_float_3_3
Parameters: 0.999993 0.000907327 0.00363064 -0.000679647 0.998067 -0.0621329 -0.00368034 0.0621291 0.998062 -0.0208497 -1.46433 -0.692693
FixedParameters: 0 0 0

#Transform 71
Transform: AffineTransform_float_3_3
Parameters: 0.999996 0.000628448 0.00275273 -0.000458538 0.998129 -0.0611295 -0.00278624 0.0611285 0.998126 -0.0340697 -1.50895 -0.689153
FixedParameters: 0 0 0

#Transform 72
Transform: AffineTransform_float_3_3
Parameters: 0.999996 0.00279486 0.000503506 -0.00275518 0.997765 -0.0667727 -0.000688506 0.0667714 0.997768 -0.127884 -1.86418 -0.803195
FixedParameters: 0 0 0

#Transform 73
Transform: AffineTransform_float_3_3
Parameters: 0.999983 0.00489819 -0.00298875 -0.00509083 0.99765 -0.0683359 0.00264726 0.0683501 0.997658 -0.231186 -1.83173 -0.747299
FixedParameters: 0 0 0

#Transform 74
Transform: AffineTransform_float_3_3
Parameters: 0.999999 0.00172633 -0.000582421 -0.00175964 0.997958 -0.0638531 0.000470601 0.0638539 0.997959 -0.125421 -1.47449 -0.792221
FixedParameters: 0 0 0

#Transform 75
Transform: AffineTransform_float_3_3
Parameters: 0.999996 0.00249351 -0.00081693 -0.00253749 0.998199 -0.0599391 0.0006661 0.0599408 0.998201 -0.225158 -1.53933 -0.73004
FixedParameters: 0 0 0

#Transform 76
Transform: AffineTransform_float_3_3
Parameters: 0.999999 0.00120157 -0.000691536 -0.00123945 0.998284 -0.0585472 0.000620497 0.0585488 0.998285 -0.167867 -1.54852 -0.659686
FixedParameters: 0 0 0

#Transform 77
Transform: AffineTransform_float_3_3
Parameters: 0.999998 0.00142395 -0.000943304 -0.00147404 0.998465 -0.0553787 0.000862692 0.0553803 0.998465 -0.17839 -1.38162 -0.580453
FixedParameters: 0 0 0

#Transform 78
Transform: AffineTransform_float_3_3
Parameters: 0.999999 0.00137365 -0.000450856 -0.00139635 0.998539 -0.0540144 0.000376125 0.0540156 0.99854 -0.177243 -1.35039 -0.623705
FixedParameters: 0 0 0

#Transform 79
Transform: AffineTransform_float_3_3
Parameters: 0.999998 0.00143566 -0.00073234 -0.00147337 0.998549 -0.053827 0.000654641 0.053828 0.99855 -0.156922 -1.29858 -0.573816
FixedParameters: 0 0 0

#Transform 80
Transform: AffineTransform_float_3_3
Parameters: 1 0.000503342 0.00101496 -0.000446657 0.998499 -0.0547675 -0.00104102 0.0547665 0.998498 -0.0989605 -1.33476 -0.666899
FixedParameters: 0 0 0

#Transform 81
Transform: AffineTransform_float_3_3
Parameters: 0.999999 0.000783501 0.000526207 -0.000753452 0.998449 -0.0556584 -0.000569818 0.0556575 0.998449 -0.104115 -1.42179 -0.630301
FixedParameters: 0 0 0

#Transform 82
Transform: AffineTransform_float_3_3
Parameters: 0.999999 0.000831368 0.000148818 -0.000822621 0.998507 -0.0546142 -0.000194217 0.0546149 0.998508 -0.129664 -1.31334 -0.594234
FixedParameters: 0 0 0

#Transform 83
Transform: AffineTransform_float_3_3
Parameters: 0.999999 0.0013788 0.000106321 -0.00137116 0.998525 -0.0542762 -0.000181689 0.0542758 0.998526 -0.133531 -1.30088 -0.583261
FixedParameters: 0 0 0

#Transform 84
Transform: AffineTransform_float_3_3
Parameters: 0.999998 0.00159109 0.000259581 -0.00157488 0.998578 -0.0532895 -0.000344413 0.0532885 0.998579 -0.143922 -1.32907 -0.551257
FixedParameters: 0 0 0

#Transform 85
Transform: AffineTransform_float_3_3
Parameters: 0.999999 0.0015182 -0.000168668 -0.00152482 0.998594 -0.0529778 8.83434e-05 0.0529772 0.998595 -0.144997 -1.24407 -0.601385
FixedParameters: 0 0 0

#Transform 86
Transform: AffineTransform_float_3_3
Parameters: 0.999998 0.00160222 0.000644555 -0.00156675 0.998679 -0.0513641 -0.000726432 0.0513629 0.99868 -0.120869 -1.24818 -0.539657
FixedParameters: 0 0 0

#Transform 87
Transform: AffineTransform_float_3_3
Parameters: 1 0.00118333 0.000233441 -0.00117164 0.998886 -0.0471713 -0.00028959 0.0471707 0.998887 -0.167722 -1.17213 -0.443199
FixedParameters: 0 0 0

#Transform 88
Transform: AffineTransform_float_3_3
Parameters: 1 0.000860349 0.000776514 -0.000822627 0.998842 -0.0481037 -0.000817517 0.0481023 0.998842 -0.140654 -1.10844 -0.491261
FixedParameters: 0 0 0

#Transform 89
Transform: AffineTransform_float_3_3
Parameters: 0.999999 0.00166964 0.000712642 -0.00163335 0.998816 -0.0486353 -0.000793376 0.0486338 0.998817 -0.146271 -1.1928 -0.486135
FixedParameters: 0 0 0

#Transform 90
Transform: AffineTransform_float_3_3
Parameters: 0.999999 0.0013361 0.000550181 -0.00130791 0.998834 -0.0482447 -0.000613813 0.0482432 0.998835 -0.14947 -1.1523 -0.467655
FixedParameters: 0 0 0

#Transform 91
Transform: AffineTransform_float_3_3
Parameters: 0.999999 0.00109791 0.000892548 -0.00105312 0.998856 -0.047793 -0.000943409 0.047792 0.998857 -0.128217 -1.11836 -0.493297
FixedParameters: 0 0 0

#Transform 92
Transform: AffineTransform_float_3_3
Parameters: 0.999999 0.0012872 0.000468615 -0.00126378 0.998916 -0.0465296 -0.000528376 0.0465294 0.998917 -0.132776 -1.11647 -0.428082
FixedParameters: 0 0 0

#Transform 93
Transform: AffineTransform_float_3_3
Parameters: 0.999998 0.000892535 0.00145193 -0.000822462 0.998853 -0.0478753 -0.00149309 0.0478747 0.998852 -0.108874 -1.19682 -0.420075
FixedParameters: 0 0 0

#Transform 94
Transform: AffineTransform_float_3_3
Parameters: 0.999999 0.000892478 0.00152386 -0.000822515 0.998957 -0.0456403 -0.00156317 0.0456386 0.998957 -0.0872371 -1.13426 -0.423
FixedParameters: 0 0 0

#Transform 95
Transform: AffineTransform_float_3_3
Parameters: 0.999997 0.00153277 0.00194345 -0.00144325 0.998968 -0.0453809 -0.00201056 0.045378 0.998968 -0.0788059 -1.16883 -0.367845
FixedParameters: 0 0 0

#Transform 96
Transform: AffineTransform_float_3_3
Parameters: 0.999995 0.00152699 0.00270669 -0.001379 0.998547 -0.053857 -0.00278531 0.053853 0.998545 -0.102441 -1.33578 -0.514437
FixedParameters: 0 0 0

#Transform 97
Transform: AffineTransform_float_3_3
Parameters: 0.999995 0.00198365 0.00237288 -0.00185234 0.998525 -0.0542527 -0.00247714 0.0542473 0.998525 -0.0889343 -1.29103 -0.548046
FixedParameters: 0 0 0

#Transform 98
Transform: AffineTransform_float_3_3
Parameters: 0.999993 0.00194104 0.00299632 -0.00177598 0.998532 -0.0541337 -0.00309668 0.0541284 0.998529 -0.0876777 -1.28506 -0.549068
FixedParameters: 0 0 0

#Transform 99
Transform: AffineTransform_float_3_3
Parameters: 0.999997 0.000678366 0.00245647 -0.000564611 0.998947 -0.0458595 -0.00248551 0.0458584 0.998945 -0.0686105 -1.12587 -0.250749
FixedParameters: 0 0 0

#Transform 100
Transform: AffineTransform_float_3_3
Parameters: 0.999995 0.0013821 0.00283599 -0.0012639 0.999134 -0.0415758 -0.00289104 0.0415712 0.999132 -0.105437 -1.00271 -0.307533
FixedParameters: 0 0 0

#Transform 101
Transform: AffineTransform_float_3_3
Parameters: 0.999997 0.00115839 0.00211852 -0.00106959 0.999129 -0.0417204 -0.00216551 0.0417176 0.999127 -0.135211 -0.947209 -0.322183
FixedParameters: 0 0 0

#Transform 102
Transform: AffineTransform_float_3_3
Parameters: 0.999997 0.00118763 0.00215651 -0.00109639 0.999135 -0.0415545 -0.00220346 0.0415515 0.999134 -0.118693 -0.943565 -0.300908
FixedParameters: 0 0 0

#Transform 103
Transform: AffineTransform_float_3_3
Parameters: 0.99999 -0.00097687 0.00451164 0.00112014 0.999485 -0.0320553 -0.00447839 0.0320597 0.999476 -0.0272929 -0.785696 -0.0669695
FixedParameters: 0 0 0

#Transform 104
Transform: AffineTransform_float_3_3
Parameters: 0.999987 -0.00191039 0.00476774 0.00197061 0.999917 -0.0127408 -0.00474327 0.0127502 0.999908 -0.0678386 -0.0982979 0.402809
FixedParameters: 0 0 0

#Transform 105
Transform: AffineTransform_float_3_3
Parameters: 0.999966 -0.00152397 -0.00810362 0.00169304 0.999781 0.020893 0.00807038 -0.020906 0.999749 -0.34921 0.24447 1.69447
FixedParameters: 0 0 0

#Transform 106
Transform: AffineTransform_float_3_3
Parameters: 0.9999 0.000254773 -0.0141497 0.000292779 0.999251 0.0386967 0.0141493 -0.0386973 0.999151 -0.555458 0.503508 2.11587
FixedParameters: 0 0 0

#Transform 107
Transform: AffineTransform_float_3_3
Parameters: 0.999956 0.00310224 -0.00878147 -0.00298775 0.999911 0.0129928 0.00882152 -0.0129662 0.999877 -0.55416 0.100801 1.28813
FixedParameters: 0 0 0

#Transform 108
Transform: AffineTransform_float_3_3
Parameters: 0.999983 0.00239897 -0.00542955 -0.00236604 0.999979 0.00606995 0.00544345 -0.00605705 0.999967 -0.416615 0.147678 1.13772
FixedParameters: 0 0 0

#Transform 109
Transform: AffineTransform_float_3_3
Parameters: 0.999991 0.00105872 -0.00410101 -0.00105028 0.999997 0.00188432 0.00410298 -0.00187967 0.99999 -0.350882 0.0811175 1.00831
FixedParameters: 0 0 0

#Transform 110
Transform: AffineTransform_float_3_3
Parameters: 0.999985 0.00230065 -0.00493552 -0.00229135 0.999996 0.00195934 0.00494049 -0.00194766 0.999986 -0.439976 -0.0240553 0.978936
FixedParameters: 0 0 0

#Transform 111
Transform: AffineTransform_float_3_3
Parameters: 0.999989 0.0027036 -0.00363841 -0.00269139 0.999992 0.00319083 0.00364759 -0.00318017 0.999989 -0.376759 0.013387 0.965576
FixedParameters: 0 0 0

#Transform 112
Transform: AffineTransform_float_3_3
Parameters: 0.999977 0.00192148 -0.00641898 -0.00190751 0.999996 0.00210629 0.00642302 -0.00209371 0.999977 -0.423091 0.0351801 0.891833
FixedParameters: 0 0 0

#Transform 113
Transform: AffineTransform_float_3_3
Parameters: 0.999971 0.00182433 -0.0073037 -0.00180667 0.999995 0.00237826 0.00730731 -0.00236574 0.999971 -0.453161 0.0862469 0.891382
FixedParameters: 0 0 0

#Transform 114
Transform: AffineTransform_float_3_3
Parameters: 0.999961 0.00250948 -0.00838059 -0.00248851 0.999993 0.00257295 0.0083874 -0.00255205 0.999961 -0.492885 0.00149145 0.9087
FixedParameters: 0 0 0

#Transform 115
Transform: AffineTransform_float_3_3
Parameters: 0.999961 0.00315005 -0.00818693 -0.00312894 0.999992 0.00258372 0.00819507 -0.00255728 0.999963 -0.509859 0.0846632 0.931455
FixedParameters: 0 0 0

#Transform 116
Transform: AffineTransform_float_3_3
Parameters: 0.999952 0.00374432 -0.00898774 -0.00372268 0.99999 0.00249858 0.00899627 -0.00246543 0.999957 -0.55028 0.079204 0.910892
FixedParameters: 0 0 0

#Transform 117
Transform: AffineTransform_float_3_3
Parameters: 0.999944 0.00406383 -0.00971439 -0.00404817 0.999991 0.00164842 0.00972161 -0.00160958 0.999952 -0.578555 0.012643 0.92527
FixedParameters: 0 0 0

#Transform 118
Transform: AffineTransform_float_3_3
Parameters: 0.999959 0.00366416 -0.00819713 -0.00365084 0.999992 0.00161999 0.00820287 -0.00159001 0.999965 -0.535148 0.0448414 0.857274
FixedParameters: 0 0 0

#Transform 119
Transform: AffineTransform_float_3_3
Parameters: 0.999954 0.00370081 -0.00877874 -0.00367418 0.999988 0.00306839 0.00879025 -0.0030356 0.999957 -0.547611 0.014722 0.895723
FixedParameters: 0 0 0

#Transform 120
Transform: AffineTransform_float_3_3
Parameters: 0.999956 0.00337468 -0.00883652 -0.00335432 0.999992 0.00224074 0.0088435 -0.00221126 0.999959 -0.540834 0.0857449 0.877718
FixedParameters: 0 0 0

#Transform 121
Transform: AffineTransform_float_3_3
Parameters: 0.999951 0.00399956 -0.00913433 -0.00398244 0.99999 0.00193947 0.00914267 -0.00190353 0.999956 -0.567496 0.0135888 0.876494
FixedParameters: 0 0 0

#Transform 122
Transform: AffineTransform_float_3_3
Parameters: 0.999942 0.00373213 -0.0101689 -0.00369887 0.999988 0.0032748 0.0101811 -0.00323719 0.999943 -0.60187 0.0790415 0.868395
FixedParameters: 0 0 0

#Transform 123
Transform: AffineTransform_float_3_3
Parameters: 0.999954 0.00257324 -0.00924702 -0.00254777 0.999993 0.00273969 0.00925399 -0.00271631 0.999954 -0.559075 0.0882825 0.802581
FixedParameters: 0 0 0

#Transform 124
Transform: AffineTransform_float_3_3
Parameters: 0.999957 0.00252823 -0.00893858 -0.00250876 0.999994 0.00216252 0.00894441 -0.00213948 0.999957 -0.556119 0.059059 0.774794
FixedParameters: 0 0 0

#Transform 125
Transform: AffineTransform_float_3_3
Parameters: 0.99996 0.00301037 -0.00850417 -0.00299063 0.999993 0.00228953 0.00851184 -0.00226447 0.999961 -0.54682 0.133852 0.772
FixedParameters: 0 0 0

#Transform 126
Transform: AffineTransform_float_3_3
Parameters: 0.999955 0.00363125 -0.00874517 -0.00362276 0.999993 0.00107273 0.00874884 -0.00104128 0.999961 -0.561844 0.0567012 0.763284
FixedParameters: 0 0 0

#Transform 127
Transform: AffineTransform_float_3_3
Parameters: 0.999958 0.00368458 -0.00846223 -0.00366942 0.999991 0.00185613 0.00846877 -0.00182487 0.999962 -0.565048 0.0869949 0.831795
FixedParameters: 0 0 0

#Transform 128
Transform: AffineTransform_float_3_3
Parameters: 0.999966 0.00319904 -0.0075972 -0.00318996 0.999994 0.00120128 0.0076018 -0.00117672 0.999971 -0.533725 0.0761994 0.746974
FixedParameters: 0 0 0

#Transform 129
Transform: AffineTransform_float_3_3
Parameters: 0.99996 0.00354029 -0.00814253 -0.00353071 0.999993 0.0012778 0.00814746 -0.0012492 0.999966 -0.552606 0.0771338 0.744158
FixedParameters: 0 0 0

#Transform 130
Transform: AffineTransform_float_3_3
Parameters: 0.999954 0.00323122 -0.00894916 -0.00321478 0.999993 0.00182585 0.00895484 -0.00179715 0.999959 -0.576887 0.091654 0.80646
FixedParameters: 0 0 0

#Transform 131
Transform: AffineTransform_float_3_3
Parameters: 0.999957 0.00341499 -0.00861689 -0.003397 0.999992 0.00210236 0.00862411 -0.00207264 0.99996 -0.567567 0.0783248 0.838733
FixedParameters: 0 0 0

#Transform 132
Transform: AffineTransform_float_3_3
Parameters: 0.999958 0.00360187 -0.00844692 -0.00359612 0.999994 0.000592401 0.00844908 -0.000561591 0.999964 -0.589189 0.0436466 0.827551
FixedParameters: 0 0 0

#Transform 133
Transform: AffineTransform_float_3_3
Parameters: 0.999963 0.00321473 -0.00800611 -0.00321527 0.999995 -2.1259e-05 0.00800589 4.67385e-05 0.999968 -0.547126 -0.00614032 0.763681
FixedParameters: 0 0 0

#Transform 134
Transform: AffineTransform_float_3_3
Parameters: 0.999962 0.00321788 -0.00815887 -0.00321512 0.999995 0.000366246 0.00816014 -0.000339755 0.999966 -0.562474 0.0476122 0.812288
FixedParameters: 0 0 0

#Transform 135
Transform: AffineTransform_float_3_3
Parameters: 0.999964 0.00338899 -0.00777478 -0.00337701 0.999993 0.00155531 0.00778021 -0.00152869 0.999968 -0.536249 0.00529622 0.832651
FixedParameters: 0 0 0

#Transform 136
Transform: AffineTransform_float_3_3
Parameters: 0.999968 0.00314479 -0.00737368 -0.00313721 0.999995 0.00106817 0.00737732 -0.00104483 0.999972 -0.532464 0.0125406 0.788581
FixedParameters: 0 0 0

#Transform 137
Transform: AffineTransform_float_3_3
Parameters: 0.99997 0.0032866 -0.00711444 -0.0032684 0.999991 0.00262433 0.00712357 -0.00260067 0.999971 -0.527878 0.0919369 0.845338
FixedParameters: 0 0 0

#Transform 138
Transform: AffineTransform_float_3_3
Parameters: 0.99997 0.00342278 -0.00695769 -0.00341422 0.999994 0.00127279 0.00696231 -0.00124921 0.999975 -0.542142 0.077208 0.834264
FixedParameters: 0 0 0

#Transform 139
Transform: AffineTransform_float_3_3
Parameters: 0.999967 0.00408096 -0.00701912 -0.00407604 0.999992 0.000721634 0.00702188 -0.000692367 0.999975 -0.556776 0.0367028 0.892549
FixedParameters: 0 0 0

#Transform 140
Transform: AffineTransform_float_3_3
Parameters: 0.999966 0.00341638 -0.00748655 -0.00341063 0.999994 0.000730558 0.00748845 -0.00070544 0.999971 -0.557552 0.0292058 0.878676
FixedParameters: 0 0 0

#Transform 141
Transform: AffineTransform_float_3_3
Parameters: 0.999988 0.00261973 -0.00431109 -0.00260527 0.999991 0.00341827 0.00431992 -0.00340673 0.999985 -0.437464 0.0456283 0.842709
FixedParameters: 0 0 0

#Transform 142
Transform: AffineTransform_float_3_3
Parameters: 0.999994 0.000944892 -0.00350742 -0.000939109 0.999998 0.00168131 0.00350858 -0.0016777 0.999993 -0.387236 -0.0572177 0.844905
FixedParameters: 0 0 0

#Transform 143
Transform: AffineTransform_float_3_3
Parameters: 0.999993 0.00186088 -0.00339224 -0.00185412 0.999996 0.00203131 0.00339577 -0.0020247 0.999992 -0.41251 0.0133715 0.870032
FixedParameters: 0 0 0

#Transform 144
Transform: AffineTransform_float_3_3
Parameters: 0.999993 0.00205255 -0.00311905 -0.00204545 0.999995 0.0024204 0.00312396 -0.00241461 0.999992 -0.401774 0.0659521 0.837425
FixedParameters: 0 0 0

#Transform 145
Transform: AffineTransform_float_3_3
Parameters: 0.999994 0.00186314 -0.00310813 -0.00185486 0.999995 0.00262078 0.00311287 -0.00261522 0.999991 -0.398978 0.0801746 0.820711
FixedParameters: 0 0 0

#Transform 146
Transform: AffineTransform_float_3_3
Parameters: 0.999994 0.00223014 -0.00269493 -0.00222386 0.999995 0.00227801 0.00269907 -0.00227199 0.999994 -0.411758 0.0553118 0.850782
FixedParameters: 0 0 0

#Transform 147
Transform: AffineTransform_float_3_3
Parameters: 0.999993 0.0020978 -0.00331634 -0.0020922 0.999997 0.00174995 0.00332066 -0.00174305 0.999993 -0.412105 0.0906814 0.854892
FixedParameters: 0 0 0

#Transform 148
Transform: AffineTransform_float_3_3
Parameters: 0.999993 0.0023862 -0.00294599 -0.0023798 0.999995 0.00210603 0.00295101 -0.00209897 0.999994 -0.408756 0.0480969 0.845414
FixedParameters: 0 0 0

#Transform 149
Transform: AffineTransform_float_3_3
Parameters: 0.999993 0.00239928 -0.0028397 -0.00239372 0.999994 0.00221381 0.0028443 -0.00220719 0.999993 -0.420135 0.0559507 0.86428
FixedParameters: 0 0 0

#Transform 150
Transform: AffineTransform_float_3_3
Parameters: 0.999993 0.00240032 -0.00305527 -0.00239269 0.999995 0.00239533 0.00306073 -0.00238867 0.999992 -0.402223 0.0916033 0.850173
FixedParameters: 0 0 0

#Transform 151
Transform: AffineTransform_float_3_3
Parameters: 0.999992 0.00247437 -0.00309052 -0.00246464 0.999993 0.00303064 0.00309747 -0.00302236 0.99999 -0.420852 0.0542339 0.858138
FixedParameters: 0 0 0

#Transform 152
Transform: AffineTransform_float_3_3
Parameters: 0.999992 0.00251697 -0.0031298 -0.00250802 0.999992 0.00286787 0.0031372 -0.00286013 0.999991 -0.422563 0.111542 0.844883
FixedParameters: 0 0 0

#Transform 153
Transform: AffineTransform_float_3_3
Parameters: 0.999991 0.00282816 -0.00294824 -0.00281983 0.999991 0.00310734 0.00295777 -0.00309966 0.999991 -0.413431 0.0877208 0.863124
FixedParameters: 0 0 0

#Transform 154
Transform: AffineTransform_float_3_3
Parameters: 0.999993 0.00261897 -0.00289601 -0.00260903 0.99999 0.00344258 0.00290499 -0.00343442 0.99999 -0.416253 0.0873039 0.889471
FixedParameters: 0 0 0

#Transform 155
Transform: AffineTransform_float_3_3
Parameters: 0.999995 0.00223116 -0.00226397 -0.00222384 0.999992 0.00316005 0.00227103 -0.00315495 0.999993 -0.376461 0.0981009 0.943091
FixedParameters: 0 0 0

#Transform 156
Transform: AffineTransform_float_3_3
Parameters: 0.999994 0.00238145 -0.00224006 -0.00237255 0.99999 0.00376534 0.00224894 -0.00376067 0.999991 -0.370596 0.168032 0.822339
FixedParameters: 0 0 0

#Transform 157
Transform: AffineTransform_float_3_3
Parameters: 0.999994 0.00272638 -0.00222577 -0.00271762 0.999989 0.00376107 0.00223623 -0.00375493 0.999991 -0.345124 0.091465 0.799665
FixedParameters: 0 0 0

#Transform 158
Transform: AffineTransform_float_3_3
Parameters: 0.999995 0.00214476 -0.00232102 -0.00213424 0.999989 0.00419998 0.00232998 -0.00419503 0.999989 -0.346228 0.147209 0.861658
FixedParameters: 0 0 0

#Transform 159
Transform: AffineTransform_float_3_3
Parameters: 0.999996 0.00228618 -0.00198031 -0.00227582 0.999985 0.00512853 0.00199169 -0.00512447 0.999985 -0.339041 0.137741 0.92416
FixedParameters: 0 0 0

#Transform 160
Transform: AffineTransform_float_3_3
Parameters: 0.999994 0.00273251 -0.00213837 -0.00272049 0.999982 0.00536885 0.00215263 -0.00536315 0.999984 -0.363382 0.132072 0.933323
FixedParameters: 0 0 0

#Transform 161
Transform: AffineTransform_float_3_3
Parameters: 0.999995 0.00245214 -0.00234235 -0.00243986 0.999983 0.00517374 0.00235465 -0.00516725 0.999984 -0.350788 0.193846 0.901973
FixedParameters: 0 0 0

#Transform 162
Transform: AffineTransform_float_3_3
Parameters: 0.999996 0.00219664 -0.00175774 -0.00218936 0.99999 0.00376886 0.00176526 -0.00376514 0.999992 -0.336282 0.105907 0.831727
FixedParameters: 0 0 0

#Transform 163
Transform: AffineTransform_float_3_3
Parameters: 0.999998 0.00189799 -0.00134357 -0.00189201 0.999989 0.00444856 0.00135243 -0.00444545 0.999989 -0.321463 0.156045 0.869368
FixedParameters: 0 0 0

#Transform 164
Transform: AffineTransform_float_3_3
Parameters: 0.999993 0.00292887 -0.00260002 -0.00291114 0.999973 0.00684762 0.00261999 -0.00684038 0.999973 -0.343707 0.168569 0.891131
FixedParameters: 0 0 0

#Transform 165
Transform: AffineTransform_float_3_3
Parameters: 0.999993 0.00265214 -0.00254932 -0.00263587 0.999976 0.00631176 0.00256568 -0.00630523 0.999977 -0.337642 0.29436 0.755692
FixedParameters: 0 0 0

#Transform 166
Transform: AffineTransform_float_3_3
Parameters: 0.999994 0.00199523 -0.00274714 -0.00197577 0.999973 0.00698446 0.00276086 -0.00697953 0.999972 -0.332379 0.266122 0.775294
FixedParameters: 0 0 0

#Transform 167
Transform: AffineTransform_float_3_3
Parameters: 0.999997 0.00199025 -0.00180642 -0.00197574 0.999967 0.0078586 0.00182258 -0.00785441 0.999968 -0.307655 0.285149 0.751358
FixedParameters: 0 0 0

#Transform 168
Transform: AffineTransform_float_3_3
Parameters: 0.999999 0.0012199 -0.000574084 -0.0012191 0.999998 0.0015717 0.000575917 -0.0015713 0.999998 -0.224384 0.00578304 0.568813
FixedParameters: 0 0 0

#Transform 169
Transform: AffineTransform_float_3_3
Parameters: 0.999998 0.00112955 -0.00202414 -0.00112745 0.999999 0.000765284 0.00202486 -0.000763715 0.999997 -0.291417 0.148403 0.519202
FixedParameters: 0 0 0

#Transform 170
Transform: AffineTransform_float_3_3
Parameters: 0.999999 0.000743435 -0.000994929 -0.000742565 0.999998 0.00144174 0.000996071 -0.00144126 0.999998 -0.248072 0.153633 0.504699
FixedParameters: 0 0 0

#Transform 171
Transform: AffineTransform_float_3_3
Parameters: 0.999999 0.000817888 -0.000941465 -0.000823115 0.999985 -0.00544223 0.000937534 0.00544277 0.999984 -0.204087 0.0947793 -0.064926
FixedParameters: 0 0 0

#Transform 172
Transform: AffineTransform_float_3_3
Parameters: 1 0.000336659 -0.000467694 -0.000338343 0.999988 -0.00501485 0.000466309 0.00501416 0.999988 -0.206425 0.146589 0.0780368
FixedParameters: 0 0 0

#Transform 173
Transform: AffineTransform_float_3_3
Parameters: 1 0.000442894 -0.000327502 -0.000444108 0.999994 -0.00338586 0.000326498 0.00338615 0.999994 -0.20721 0.162056 0.115163
FixedParameters: 0 0 0

#Transform 174
Transform: AffineTransform_float_3_3
Parameters: 1 0.000906371 -0.000314817 -0.00090663 0.999997 -0.00200371 0.000313184 0.00200428 0.999998 -0.200404 0.124907 0.0903946
FixedParameters: 0 0 0

#Transform 175
Transform: AffineTransform_float_3_3
Parameters: 1 0.000963904 -0.000651144 -0.000964098 1 -0.000149372 0.000650856 0.000149628 1 -0.208407 0.17275 0.141727
FixedParameters: 0 0 0

#Transform 176
Transform: AffineTransform_float_3_3
Parameters: 1 0.000818804 -0.000579694 -0.000819198 0.999998 -0.00206753 0.000578307 0.00206848 0.999997 -0.205519 0.134516 0.0697324
FixedParameters: 0 0 0

#Transform 177
Transform: AffineTransform_float_3_3
Parameters: 0.999999 0.00110892 -0.000778967 -0.00111108 0.999996 -0.00267214 0.000776034 0.00267286 0.999996 -0.217676 0.113927 0.071001
FixedParameters: 0 0 0

#Transform 178
Transform: AffineTransform_float_3_3
Parameters: 0.999998 0.00122308 -0.00121493 -0.00122491 0.999998 -0.00157651 0.00121307 0.00157849 0.999998 -0.227636 0.177027 0.101886
FixedParameters: 0 0 0

#Transform 179
Transform: AffineTransform_float_3_3
Parameters: 0.999999 0.00109021 -0.000743633 -0.00109179 0.999997 -0.00241319 0.000741367 0.00241381 0.999997 -0.219828 0.076336 0.0727433
FixedParameters: 0 0 0

#Transform 180
Transform: AffineTransform_float_3_3
Parameters: 0.999998 0.00135131 -0.000999998 -0.00135468 0.999993 -0.00369365 0.000995001 0.00369535 0.999992 -0.232619 0.13158 0.0392415
FixedParameters: 0 0 0

#Transform 181
Transform: AffineTransform_float_3_3
Parameters: 0.999999 0.00127606 -0.000727405 -0.00127793 0.999995 -0.00266607 0.000723594 0.00266793 0.999996 -0.221686 0.197985 0.0791913
FixedParameters: 0 0 0

#Transform 182
Transform: AffineTransform_float_3_3
Parameters: 0.999998 0.00183021 -0.00134318 -0.00183379 0.999995 -0.00282655 0.00133882 0.00282846 0.999995 -0.241801 0.132512 0.0830857
FixedParameters: 0 0 0

#Transform 183
Transform: AffineTransform_float_3_3
Parameters: 0.999998 0.00158009 -0.00110119 -0.00158291 0.999995 -0.00264826 0.00109681 0.00264974 0.999996 -0.214836 0.155599 0.0426876
FixedParameters: 0 0 0

#Transform 184
Transform: AffineTransform_float_3_3
Parameters: 0.999998 0.00160081 -0.000598198 -0.00160219 0.999996 -0.00199704 0.0005948 0.00199795 0.999998 -0.215062 0.14387 0.0533521
FixedParameters: 0 0 0

#Transform 185
Transform: AffineTransform_float_3_3
Parameters: 0.999999 0.00179985 -0.000439738 -0.00180115 0.999995 -0.00263121 0.000435262 0.00263179 0.999997 -0.217495 0.105431 0.0474476
FixedParameters: 0 0 0

#Transform 186
Transform: AffineTransform_float_3_3
Parameters: 0.999996 -0.000327709 0.00272192 0.000326291 1 0.000260889 -0.00272209 -0.000260109 0.999997 -0.0601931 0.0338484 -0.288189
FixedParameters: 0 0 0

#Transform 187
Transform: AffineTransform_float_3_3
Parameters: 0.999999 0.000926733 0.00089639 -0.000930269 0.999993 0.00365117 -0.000893609 -0.00365183 0.999993 -0.153452 0.214827 0.0489156
FixedParameters: 0 0 0

#Transform 188
Transform: AffineTransform_float_3_3
Parameters: 0.999999 0.00114538 0.00104378 -0.00114662 0.999998 0.00155281 -0.00104222 -0.0015532 0.999999 -0.15886 0.193583 0.265746
FixedParameters: 0 0 0

#Transform 189
Transform: AffineTransform_float_3_3
