# transform file /out/sourcedata/freesurfer/sub-v1s23x0050608_ses-1/mri/transforms/cc_up.lta
# created by oesteban on Mon Mar  9 21:57:35 2026

type      = 0 # LINEAR_VOX_TO_VOX
nxforms   = 1
mean      = 129.0000 112.0000 122.0000
sigma     = 10000.0000
1 4 4
9.913830757141113e-01 -1.307569742202759e-01 -7.900828495621681e-03 1.786076354980469e+01 
1.307528316974640e-01 9.914145469665527e-01 -1.042034942656755e-03 8.573179244995117e+00 
7.969249039888382e-03 1.164153357047226e-10 9.999682903289795e-01 1.400174427032471e+01 
0.000000000000000e+00 0.000000000000000e+00 0.000000000000000e+00 1.000000000000000e+00 
src volume info
valid = 1  # volume info valid
filename = /out/sourcedata/freesurfer/sub-v1s23x0050608_ses-1/mri/norm.mgz
volume = 256 256 256
voxelsize = 1.000000000000000e+00 1.000000000000000e+00 1.000000000000000e+00
xras   = -1.000000000000000e+00 0.000000000000000e+00 0.000000000000000e+00
yras   = 0.000000000000000e+00 0.000000000000000e+00 -1.000000000000000e+00
zras   = 0.000000000000000e+00 1.000000000000000e+00 0.000000000000000e+00
cras   = 4.675270080566406e+01 -4.522056579589844e+01 6.232646179199219e+01
dst volume info
valid = 1  # volume info valid
filename = /out/sourcedata/freesurfer/sub-v1s23x0050608_ses-1/mri/norm.mgz
volume = 256 256 256
voxelsize = 1.000000000000000e+00 1.000000000000000e+00 1.000000000000000e+00
xras   = -1.000000000000000e+00 0.000000000000000e+00 0.000000000000000e+00
yras   = 0.000000000000000e+00 0.000000000000000e+00 -1.000000000000000e+00
zras   = 0.000000000000000e+00 1.000000000000000e+00 0.000000000000000e+00
cras   = 4.675270080566406e+01 -4.522056579589844e+01 6.232646179199219e+01
