# transform file /out/sourcedata/freesurfer/sub-v1s23x0050602_ses-1/mri/transforms/cc_up.lta
# created by oesteban on Mon Mar  9 21:38:12 2026

type      = 0 # LINEAR_VOX_TO_VOX
nxforms   = 1
mean      = 130.0000 121.0000 119.0000
sigma     = 10000.0000
1 4 4
9.991973042488098e-01 3.875870723277330e-03 -3.987180441617966e-02 2.857682704925537e+00 
-3.872788511216640e-03 9.999925494194031e-01 1.545390987303108e-04 2.848428726196289e+01 
3.987210616469383e-02 2.910383045673370e-11 9.992048144340515e-01 1.193343639373779e+01 
0.000000000000000e+00 0.000000000000000e+00 0.000000000000000e+00 1.000000000000000e+00 
src volume info
valid = 1  # volume info valid
filename = /out/sourcedata/freesurfer/sub-v1s23x0050602_ses-1/mri/norm.mgz
volume = 256 256 256
voxelsize = 1.000000000000000e+00 1.000000000000000e+00 1.000000000000000e+00
xras   = -1.000000000000000e+00 0.000000000000000e+00 0.000000000000000e+00
yras   = 0.000000000000000e+00 0.000000000000000e+00 -1.000000000000000e+00
zras   = 0.000000000000000e+00 1.000000000000000e+00 0.000000000000000e+00
cras   = 3.350993347167969e+01 -4.116905212402344e+01 4.178930664062500e+01
dst volume info
valid = 1  # volume info valid
filename = /out/sourcedata/freesurfer/sub-v1s23x0050602_ses-1/mri/norm.mgz
volume = 256 256 256
voxelsize = 1.000000000000000e+00 1.000000000000000e+00 1.000000000000000e+00
xras   = -1.000000000000000e+00 0.000000000000000e+00 0.000000000000000e+00
yras   = 0.000000000000000e+00 0.000000000000000e+00 -1.000000000000000e+00
zras   = 0.000000000000000e+00 1.000000000000000e+00 0.000000000000000e+00
cras   = 3.350993347167969e+01 -4.116905212402344e+01 4.178930664062500e+01
