# transform file /out/sourcedata/freesurfer/sub-v1s23x0050569_ses-1/mri/transforms/cc_up.lta
# created by oesteban on Thu Mar 12 17:41:13 2026

type      = 0 # LINEAR_VOX_TO_VOX
nxforms   = 1
mean      = 128.0000 138.0000 117.0000
sigma     = 10000.0000
1 4 4
9.993965625762939e-01 -2.713778056204319e-02 2.168356627225876e-02 1.481901645660400e+00 
2.713139727711678e-02 9.996317028999329e-01 5.886606522835791e-04 6.494694709777832e+00 
-2.169155515730381e-02 0.000000000000000e+00 9.997648000717163e-01 2.081134986877441e+01 
0.000000000000000e+00 0.000000000000000e+00 0.000000000000000e+00 1.000000000000000e+00 
src volume info
valid = 1  # volume info valid
filename = /out/sourcedata/freesurfer/sub-v1s23x0050569_ses-1/mri/norm.mgz
volume = 256 256 256
voxelsize = 1.000000000000000e+00 1.000000000000000e+00 1.000000000000000e+00
xras   = -1.000000000000000e+00 0.000000000000000e+00 0.000000000000000e+00
yras   = 0.000000000000000e+00 0.000000000000000e+00 -1.000000000000000e+00
zras   = 0.000000000000000e+00 1.000000000000000e+00 0.000000000000000e+00
cras   = 3.472145080566406e+01 -4.795494079589844e+01 1.967021179199219e+01
dst volume info
valid = 1  # volume info valid
filename = /out/sourcedata/freesurfer/sub-v1s23x0050569_ses-1/mri/norm.mgz
volume = 256 256 256
voxelsize = 1.000000000000000e+00 1.000000000000000e+00 1.000000000000000e+00
xras   = -1.000000000000000e+00 0.000000000000000e+00 0.000000000000000e+00
yras   = 0.000000000000000e+00 0.000000000000000e+00 -1.000000000000000e+00
zras   = 0.000000000000000e+00 1.000000000000000e+00 0.000000000000000e+00
cras   = 3.472145080566406e+01 -4.795494079589844e+01 1.967021179199219e+01
