# transform file /out/sourcedata/freesurfer/sub-v1s23x0050554_ses-1/mri/transforms/cc_up.lta
# created by oesteban on Mon Mar  9 18:32:20 2026

type      = 0 # LINEAR_VOX_TO_VOX
nxforms   = 1
mean      = 129.0000 108.0000 110.0000
sigma     = 10000.0000
1 4 4
9.909895658493042e-01 1.193947792053223e-01 6.070292741060257e-02 -1.764444541931152e+01 
-1.191714107990265e-01 9.928470253944397e-01 -7.299828343093395e-03 5.486605834960938e+01 
-6.114027276635170e-02 0.000000000000000e+00 9.981293082237244e-01 3.613531875610352e+01 
0.000000000000000e+00 0.000000000000000e+00 0.000000000000000e+00 1.000000000000000e+00 
src volume info
valid = 1  # volume info valid
filename = /out/sourcedata/freesurfer/sub-v1s23x0050554_ses-1/mri/norm.mgz
volume = 256 256 256
voxelsize = 1.000000000000000e+00 1.000000000000000e+00 1.000000000000000e+00
xras   = -1.000000000000000e+00 0.000000000000000e+00 0.000000000000000e+00
yras   = 0.000000000000000e+00 0.000000000000000e+00 -1.000000000000000e+00
zras   = 0.000000000000000e+00 1.000000000000000e+00 0.000000000000000e+00
cras   = 4.456520080566406e+01 -4.850181579589844e+01 4.974833679199219e+01
dst volume info
valid = 1  # volume info valid
filename = /out/sourcedata/freesurfer/sub-v1s23x0050554_ses-1/mri/norm.mgz
volume = 256 256 256
voxelsize = 1.000000000000000e+00 1.000000000000000e+00 1.000000000000000e+00
xras   = -1.000000000000000e+00 0.000000000000000e+00 0.000000000000000e+00
yras   = 0.000000000000000e+00 0.000000000000000e+00 -1.000000000000000e+00
zras   = 0.000000000000000e+00 1.000000000000000e+00 0.000000000000000e+00
cras   = 4.456520080566406e+01 -4.850181579589844e+01 4.974833679199219e+01
