#Insight Transform File V1.0
#Transform 0
Transform: AffineTransform_float_3_3
Parameters: 1 1.35617e-06 -0.001099 3.56167e-07 0.999999 0.001234 0.001099 -0.001234 0.999998 0.0241738 -0.0682285 -0.420367
FixedParameters: 0 0 0

#Transform 1
Transform: AffineTransform_float_3_3
Parameters: 1 0.000522356 -0.000342457 -0.000522644 1 0.00104018 0.000342544 -0.00103982 1 0.0252535 0.0428195 0.0403673
FixedParameters: 0 0 0

#Transform 2
Transform: AffineTransform_float_3_3
Parameters: 1 -4.15338e-07 0.000462 -4.15338e-07 0.999999 0.000899 -0.000462 -0.000899 1 0.00615771 -0.11382 0.0394453
FixedParameters: 0 0 0

#Transform 3
Transform: AffineTransform_float_3_3
Parameters: 1 -7.76258e-05 0.000464896 7.7374e-05 0.999999 0.00134604 -0.000465105 -0.00134596 0.999999 0.00344385 -0.0414968 0.0309399
FixedParameters: 0 0 0

#Transform 4
Transform: AffineTransform_float_3_3
Parameters: 0.999999 -1.48387e-06 0.000753998 -4.83874e-07 0.999998 0.001968 -0.000754 -0.001968 0.999998 -0.00831499 -0.0901663 0.0449637
FixedParameters: 0 0 0

#Transform 5
Transform: AffineTransform_float_3_3
Parameters: 1 -0.000490198 0.00104197 0.000488801 0.999997 0.00210951 -0.00104303 -0.00210849 0.999997 0.0110877 -0.137361 0.0737448
FixedParameters: 0 0 0

#Transform 6
Transform: AffineTransform_float_3_3
Parameters: 1 -8.01285e-05 0.000555838 7.98732e-05 0.999998 0.00203004 -0.000555163 -0.00202996 0.999998 0.00688076 -0.0686683 0.0519179
FixedParameters: 0 0 0

#Transform 7
Transform: AffineTransform_float_3_3
Parameters: 1 -7.039e-05 0.000621844 6.86097e-05 0.999998 0.00223504 -0.000622155 -0.00223496 0.999998 0.00507692 -0.0881322 0.0514135
FixedParameters: 0 0 0

#Transform 8
Transform: AffineTransform_float_3_3
Parameters: 0.999999 1.1514e-05 0.000732024 -1.34859e-05 0.999998 0.00202999 -0.000731974 -0.00203001 0.999997 -0.000532103 -0.0593602 0.0421699
FixedParameters: 0 0 0

#Transform 9
Transform: AffineTransform_float_3_3
Parameters: 0.999999 -0.000172891 0.000931651 0.00017111 0.999998 0.00203016 -0.000931349 -0.00202984 0.999998 0.00174276 -0.0790718 0.0217538
FixedParameters: 0 0 0

#Transform 10
Transform: AffineTransform_float_3_3
Parameters: 1 -3.25815e-05 0.00116493 3.04183e-05 0.999997 0.00221604 -0.00116507 -0.00221596 0.999997 -0.0139396 -0.102102 0.0549905
FixedParameters: 0 0 0

#Transform 11
Transform: AffineTransform_float_3_3
Parameters: 1 -0.000256226 0.00102245 0.000254772 0.999997 0.00217726 -0.00102356 -0.00217674 0.999997 0.00289608 -0.11157 0.0571345
FixedParameters: 0 0 0

#Transform 12
Transform: AffineTransform_float_3_3
Parameters: 0.999999 -0.000162311 0.000920595 0.000159688 0.999997 0.00251015 -0.000921404 -0.00250985 0.999997 0.00171285 -0.113177 0.0666738
FixedParameters: 0 0 0

#Transform 13
Transform: AffineTransform_float_3_3
Parameters: 0.999999 -0.00011231 0.000853699 0.000110692 0.999997 0.0027051 -0.000853302 -0.00270491 0.999996 0.00137045 -0.116924 0.0842964
FixedParameters: 0 0 0

#Transform 14
Transform: AffineTransform_float_3_3
Parameters: 0.999999 -0.000568669 0.00130855 0.000562333 0.999991 0.00432874 -0.00131045 -0.00432726 0.99999 0.00801313 -0.0988091 0.135574
FixedParameters: 0 0 0

#Transform 15
Transform: AffineTransform_float_3_3
Parameters: 1 -0.000236806 0.00109518 0.000233194 0.999994 0.00347426 -0.00109582 -0.00347374 0.999994 0.00056897 -0.115213 0.101649
FixedParameters: 0 0 0

#Transform 16
Transform: AffineTransform_float_3_3
Parameters: 0.999999 -9.67027e-05 0.000871704 9.42963e-05 0.999995 0.00310008 -0.000872296 -0.00309992 0.999995 0.000331844 -0.0976966 0.0830554
FixedParameters: 0 0 0

#Transform 17
Transform: AffineTransform_float_3_3
Parameters: 0.999999 -7.65075e-05 0.000871783 7.34917e-05 0.999996 0.00287606 -0.000872214 -0.00287593 0.999995 0.00326746 -0.111759 0.0822769
FixedParameters: 0 0 0

#Transform 18
Transform: AffineTransform_float_3_3
Parameters: 0.999999 -0.000144878 0.000871526 0.000141121 0.999994 0.00330112 -0.00087247 -0.00330087 0.999994 0.0116417 -0.114573 0.0998973
FixedParameters: 0 0 0

#Transform 19
Transform: AffineTransform_float_3_3
Parameters: 1 -7.33175e-05 0.00105978 6.96818e-05 0.999995 0.00313007 -0.00106022 -0.00312992 0.999994 -0.00200288 -0.104602 0.0773983
FixedParameters: 0 0 0

#Transform 20
Transform: AffineTransform_float_3_3
Parameters: 0.999999 0.000110922 0.000872397 -0.000114081 0.999994 0.0035299 -0.000872603 -0.0035291 0.999994 -0.00177524 -0.100431 0.0749588
FixedParameters: 0 0 0

#Transform 21
Transform: AffineTransform_float_3_3
Parameters: 1 0.00021234 0.000438807 -0.00021366 0.999993 0.0037859 -0.000438194 -0.00378609 0.999992 0.00712344 -0.104737 0.0843585
FixedParameters: 0 0 0

#Transform 22
Transform: AffineTransform_float_3_3
Parameters: 0.999999 -3.53217e-07 0.000924004 -3.3532e-06 0.999994 0.003629 -0.000923994 -0.003629 0.999993 -0.00440704 -0.109357 0.0872606
FixedParameters: 0 0 0

#Transform 23
Transform: AffineTransform_float_3_3
Parameters: 1 -8.48982e-05 0.00105169 8.01044e-05 0.999993 0.00370609 -0.0010513 -0.00370591 0.999992 -0.0039952 -0.120542 0.102948
FixedParameters: 0 0 0

#Transform 24
Transform: AffineTransform_float_3_3
Parameters: 0.999999 -8.30919e-05 0.000725763 8.09073e-05 0.999996 0.00288206 -0.000726236 -0.00288194 0.999995 0.00976148 -0.0796571 0.0562171
FixedParameters: 0 0 0

#Transform 25
Transform: AffineTransform_float_3_3
Parameters: 0.999999 0.000177433 0.000873525 -0.000180565 0.999995 0.00293884 -0.000872473 -0.00293916 0.999996 -0.00981737 -0.0930136 0.0567543
FixedParameters: 0 0 0

#Transform 26
Transform: AffineTransform_float_3_3
Parameters: 0.999999 -1.86567e-05 0.000877947 1.53431e-05 0.999996 0.00302602 -0.00087805 -0.00302599 0.999995 0.0045461 -0.0952927 0.0532093
FixedParameters: 0 0 0

#Transform 27
Transform: AffineTransform_float_3_3
Parameters: 0.999999 -8.29125e-05 0.000703777 8.00869e-05 0.999997 0.00271706 -0.00070422 -0.00271694 0.999996 0.00875836 -0.110214 0.0579731
FixedParameters: 0 0 0

#Transform 28
Transform: AffineTransform_float_3_3
Parameters: 0.999999 0.00019109 0.00088963 -0.000193911 0.999994 0.00327183 -0.00088937 -0.00327217 0.999995 -0.00171274 -0.068439 0.0609172
FixedParameters: 0 0 0

#Transform 29
Transform: AffineTransform_float_3_3
Parameters: 1 7.23027e-05 0.00108025 -7.56964e-05 0.999994 0.00342292 -0.00107975 -0.00342308 0.999993 -0.0106006 -0.0854597 0.0765649
FixedParameters: 0 0 0

#Transform 30
Transform: AffineTransform_float_3_3
Parameters: 1 -8.58776e-05 0.000981586 8.01203e-05 0.999987 0.00496808 -0.000982411 -0.00496792 0.999987 -0.00815824 0.00394244 0.109017
FixedParameters: 0 0 0

#Transform 31
Transform: AffineTransform_float_3_3
Parameters: 0.999999 -8.80534e-05 0.00135256 8.09494e-05 0.999987 0.00521411 -0.00135244 -0.00521389 0.999985 -0.0153379 -0.0198817 0.0955561
FixedParameters: 0 0 0

#Transform 32
Transform: AffineTransform_float_3_3
Parameters: 0.999999 -8.68205e-05 0.00127962 8.01821e-05 0.999989 0.0045481 -0.00127938 -0.00454789 0.999989 -0.0133854 -0.0196501 0.0707179
FixedParameters: 0 0 0

#Transform 33
Transform: AffineTransform_float_3_3
Parameters: 1 -3.17736e-05 0.00108785 2.52255e-05 0.999986 0.00530703 -0.00108815 -0.00530697 0.999986 -0.0133525 -0.0452662 0.0757947
FixedParameters: 0 0 0

#Transform 34
Transform: AffineTransform_float_3_3
Parameters: 0.999999 -8.85312e-05 0.0012655 8.04717e-05 0.999983 0.00595011 -0.0012655 -0.00594989 0.999981 -0.0142787 -0.0402754 0.100543
FixedParameters: 0 0 0

#Transform 35
Transform: AffineTransform_float_3_3
Parameters: 0.999999 -0.000273939 0.00128233 0.000266064 0.999981 0.00618635 -0.00128367 -0.00618665 0.99998 -0.00251004 -0.000704596 0.101266
FixedParameters: 0 0 0

#Transform 36
Transform: AffineTransform_float_3_3
Parameters: 0.999999 -0.000393785 0.00181269 0.000382214 0.999983 0.0059457 -0.0018153 -0.00594529 0.99998 -0.0152531 -0.0129986 0.099189
FixedParameters: 0 0 0

#Transform 37
Transform: AffineTransform_float_3_3
Parameters: 0.999998 -0.000476124 0.00158099 0.000465876 0.99998 0.00639775 -0.00158401 -0.00639726 0.999979 -0.0158435 -0.0301207 0.153032
FixedParameters: 0 0 0

#Transform 38
Transform: AffineTransform_float_3_3
Parameters: 0.999998 -0.000496562 0.00156569 0.000486436 0.999977 0.00673877 -0.00156931 -0.00673823 0.999976 -0.0189625 -0.0207164 0.144839
FixedParameters: 0 0 0

#Transform 39
Transform: AffineTransform_float_3_3
Parameters: 0.999998 -0.000479697 0.00155604 0.000470303 0.999981 0.00622675 -0.00155896 -0.00622527 0.99998 -0.00112438 -0.0143284 0.111972
FixedParameters: 0 0 0

#Transform 40
Transform: AffineTransform_float_3_3
Parameters: 0.999999 0.000140282 0.000732721 -0.00014472 0.999987 0.0050769 -0.000732274 -0.0050771 0.999987 0.0127336 -0.0760416 0.0741797
FixedParameters: 0 0 0

#Transform 41
Transform: AffineTransform_float_3_3
Parameters: 0.999999 0.000272755 0.000787483 -0.000277248 0.999986 0.00539579 -0.000786515 -0.00539622 0.999985 0.00872859 -0.0364289 0.0532803
FixedParameters: 0 0 0

#Transform 42
Transform: AffineTransform_float_3_3
Parameters: 0.999999 1.06921e-05 0.000993088 -1.73073e-05 0.99998 0.00635199 -0.00099291 -0.00635201 0.99998 0.00595541 0.0157704 0.0542876
FixedParameters: 0 0 0

#Transform 43
Transform: AffineTransform_float_3_3
Parameters: 1 0.000188188 0.00105823 -0.000194811 0.999979 0.0064408 -0.00105677 -0.0064412 0.999978 -0.00779152 0.00772916 0.0403063
FixedParameters: 0 0 0

#Transform 44
Transform: AffineTransform_float_3_3
Parameters: 0.999999 -0.000183098 0.00128374 0.000173906 0.999975 0.00708423 -0.00128426 -0.00708377 0.999974 -0.00666299 -0.00743375 0.0540161
FixedParameters: 0 0 0

#Transform 45
Transform: AffineTransform_float_3_3
Parameters: 1 -1.91408e-05 0.00105689 1.18585e-05 0.999977 0.00675601 -0.0010571 -0.00675598 0.999976 -0.00778934 -0.0426871 0.0424065
FixedParameters: 0 0 0

#Transform 46
Transform: AffineTransform_float_3_3
Parameters: 0.999999 -0.000655462 0.0013319 0.000644538 0.999969 0.00783987 -0.00133709 -0.00783914 0.999969 -0.000266882 0.0983522 0.0607697
FixedParameters: 0 0 0

#Transform 47
Transform: AffineTransform_float_3_3
Parameters: 0.999999 -0.000388635 0.0012273 0.000379367 0.999975 0.00702847 -0.0012297 -0.00702753 0.999974 0.00039047 -0.00124889 0.0489073
FixedParameters: 0 0 0

#Transform 48
Transform: AffineTransform_float_3_3
Parameters: 0.999998 -0.00065778 0.00151953 0.000644215 0.999964 0.00839598 -0.00152546 -0.008395 0.999963 -0.00215872 0.0253116 0.115914
FixedParameters: 0 0 0

#Transform 49
Transform: AffineTransform_float_3_3
Parameters: 1 -0.000421633 0.00105359 0.000413372 0.999967 0.00818044 -0.00105642 -0.00817956 0.999966 0.0121785 0.00866574 0.0885208
FixedParameters: 0 0 0

#Transform 50
Transform: AffineTransform_float_3_3
Parameters: 1 0.000350031 0.000168034 -0.000351969 0.999983 0.00580194 -0.000165961 -0.00580206 0.999983 0.00917795 0.0149258 -0.0542665
FixedParameters: 0 0 0

#Transform 51
Transform: AffineTransform_float_3_3
Parameters: 1 0.000950802 0.000249612 -0.000952201 0.999988 0.00484676 -0.000245388 -0.00484724 0.999988 -0.0352037 0.0787211 -0.119669
FixedParameters: 0 0 0

#Transform 52
Transform: AffineTransform_float_3_3
Parameters: 1 0.000351128 0.000463903 -0.000351872 1 -0.000276163 -0.000464097 0.000275837 1 -0.0178703 0.116854 -0.337429
FixedParameters: 0 0 0

#Transform 53
Transform: AffineTransform_float_3_3
Parameters: 1 -0.000145925 1.38136e-05 0.00014607 0.999985 -0.005574 -1.2186e-05 0.00557401 0.999985 -0.0128538 0.159695 -0.418618
FixedParameters: 0 0 0

#Transform 54
Transform: AffineTransform_float_3_3
Parameters: 1 0.000350487 -0.000354507 -0.000351513 0.999999 -0.00144688 0.000354492 0.00144712 0.999999 -0.0241546 0.0091514 -0.19746
FixedParameters: 0 0 0

#Transform 55
Transform: AffineTransform_float_3_3
Parameters: 0.999999 0.000685056 0.000458916 -0.000684944 1 -0.000122314 -0.000459084 0.000122685 1 -0.0356867 0.0948421 -0.224824
FixedParameters: 0 0 0

#Transform 56
Transform: AffineTransform_float_3_3
Parameters: 0.999999 0.000349227 0.000847733 -0.000351774 0.999997 0.0020927 -0.000847266 -0.0020923 0.999998 -0.0192177 0.048869 -0.149966
FixedParameters: 0 0 0

#Transform 57
Transform: AffineTransform_float_3_3
Parameters: 0.999999 0.000349788 0.000765555 -0.00035121 0.999998 0.00158273 -0.000764445 -0.00158327 0.999999 -0.0310256 0.00142613 -0.133058
FixedParameters: 0 0 0

#Transform 58
Transform: AffineTransform_float_3_3
Parameters: 0.999999 0.000349108 0.000847781 -0.000351893 0.999998 0.0022327 -0.000847216 -0.0022333 0.999997 -0.0127488 0.103055 -0.155973
FixedParameters: 0 0 0

#Transform 59
Transform: AffineTransform_float_3_3
Parameters: 1 6.67788e-05 0.00121518 -7.02207e-05 0.999997 0.00265092 -0.00121482 -0.00265108 0.999995 -0.0140527 0.00979564 -0.110917
FixedParameters: 0 0 0

#Transform 60
Transform: AffineTransform_float_3_3
Parameters: 0.999999 -7.86431e-05 0.00128178 7.53562e-05 0.999996 0.0028421 -0.00128222 -0.0028419 0.999995 0.010934 0.0294507 -0.103521
FixedParameters: 0 0 0

#Transform 61
Transform: AffineTransform_float_3_3
Parameters: 0.999999 -0.000250093 0.00123498 0.000244907 0.999992 0.00412231 -0.00123602 -0.0041217 0.99999 0.0252895 0.0246362 -0.0727085
FixedParameters: 0 0 0

#Transform 62
Transform: AffineTransform_float_3_3
Parameters: 0.999999 -0.000558438 0.00167355 0.00054856 0.999981 0.00623093 -0.00167745 -0.00623008 0.999979 0.0322951 0.0821475 -0.0440654
FixedParameters: 0 0 0

#Transform 63
Transform: AffineTransform_float_3_3
Parameters: 0.999999 -0.000559616 0.00162806 0.000548379 0.999975 0.00712591 -0.00163295 -0.0071251 0.999974 0.0328083 0.0342251 0.0136306
FixedParameters: 0 0 0

#Transform 64
Transform: AffineTransform_float_3_3
Parameters: 0.999998 -0.000560494 0.00197249 0.000548509 0.99998 0.00632909 -0.00197551 -0.00632791 0.999978 0.013138 0.0236621 0.000747073
FixedParameters: 0 0 0

#Transform 65
Transform: AffineTransform_float_3_3
Parameters: 0.999997 -0.000855247 0.00227924 0.000836754 0.999967 0.00799493 -0.00228576 -0.00799307 0.999966 0.0171175 0.107566 0.0517217
FixedParameters: 0 0 0

#Transform 66
Transform: AffineTransform_float_3_3
Parameters: 0.999998 -0.000882778 0.00214397 0.00086722 0.999976 0.00688488 -0.00215002 -0.00688212 0.999974 0.0133581 0.119297 -0.038964
FixedParameters: 0 0 0

#Transform 67
Transform: AffineTransform_float_3_3
Parameters: 0.999997 -0.00104209 0.00222407 0.00102491 0.99997 0.0076703 -0.00223193 -0.0076677 0.999968 0.0106461 0.0708426 0.0227712
FixedParameters: 0 0 0

#Transform 68
Transform: AffineTransform_float_3_3
Parameters: 0.999996 -0.000424868 0.00271134 0.000394128 0.999935 0.0113741 -0.00271666 -0.0113739 0.999931 -0.0309798 -0.014593 0.200804
FixedParameters: 0 0 0

#Transform 69
Transform: AffineTransform_float_3_3
Parameters: 0.999995 -0.0010546 0.00274782 0.0010254 0.999941 0.0107509 -0.00275918 -0.0107481 0.999939 -0.00132689 0.0176678 0.162216
FixedParameters: 0 0 0

#Transform 70
Transform: AffineTransform_float_3_3
Parameters: 0.999996 -0.00105006 0.00239718 0.00102494 0.999945 0.0104325 -0.00240782 -0.0104295 0.999942 0.013234 0.0843324 0.121158
FixedParameters: 0 0 0

#Transform 71
Transform: AffineTransform_float_3_3
Parameters: 0.999996 -0.000928551 0.00239939 0.000905451 0.999955 0.0093832 -0.0024076 -0.00938079 0.999953 -0.00338896 0.119515 0.0710187
FixedParameters: 0 0 0

#Transform 72
Transform: AffineTransform_float_3_3
Parameters: 0.999997 -0.00101793 0.00230903 0.000995075 0.999951 0.00990834 -0.00231897 -0.00990568 0.999948 0.0139587 0.0846656 0.0667486
FixedParameters: 0 0 0

#Transform 73
Transform: AffineTransform_float_3_3
Parameters: 1 -0.00111419 -0.000197576 0.0011168 0.999889 0.0148578 0.000180427 -0.0148572 0.999889 0.0692965 -0.0970942 0.330011
FixedParameters: 0 0 0

#Transform 74
Transform: AffineTransform_float_3_3
Parameters: 0.999999 -0.000885829 0.000469518 0.000877179 0.999865 0.0164204 -0.000483469 -0.0164206 0.999865 0.0592141 -0.0392145 0.377749
FixedParameters: 0 0 0

#Transform 75
Transform: AffineTransform_float_3_3
Parameters: 1 -0.00109035 0.000504319 0.00108165 0.999867 0.0162776 -0.000521676 -0.0162774 0.999868 0.0637448 -0.0596508 0.346514
FixedParameters: 0 0 0

#Transform 76
Transform: AffineTransform_float_3_3
Parameters: 1 -0.0010972 0.00053352 0.00108681 0.999823 0.0187516 -0.000553476 -0.0187504 0.999824 0.0927033 -0.0941947 0.386032
FixedParameters: 0 0 0

#Transform 77
Transform: AffineTransform_float_3_3
Parameters: 0.999999 -0.00107534 0.000753191 0.00105864 0.999771 0.0213718 -0.000776803 -0.0213712 0.999772 0.0947724 -0.0749656 0.456705
FixedParameters: 0 0 0

#Transform 78
Transform: AffineTransform_float_3_3
Parameters: 0.999999 -0.00105747 0.000795568 0.00104152 0.999791 0.0204248 -0.000817443 -0.0204242 0.999791 0.0939263 -0.143042 0.49742
FixedParameters: 0 0 0

#Transform 79
Transform: AffineTransform_float_3_3
Parameters: 0.999999 -0.000836893 -0.000620274 0.000848102 0.999836 0.0181285 0.000604725 -0.0181285 0.999836 0.202777 -0.123373 0.482509
FixedParameters: 0 0 0

#Transform 80
Transform: AffineTransform_float_3_3
Parameters: 0.999999 -0.000508779 -0.00076268 0.000523207 0.999824 0.0187626 0.000752315 -0.0187634 0.999823 0.178254 -0.206524 0.500017
FixedParameters: 0 0 0

#Transform 81
Transform: AffineTransform_float_3_3
Parameters: 1 0.000367175 -0.00054159 -0.000355817 0.99979 0.0204902 0.000549406 -0.0204908 0.99979 0.15656 -0.0515141 0.411835
FixedParameters: 0 0 0

#Transform 82
Transform: AffineTransform_float_3_3
Parameters: 1 -0.000107148 0.000646959 9.38516e-05 0.999794 0.0202881 -0.000649037 -0.0202879 0.999794 0.119968 -0.141173 0.437408
FixedParameters: 0 0 0

#Transform 83
Transform: AffineTransform_float_3_3
Parameters: 0.999999 -0.000490963 0.00119062 0.00046503 0.999764 0.0217086 -0.00120138 -0.0217084 0.999763 0.121889 -0.12885 0.511346
FixedParameters: 0 0 0

#Transform 84
Transform: AffineTransform_float_3_3
Parameters: 0.999999 -0.000932354 0.00118803 0.000904648 0.999739 0.0228201 -0.00120896 -0.0228199 0.999739 0.129007 -0.042002 0.502573
FixedParameters: 0 0 0

#Transform 85
Transform: AffineTransform_float_3_3
Parameters: 0.999999 -0.00102574 0.00144089 0.000991262 0.999714 0.0239045 -0.00146511 -0.0239025 0.999713 0.124875 -0.039292 0.523429
FixedParameters: 0 0 0

#Transform 86
Transform: AffineTransform_float_3_3
Parameters: 0.999998 -0.00133283 0.00163431 0.00129318 0.999708 0.0241342 -0.00166569 -0.0241318 0.999708 0.129542 -0.0375813 0.548676
FixedParameters: 0 0 0

#Transform 87
Transform: AffineTransform_float_3_3
Parameters: 0.999997 -0.00128735 0.00179672 0.00124364 0.999713 0.0239223 -0.00182727 -0.0239207 0.999712 0.129107 -0.0547292 0.550018
FixedParameters: 0 0 0

#Transform 88
Transform: AffineTransform_float_3_3
Parameters: 0.999998 -0.00096892 0.00161731 0.000930087 0.999714 0.0238946 -0.00163969 -0.0238925 0.999713 0.121542 -0.0456954 0.542606
FixedParameters: 0 0 0

#Transform 89
Transform: AffineTransform_float_3_3
Parameters: 0.999996 -0.00190575 0.00210338 0.00185326 0.99969 0.024802 -0.00214962 -0.024798 0.99969 0.140092 -0.0909526 0.593015
FixedParameters: 0 0 0

#Transform 90
Transform: AffineTransform_float_3_3
Parameters: 0.999996 -0.00212722 0.00195992 0.00207878 0.999703 0.0242852 -0.00201107 -0.0242808 0.999703 0.146545 -0.0117057 0.5729
FixedParameters: 0 0 0

#Transform 91
Transform: AffineTransform_float_3_3
Parameters: 0.999996 -0.00227514 0.00207332 0.00222586 0.999723 0.0234047 -0.00212567 -0.0234003 0.999724 0.159354 -0.0462165 0.538672
FixedParameters: 0 0 0

#Transform 92
Transform: AffineTransform_float_3_3
Parameters: 0.999996 -0.00180642 0.0019171 0.00176158 0.999735 0.0229235 -0.00195789 -0.0229205 0.999736 0.122846 -0.0452348 0.549137
FixedParameters: 0 0 0

#Transform 93
Transform: AffineTransform_float_3_3
Parameters: 0.999994 -0.00254736 0.00257977 0.00248764 0.99973 0.0231346 -0.00263825 -0.0231284 0.999729 0.13713 0.143733 0.448901
FixedParameters: 0 0 0

#Transform 94
Transform: AffineTransform_float_3_3
Parameters: 0.999994 -0.00235789 0.00228567 0.00230413 0.999736 0.0228714 -0.0023383 -0.0228666 0.999736 0.140513 -0.0854085 0.593074
FixedParameters: 0 0 0

#Transform 95
Transform: AffineTransform_float_3_3
Parameters: 0.999995 -0.00202995 0.00245157 0.00197007 0.999705 0.0242119 -0.00249943 -0.024207 0.999704 0.120809 -0.269626 0.838892
FixedParameters: 0 0 0

#Transform 96
Transform: AffineTransform_float_3_3
Parameters: 0.999995 -0.00235426 0.00241909 0.00229072 0.999654 0.0262297 -0.00248093 -0.0262243 0.999653 0.146654 -0.240464 0.888515
FixedParameters: 0 0 0

#Transform 97
Transform: AffineTransform_float_3_3
Parameters: 0.999994 -0.0023792 0.0022305 0.00232081 0.999666 0.0257423 -0.00229049 -0.0257367 0.999666 0.154723 -0.048014 0.688551
FixedParameters: 0 0 0

#Transform 98
Transform: AffineTransform_float_3_3
Parameters: 0.999994 -0.00264463 0.0022214 0.00258935 0.999692 0.0246849 -0.00228661 -0.0246791 0.999693 0.156953 -0.0290089 0.606731
FixedParameters: 0 0 0

#Transform 99
Transform: AffineTransform_float_3_3
Parameters: 0.999995 -0.00219105 0.00223445 0.00213396 0.999679 0.0252249 -0.00228855 -0.0252201 0.99968 0.145802 -0.0580827 0.63954
FixedParameters: 0 0 0

#Transform 100
Transform: AffineTransform_float_3_3
Parameters: 0.999996 -0.00219781 0.00207443 0.0021432 0.99967 0.0255956 -0.00212955 -0.0255904 0.99967 0.15631 -0.0562707 0.618002
FixedParameters: 0 0 0

#Transform 101
Transform: AffineTransform_float_3_3
Parameters: 0.999995 -0.00229892 0.00219181 0.00224207 0.999669 0.025628 -0.00225019 -0.025623 0.999669 0.157283 -0.0812911 0.629227
FixedParameters: 0 0 0

#Transform 102
Transform: AffineTransform_float_3_3
Parameters: 0.999994 -0.00244262 0.00246858 0.00237938 0.999683 0.025057 -0.00252941 -0.025051 0.999683 0.156633 -0.136444 0.670457
FixedParameters: 0 0 0

#Transform 103
Transform: AffineTransform_float_3_3
Parameters: 0.999993 -0.00248751 0.00261141 0.0024195 0.999661 0.0259185 -0.0026746 -0.0259115 0.99966 0.154898 -0.107018 0.696439
FixedParameters: 0 0 0

#Transform 104
Transform: AffineTransform_float_3_3
Parameters: 0.999997 -0.00192333 0.00179287 0.00188867 0.999818 0.0189544 -0.00182913 -0.0189515 0.999818 0.107302 -0.0978862 0.401257
FixedParameters: 0 0 0

#Transform 105
Transform: AffineTransform_float_3_3
Parameters: 0.999997 -0.00196155 0.000832852 0.00195145 0.999934 0.0113186 -0.000855141 -0.0113173 0.999935 0.102467 0.0406869 0.121575
FixedParameters: 0 0 0

#Transform 106
Transform: AffineTransform_float_3_3
Parameters: 0.999997 -0.00214236 0.00161824 0.00211764 0.999886 0.0149105 -0.00164975 -0.0149065 0.999887 0.119586 -0.0842868 0.332566
FixedParameters: 0 0 0

#Transform 107
Transform: AffineTransform_float_3_3
Parameters: 0.999994 -0.00263113 0.00196173 0.00258887 0.999773 0.0211762 -0.00201727 -0.0211708 0.999774 0.16031 -0.210324 0.657604
FixedParameters: 0 0 0

#Transform 108
Transform: AffineTransform_float_3_3
Parameters: 0.999993 -0.00316158 0.00196758 0.00311541 0.999736 0.0227543 -0.00203941 -0.0227477 0.999739 0.16732 -0.0254384 0.531176
FixedParameters: 0 0 0

#Transform 109
Transform: AffineTransform_float_3_3
Parameters: 0.999994 -0.00289097 0.00180601 0.00285003 0.999748 0.0222913 -0.00186999 -0.0222857 0.99975 0.158463 -0.0495626 0.547747
FixedParameters: 0 0 0

#Transform 110
Transform: AffineTransform_float_3_3
Parameters: 0.999995 -0.00223475 0.00228763 0.00218224 0.999737 0.0228071 -0.00233838 -0.0228029 0.999738 0.159929 -0.134084 0.595826
FixedParameters: 0 0 0

#Transform 111
Transform: AffineTransform_float_3_3
Parameters: 0.999994 -0.00240566 0.0024454 0.00235132 0.999752 0.0221159 -0.00249861 -0.0221091 0.999753 0.144224 -0.209872 0.624492
FixedParameters: 0 0 0

#Transform 112
Transform: AffineTransform_float_3_3
Parameters: 0.999994 -0.00225273 0.00235568 0.00219929 0.999752 0.0221513 -0.0024043 -0.0221457 0.999752 0.142853 -0.203457 0.629061
FixedParameters: 0 0 0

#Transform 113
Transform: AffineTransform_float_3_3
Parameters: 0.999996 -0.00202399 0.00202203 0.00197701 0.999734 0.0229781 -0.00206797 -0.0229739 0.999734 0.152353 -0.184829 0.622774
FixedParameters: 0 0 0

#Transform 114
Transform: AffineTransform_float_3_3
Parameters: 0.999993 -0.00241369 0.00261436 0.00235129 0.999724 0.0233493 -0.00267062 -0.0233427 0.999724 0.162843 -0.206649 0.64297
FixedParameters: 0 0 0

#Transform 115
Transform: AffineTransform_float_3_3
Parameters: 0.999993 -0.00246112 0.00261193 0.00239787 0.999712 0.0239014 -0.00267007 -0.0238946 0.999711 0.162553 -0.18096 0.65787
FixedParameters: 0 0 0

#Transform 116
Transform: AffineTransform_float_3_3
Parameters: 0.999991 -0.00318058 0.0025278 0.00311541 0.999678 0.0251561 -0.00260718 -0.0251479 0.999681 0.179308 -0.0362289 0.628098
FixedParameters: 0 0 0

#Transform 117
Transform: AffineTransform_float_3_3
Parameters: 0.999993 -0.00263768 0.00237131 0.00257933 0.999699 0.0244173 -0.0024347 -0.0244117 0.999699 0.162602 -0.0699085 0.586109
FixedParameters: 0 0 0

#Transform 118
Transform: AffineTransform_float_3_3
Parameters: 0.999993 -0.00266386 0.00237868 0.00260513 0.999698 0.0244133 -0.00244332 -0.0244076 0.999699 0.155917 0.0918094 0.524884
FixedParameters: 0 0 0

#Transform 119
Transform: AffineTransform_float_3_3
Parameters: 0.999994 -0.0026459 0.00251546 0.00258412 0.999702 0.0242977 -0.00257854 -0.0242913 0.999701 0.15245 0.0191816 0.517826
FixedParameters: 0 0 0

#Transform 120
Transform: AffineTransform_float_3_3
Parameters: 0.999992 -0.00293969 0.00245951 0.00288033 0.999719 0.0235333 -0.00252747 -0.0235267 0.99972 0.155509 -0.0123273 0.558787
FixedParameters: 0 0 0

#Transform 121
Transform: AffineTransform_float_3_3
Parameters: 0.999991 -0.00304592 0.0026964 0.00298107 0.999713 0.0237612 -0.0027686 -0.0237528 0.999714 0.163346 -0.0270896 0.581455
FixedParameters: 0 0 0

#Transform 122
Transform: AffineTransform_float_3_3
Parameters: 0.999994 -0.00258367 0.00199209 0.00255432 0.999888 0.0147582 -0.00202991 -0.0147528 0.999889 0.113216 0.0911746 0.231749
FixedParameters: 0 0 0

#Transform 123
Transform: AffineTransform_float_3_3
Parameters: 0.999993 -0.00298859 0.00216949 0.0029494 0.999833 0.0180265 -0.00222352 -0.0180195 0.999835 0.145195 0.144564 0.298235
FixedParameters: 0 0 0

#Transform 124
Transform: AffineTransform_float_3_3
Parameters: 0.999994 -0.00323224 0.0017441 0.00320175 0.999849 0.0170677 -0.0017999 -0.0170623 0.999853 0.159703 0.160662 0.252704
FixedParameters: 0 0 0

#Transform 125
Transform: AffineTransform_float_3_3
Parameters: 0.999993 -0.0028355 0.00213264 0.00279351 0.999802 0.0196741 -0.00218737 -0.0196679 0.999804 0.158512 0.0988739 0.357721
FixedParameters: 0 0 0

#Transform 126
Transform: AffineTransform_float_3_3
Parameters: 0.999993 -0.00262224 0.00239713 0.00257077 0.999774 0.0211333 -0.00245187 -0.0211267 0.999774 0.179931 0.0318483 0.403423
FixedParameters: 0 0 0

#Transform 127
Transform: AffineTransform_float_3_3
Parameters: 0.999994 -0.00234794 0.00251492 0.00229206 0.999755 0.0220199 -0.00256609 -0.0220141 0.999755 0.162181 -0.0836465 0.463673
FixedParameters: 0 0 0

#Transform 128
Transform: AffineTransform_float_3_3
Parameters: 0.999993 -0.00243102 0.00284258 0.00236099 0.9997 0.0243819 -0.00290042 -0.0243751 0.999698 0.161103 -0.0283729 0.532824
FixedParameters: 0 0 0

#Transform 129
Transform: AffineTransform_float_3_3
Parameters: 0.999993 -0.002717 0.0028482 0.00264301 0.999667 0.0256697 -0.0029168 -0.0256623 0.999666 0.161681 0.0330605 0.510505
FixedParameters: 0 0 0

#Transform 130
Transform: AffineTransform_float_3_3
Parameters: 0.999992 -0.00296809 0.00273377 0.0028969 0.999666 0.0256521 -0.00280922 -0.0256439 0.999667 0.168355 0.105994 0.467452
FixedParameters: 0 0 0

#Transform 131
Transform: AffineTransform_float_3_3
Parameters: 0.999991 -0.00289884 0.00289285 0.00282515 0.999678 0.0252114 -0.00296515 -0.0252026 0.999678 0.161714 0.0528875 0.475569
FixedParameters: 0 0 0

#Transform 132
Transform: AffineTransform_float_3_3
Parameters: 0.99999 -0.00332069 0.0030709 0.00323733 0.999633 0.0268682 -0.0031581 -0.0268578 0.999635 0.172107 0.0173968 0.561246
FixedParameters: 0 0 0

#Transform 133
Transform: AffineTransform_float_3_3
Parameters: 0.999989 -0.00350413 0.00296905 0.00342486 0.999649 0.0262514 -0.00305994 -0.0262405 0.999651 0.197295 0.0346553 0.521093
FixedParameters: 0 0 0

#Transform 134
Transform: AffineTransform_float_3_3
Parameters: 0.999989 -0.00350921 0.00303632 0.0034258 0.999621 0.0273077 -0.0031307 -0.0272973 0.999623 0.195887 0.0485936 0.554778
FixedParameters: 0 0 0

#Transform 135
Transform: AffineTransform_float_3_3
Parameters: 0.999989 -0.00350596 0.00295348 0.00342502 0.99963 0.0269854 -0.00304752 -0.0269746 0.999632 0.197728 0.013465 0.562305
FixedParameters: 0 0 0

#Transform 136
Transform: AffineTransform_float_3_3
Parameters: 0.99999 -0.00331657 0.00297963 0.00323442 0.999631 0.0269749 -0.00306835 -0.0269651 0.999631 0.193904 -0.00510868 0.598674
FixedParameters: 0 0 0

#Transform 137
Transform: AffineTransform_float_3_3
Parameters: 0.999991 -0.00336609 0.00281532 0.00328892 0.999632 0.0269515 -0.00290468 -0.0269425 0.999633 0.195985 0.00330244 0.589655
FixedParameters: 0 0 0

#Transform 138
Transform: AffineTransform_float_3_3
Parameters: 0.999986 -0.00400906 0.00360674 0.00388594 0.999431 0.0335015 -0.00373926 -0.0334875 0.999432 0.349083 0.0172355 0.667782
FixedParameters: 0 0 0

#Transform 139
Transform: AffineTransform_float_3_3
Parameters: 0.999983 -0.00419784 0.00419486 0.00403916 0.999301 0.0371806 -0.00434815 -0.0371634 0.9993 0.336086 -0.0781207 0.585354
FixedParameters: 0 0 0

#Transform 140
Transform: AffineTransform_float_3_3
Parameters: 0.999982 -0.00462034 0.00364857 0.00448964 0.99937 0.035221 -0.00380945 -0.035204 0.999373 0.286781 0.0512128 0.413699
FixedParameters: 0 0 0

#Transform 141
Transform: AffineTransform_float_3_3
Parameters: 0.999986 -0.00419254 0.00321797 0.00407246 0.999333 0.0362966 -0.00336801 -0.0362824 0.999336 0.276385 -0.0811302 0.689144
FixedParameters: 0 0 0

#Transform 142
Transform: AffineTransform_float_3_3
Parameters: 0.999995 -0.00287695 0.000664558 0.00285007 0.999292 0.0375091 -0.000771443 -0.037507 0.999296 0.244155 -0.238198 0.900198
FixedParameters: 0 0 0

#Transform 143
Transform: AffineTransform_float_3_3
Parameters: 0.999999 -0.00170308 0.000748668 0.00168091 0.99959 0.0285593 -0.000797329 -0.0285577 0.999592 0.165098 -0.239949 0.555655
FixedParameters: 0 0 0

#Transform 144
Transform: AffineTransform_float_3_3
Parameters: 0.999999 -0.000532776 -0.000704166 0.000550219 0.999658 0.0261376 0.000689854 -0.0261384 0.999658 0.120311 -0.276572 0.661846
FixedParameters: 0 0 0

#Transform 145
Transform: AffineTransform_float_3_3
Parameters: 0.999999 -0.00143269 0.00027921 0.00142332 0.999485 0.0320614 -0.000324801 -0.0320616 0.999486 0.180136 -0.244939 1.01023
FixedParameters: 0 0 0

#Transform 146
Transform: AffineTransform_float_3_3
Parameters: 0.999998 -0.00222432 0.000633161 0.00220068 0.999394 0.0347175 -0.00070983 -0.0347165 0.999397 0.252956 -0.342141 1.09496
FixedParameters: 0 0 0

#Transform 147
Transform: AffineTransform_float_3_3
Parameters: 0.999995 -0.00292322 -4.79349e-05 0.00292278 0.999314 0.036912 -5.99267e-05 -0.036912 0.999318 0.340927 -0.181567 0.964486
FixedParameters: 0 0 0

#Transform 148
Transform: AffineTransform_float_3_3
Parameters: 0.999995 -0.00315196 0.000437143 0.00313301 0.999268 0.0381276 -0.000557856 -0.0381254 0.999273 0.355297 -0.260249 1.03372
FixedParameters: 0 0 0

#Transform 149
Transform: AffineTransform_float_3_3
Parameters: 0.999994 -0.00360602 -0.000378536 0.00361696 0.999389 0.0347488 0.000252465 -0.0347501 0.999396 0.350961 -0.358791 1.05406
FixedParameters: 0 0 0

#Transform 150
Transform: AffineTransform_float_3_3
Parameters: 0.999993 -0.00357557 9.72631e-05 0.00357044 0.999385 0.0349026 -0.00022175 -0.0349014 0.99939 0.341525 -0.281772 1.0487
FixedParameters: 0 0 0

#Transform 151
Transform: AffineTransform_float_3_3
Parameters: 0.999992 -0.00384497 0.000915543 0.00381101 0.999394 0.0345938 -0.00104846 -0.0345902 0.999401 0.378409 -0.161486 0.900331
FixedParameters: 0 0 0

#Transform 152
Transform: AffineTransform_float_3_3
Parameters: 0.99999 -0.00432864 0.00101511 0.00428837 0.999303 0.0371017 -0.00117491 -0.0370973 0.999311 0.387811 0.0111079 0.868015
FixedParameters: 0 0 0

#Transform 153
Transform: AffineTransform_float_3_3
Parameters: 0.999989 -0.00439144 0.00114507 0.00434556 0.999304 0.0370543 -0.00130691 -0.0370496 0.999312 0.392876 -0.116227 0.893062
FixedParameters: 0 0 0

#Transform 154
Transform: AffineTransform_float_3_3
Parameters: 0.999988 -0.00484193 0.00128476 0.00479206 0.999327 0.0363716 -0.00146024 -0.0363644 0.999338 0.411443 -0.150684 0.906812
FixedParameters: 0 0 0

#Transform 155
Transform: AffineTransform_float_3_3
Parameters: 0.999988 -0.00471127 0.00136391 0.00465773 0.999315 0.0367268 -0.00153609 -0.0367202 0.999325 0.400254 -0.159494 0.915845
FixedParameters: 0 0 0

#Transform 156
Transform: AffineTransform_float_3_3
Parameters: 0.999992 -0.00380065 0.00134785 0.00374834 0.999303 0.0371223 -0.00148816 -0.0371166 0.99931 0.294021 -0.221733 0.966092
FixedParameters: 0 0 0

#Transform 157
Transform: AffineTransform_float_3_3
Parameters: 0.999993 -0.00324694 0.0014627 0.00319205 0.999342 0.0361149 -0.0015793 -0.0361101 0.999346 0.267088 -0.153077 0.866768
FixedParameters: 0 0 0

#Transform 158
Transform: AffineTransform_float_3_3
Parameters: 0.999993 -0.00352516 0.00166089 0.00346483 0.999383 0.034931 -0.00178311 -0.034925 0.999389 0.276401 -0.084339 0.76007
FixedParameters: 0 0 0

#Transform 159
Transform: AffineTransform_float_3_3
Parameters: 0.999989 -0.00408829 0.00226761 0.00400574 0.999373 0.0351765 -0.00240938 -0.0351676 0.999379 0.317501 -0.129669 0.822813
FixedParameters: 0 0 0

#Transform 160
Transform: AffineTransform_float_3_3
Parameters: 0.999988 -0.0045852 0.0020104 0.00450778 0.999311 0.0368555 -0.00217859 -0.0368455 0.999318 0.343351 -0.0618771 0.857414
FixedParameters: 0 0 0

#Transform 161
Transform: AffineTransform_float_3_3
Parameters: 0.999987 -0.00454422 0.00223138 0.00445776 0.999296 0.0372324 -0.00239961 -0.0372216 0.999304 0.336595 -0.039115 0.852654
FixedParameters: 0 0 0

#Transform 162
Transform: AffineTransform_float_3_3
Parameters: 0.999987 -0.00439966 0.0023714 0.00431131 0.999336 0.0361787 -0.00252961 -0.0361683 0.999342 0.324853 -0.0692799 0.8389
FixedParameters: 0 0 0

#Transform 163
Transform: AffineTransform_float_3_3
Parameters: 0.999988 -0.00424098 0.00216819 0.00416102 0.999355 0.0356524 -0.0023178 -0.0356426 0.999362 0.348797 -0.0418954 0.808861
FixedParameters: 0 0 0

#Transform 164
Transform: AffineTransform_float_3_3
Parameters: 0.999986 -0.00453888 0.00245568 0.00444914 0.999361 0.0354454 -0.00261432 -0.0354346 0.999368 0.339251 -0.107373 0.843131
FixedParameters: 0 0 0

#Transform 165
Transform: AffineTransform_float_3_3
Parameters: 0.999987 -0.00431637 0.00278121 0.00421364 0.99935 0.0358172 -0.00293378 -0.0358048 0.999355 0.324104 -0.0950893 0.872944
FixedParameters: 0 0 0

#Transform 166
Transform: AffineTransform_float_3_3
Parameters: 0.999985 -0.00470547 0.00282755 0.00460255 0.999358 0.0355476 -0.00299247 -0.0355335 0.999364 0.338118 -0.100526 0.868437
FixedParameters: 0 0 0

#Transform 167
Transform: AffineTransform_float_3_3
Parameters: 0.999987 -0.00440206 0.00259238 0.00430591 0.999344 0.0359646 -0.00274961 -0.0359523 0.999349 0.333613 -0.0903155 0.837738
FixedParameters: 0 0 0

#Transform 168
Transform: AffineTransform_float_3_3
Parameters: 0.999985 -0.00480234 0.00256557 0.00470568 0.999315 0.0366876 -0.00273946 -0.0366754 0.999323 0.337245 0.0418547 0.801972
FixedParameters: 0 0 0

#Transform 169
Transform: AffineTransform_float_3_3
Parameters: 0.999981 -0.00593153 0.00180583 0.00587346 0.999522 0.0303512 -0.00198515 -0.0303398 0.999537 0.440635 0.111014 0.464601
FixedParameters: 0 0 0

#Transform 170
Transform: AffineTransform_float_3_3
Parameters: 0.999964 -0.00801851 0.00268713 0.00796147 0.999752 0.0207691 -0.00285388 -0.0207468 0.99978 0.584868 0.382763 -0.0672531
FixedParameters: 0 0 0

#Transform 171
Transform: AffineTransform_float_3_3
Parameters: 0.999971 -0.00722768 0.00236429 0.00717033 0.999706 0.0231616 -0.0025307 -0.0231444 0.999729 0.537555 0.398777 -0.0483928
FixedParameters: 0 0 0

#Transform 172
Transform: AffineTransform_float_3_3
Parameters: 0.999989 -0.00437711 0.00175227 0.0043319 0.999679 0.0249689 -0.00186073 -0.0249611 0.999686 0.328486 0.57839 -0.13864
FixedParameters: 0 0 0

#Transform 173
Transform: AffineTransform_float_3_3
Parameters: 0.999983 -0.00477189 0.00338863 0.0046991 0.999764 0.0212023 -0.00348938 -0.0211857 0.99977 0.322719 0.443651 -0.159268
FixedParameters: 0 0 0

#Transform 174
Transform: AffineTransform_float_3_3
Parameters: 0.99996 -0.00657419 0.0060236 0.0064588 0.999796 0.0191097 -0.00614843 -0.0190703 0.999799 0.379827 0.584897 -0.35217
FixedParameters: 0 0 0

#Transform 175
Transform: AffineTransform_float_3_3
Parameters: 0.999967 -0.00606722 0.0055078 0.00595378 0.999776 0.0203445 -0.0056302 -0.0203115 0.999778 0.355441 0.642919 -0.399776
FixedParameters: 0 0 0

#Transform 176
Transform: AffineTransform_float_3_3
Parameters: 0.999962 -0.00623114 0.00599458 0.00610387 0.999761 0.0209984 -0.00612341 -0.0209616 0.999761 0.341614 0.650108 -0.426025
FixedParameters: 0 0 0

#Transform 177
Transform: AffineTransform_float_3_3
Parameters: 0.999965 -0.00616564 0.00569122 0.00604936 0.99978 0.0201182 -0.00581377 -0.0200829 0.999782 0.347029 0.664391 -0.490042
FixedParameters: 0 0 0

#Transform 178
Transform: AffineTransform_float_3_3
Parameters: 0.999965 -0.0059994 0.00583671 0.0058816 0.999784 0.019927 -0.00595528 -0.019892 0.999785 0.336961 0.623542 -0.449757
FixedParameters: 0 0 0

#Transform 179
Transform: AffineTransform_float_3_3
Parameters: 0.999967 -0.00571504 0.00573937 0.00560795 0.999813 0.0184958 -0.00584464 -0.0184632 0.999813 0.294672 0.585146 -0.415928
FixedParameters: 0 0 0

#Transform 180
Transform: AffineTransform_float_3_3
Parameters: 0.99997 -0.00544839 0.00563301 0.00534162 0.999811 0.0187317 -0.00573398 -0.0187013 0.999808 0.278166 0.479091 -0.326054
FixedParameters: 0 0 0

#Transform 181
Transform: AffineTransform_float_3_3
Parameters: 0.999969 -0.00538953 0.00574131 0.00527849 0.999801 0.0192659 -0.0058437 -0.0192351 0.999798 0.282886 0.586367 -0.322945
FixedParameters: 0 0 0

#Transform 182
Transform: AffineTransform_float_3_3
Parameters: 0.999965 -0.00577015 0.0060878 0.00565584 0.999811 0.0186041 -0.0061942 -0.0185689 0.999809 0.289809 0.501306 -0.323674
FixedParameters: 0 0 0

#Transform 183
Transform: AffineTransform_float_3_3
Parameters: 0.999966 -0.0055393 0.00613802 0.00542371 0.999809 0.0188039 -0.006241 -0.0187701 0.999805 0.266792 0.549524 -0.300015
FixedParameters: 0 0 0

#Transform 184
Transform: AffineTransform_float_3_3
Parameters: 0.999966 -0.00534283 0.0061948 0.00522216 0.999799 0.019361 -0.0062972 -0.019328 0.999794 0.279814 0.529142 -0.313556
FixedParameters: 0 0 0

#Transform 185
Transform: AffineTransform_float_3_3
Parameters: 0.999964 -0.0055964 0.00638539 0.00546961 0.999792 0.0196436 -0.0064936 -0.0196084 0.999786 0.299403 0.498568 -0.283816
FixedParameters: 0 0 0

#Transform 186
Transform: AffineTransform_float_3_3
Parameters: 0.99997 -0.00534423 0.00564057 0.00523377 0.999799 0.0193791 -0.00574343 -0.0193489 0.999797 0.306212 0.55415 -0.308806
FixedParameters: 0 0 0

#Transform 187
Transform: AffineTransform_float_3_3
Parameters: 0.999969 -0.00537613 0.0057946 0.00525788 0.999782 0.0202121 -0.00590139 -0.0201809 0.999779 0.319408 0.51659 -0.26899
FixedParameters: 0 0 0

#Transform 188
Transform: AffineTransform_float_3_3
Parameters: 0.999964 -0.00565185 0.00631762 0.00551216 0.999744 0.0219396 -0.00643939 -0.0219034 0.99974 0.321308 0.442028 -0.141207
FixedParameters: 0 0 0

#Transform 189
Transform: AffineTransform_float_3_3
Parameters: 0.999967 -0.00552166 0.00607405 0.00538035 0.999723 0.0229345 -0.00619893 -0.0229005 0.999718 0.337901 0.547706 -0.219855
