# transform file /out/sourcedata/freesurfer/sub-v1s23x0050559_ses-1/mri/transforms/cc_up.lta
# created by oesteban on Mon Mar  9 18:56:38 2026

type      = 0 # LINEAR_VOX_TO_VOX
nxforms   = 1
mean      = 130.0000 107.0000 117.0000
sigma     = 10000.0000
1 4 4
9.932206869125366e-01 -1.082835346460342e-01 -4.227392747998238e-02 1.567876815795898e+01 
1.081855893135071e-01 9.941199421882629e-01 -4.604646004736423e-03 2.835985946655273e+01 
4.252396896481514e-02 0.000000000000000e+00 9.990953207015991e-01 1.273093605041504e+01 
0.000000000000000e+00 0.000000000000000e+00 0.000000000000000e+00 1.000000000000000e+00 
src volume info
valid = 1  # volume info valid
filename = /out/sourcedata/freesurfer/sub-v1s23x0050559_ses-1/mri/norm.mgz
volume = 256 256 256
voxelsize = 1.000000000000000e+00 1.000000000000000e+00 1.000000000000000e+00
xras   = -1.000000000000000e+00 0.000000000000000e+00 0.000000000000000e+00
yras   = 0.000000000000000e+00 0.000000000000000e+00 -1.000000000000000e+00
zras   = 0.000000000000000e+00 1.000000000000000e+00 0.000000000000000e+00
cras   = 4.183082580566406e+01 -4.522056579589844e+01 3.224833679199219e+01
dst volume info
valid = 1  # volume info valid
filename = /out/sourcedata/freesurfer/sub-v1s23x0050559_ses-1/mri/norm.mgz
volume = 256 256 256
voxelsize = 1.000000000000000e+00 1.000000000000000e+00 1.000000000000000e+00
xras   = -1.000000000000000e+00 0.000000000000000e+00 0.000000000000000e+00
yras   = 0.000000000000000e+00 0.000000000000000e+00 -1.000000000000000e+00
zras   = 0.000000000000000e+00 1.000000000000000e+00 0.000000000000000e+00
cras   = 4.183082580566406e+01 -4.522056579589844e+01 3.224833679199219e+01
