#Insight Transform File V1.0
#Transform 0
Transform: AffineTransform_float_3_3
Parameters: 1 8.82e-09 -9e-05 8.82e-09 1 9.8e-05 9e-05 -9.8e-05 1 0.0131082 -0.0442343 0.346244
FixedParameters: 0 0 0

#Transform 1
Transform: AffineTransform_float_3_3
Parameters: 1 -2.27194e-07 -0.000253 -2.27194e-07 0.999999 -0.000897999 0.000253 0.000897999 0.999999 0.0357089 0.0538904 0.0749375
FixedParameters: 0 0 0

#Transform 2
Transform: AffineTransform_float_3_3
Parameters: 1 -0.000396054 -0.000142849 0.000395945 1 -0.000381057 0.000143151 0.000380943 1 0.0589126 0.0386271 0.0258826
FixedParameters: 0 0 0

#Transform 3
Transform: AffineTransform_float_3_3
Parameters: 1 -0.00025794 -9.91571e-05 0.00025806 1 0.000608974 9.88428e-05 -0.000609025 1 0.0475722 0.0790525 -0.0421643
FixedParameters: 0 0 0

#Transform 4
Transform: AffineTransform_float_3_3
Parameters: 1 3.2054e-08 -6.2e-05 3.2054e-08 1 0.000517 6.2e-05 -0.000517 1 0.0330139 0.0928687 -0.0487443
FixedParameters: 0 0 0

#Transform 5
Transform: AffineTransform_float_3_3
Parameters: 1 0.000206932 7.71831e-05 -0.000207068 0.999999 0.000884983 -7.68167e-05 -0.000885015 0.999999 0.0235201 0.0661244 -0.0713223
FixedParameters: 0 0 0

#Transform 6
Transform: AffineTransform_float_3_3
Parameters: 1 0.000242975 7.00855e-05 -0.000243025 1 0.000351983 -6.99145e-05 -0.000352017 1 0.0247032 0.145299 -0.0684952
FixedParameters: 0 0 0

#Transform 7
Transform: AffineTransform_float_3_3
Parameters: 1 0.000217867 0.000171169 -0.000218132 0.999999 0.000773962 -0.000170831 -0.000774037 0.999999 0.0178984 0.104755 -0.0716719
FixedParameters: 0 0 0

#Transform 8
Transform: AffineTransform_float_3_3
Parameters: 1 0.00026497 0.00026703 -0.00026503 1 0.000111929 -0.00026697 -0.000112071 1 0.0155081 0.196854 -0.0644395
FixedParameters: 0 0 0

#Transform 9
Transform: AffineTransform_float_3_3
Parameters: 1 0.000186714 0.00033416 -0.000187287 0.999999 0.000855937 -0.00033484 -0.000856062 0.999999 0.0121253 0.128735 -0.0877296
FixedParameters: 0 0 0

#Transform 10
Transform: AffineTransform_float_3_3
Parameters: 1 0.000196974 0.000407012 -0.000197026 1 6.29198e-05 -0.000406988 -6.30802e-05 1 0.00572971 0.172232 -0.0659637
FixedParameters: 0 0 0

#Transform 11
Transform: AffineTransform_float_3_3
Parameters: 1 -3.01392e-07 0.000504 -3.01392e-07 1 0.000598 -0.000504 -0.000598 0.999999 0.0016173 0.174569 -0.0731071
FixedParameters: 0 0 0

#Transform 12
Transform: AffineTransform_float_3_3
Parameters: 1 -1.55918e-07 0.000301 -1.55918e-07 1 0.000518 -0.000301 -0.000518 1 0.0140626 0.16776 -0.0644085
FixedParameters: 0 0 0

#Transform 13
Transform: AffineTransform_float_3_3
Parameters: 1 -3.888e-08 0.00048 -3.888e-08 1 8.1e-05 -0.00048 -8.1e-05 1 0.00724814 0.229675 -0.0782825
FixedParameters: 0 0 0

#Transform 14
Transform: AffineTransform_float_3_3
Parameters: 1 -3.6623e-07 0.00053 -3.6623e-07 1 0.000690999 -0.00053 -0.000690999 0.999999 0.00476654 0.194575 -0.085065
FixedParameters: 0 0 0

#Transform 15
Transform: AffineTransform_float_3_3
Parameters: 1 0.000180744 0.000601077 -0.000181255 1 0.000424891 -0.000600923 -0.000425109 0.999999 -0.000742341 0.177455 -0.0877935
FixedParameters: 0 0 0

#Transform 16
Transform: AffineTransform_float_3_3
Parameters: 1 0.000235806 0.000661069 -0.000236194 1 0.000292844 -0.00066093 -0.000293156 0.999999 -0.00283095 0.23074 -0.0783901
FixedParameters: 0 0 0

#Transform 17
Transform: AffineTransform_float_3_3
Parameters: 0.999999 0.000229654 0.000732108 -0.000230346 1 0.000472831 -0.000731891 -0.000473168 0.999999 -0.0109322 0.190522 -0.0937827
FixedParameters: 0 0 0

#Transform 18
Transform: AffineTransform_float_3_3
Parameters: 0.999999 0.000315965 0.000690016 -0.000316035 1 5.07819e-05 -0.000689983 -5.1218e-05 1 -0.013867 0.249108 -0.133866
FixedParameters: 0 0 0

#Transform 19
Transform: AffineTransform_float_3_3
Parameters: 0.999999 0.000421904 0.000627064 -0.000422096 1 0.000152735 -0.000626935 -0.000153265 1 -0.0122578 0.301541 -0.123385
FixedParameters: 0 0 0

#Transform 20
Transform: AffineTransform_float_3_3
Parameters: 1 0.000501709 0.000467313 -0.000501291 0.999999 0.000623765 -0.000466687 -0.000623234 0.999999 -0.00205475 0.273449 -0.0977596
FixedParameters: 0 0 0

#Transform 21
Transform: AffineTransform_float_3_3
Parameters: 0.999999 0.000460741 0.000604198 -0.000461259 1 0.000429721 -0.000603802 -0.000429278 0.999999 -0.00673928 0.274203 -0.134555
FixedParameters: 0 0 0

#Transform 22
Transform: AffineTransform_float_3_3
Parameters: 0.999999 0.000460607 0.000743243 -0.000461392 1 0.000527657 -0.000742756 -0.000528342 0.999999 -0.0161293 0.260949 -0.125432
FixedParameters: 0 0 0

#Transform 23
Transform: AffineTransform_float_3_3
Parameters: 0.999999 0.000518858 0.000616119 -0.000519141 1 0.00022968 -0.00061588 -0.00023032 1 -0.00870632 0.251783 -0.114612
FixedParameters: 0 0 0

#Transform 24
Transform: AffineTransform_float_3_3
Parameters: 1 0.000460776 0.000435237 -0.000461223 1 0.000513799 -0.000434763 -0.0005142 1 0.00314482 0.237429 -0.084257
FixedParameters: 0 0 0

#Transform 25
Transform: AffineTransform_float_3_3
Parameters: 0.999999 0.000461151 0.000640891 -0.000460849 1 -0.000235295 -0.000641108 0.000235704 1 -0.0110422 0.310035 -0.109043
FixedParameters: 0 0 0

#Transform 26
Transform: AffineTransform_float_3_3
Parameters: 0.999999 0.000460836 0.000677111 -0.000461163 1 0.000241688 -0.000676888 -0.000242312 0.999999 -0.0130991 0.236652 -0.0850557
FixedParameters: 0 0 0

#Transform 27
Transform: AffineTransform_float_3_3
Parameters: 0.999999 0.000461208 0.000813882 -0.000460792 1 -0.000255375 -0.000814117 0.000255625 0.999999 -0.0207816 0.29402 -0.109989
FixedParameters: 0 0 0

#Transform 28
Transform: AffineTransform_float_3_3
Parameters: 0.999999 0.000461001 0.000781998 -0.000460998 1 -2.3605e-06 -0.000782 1.6395e-06 0.999999 -0.0189178 0.28763 -0.131982
FixedParameters: 0 0 0

#Transform 29
Transform: AffineTransform_float_3_3
Parameters: 0.999999 0.000394941 0.000731031 -0.000395059 1 8.07112e-05 -0.000730967 -8.12887e-05 0.999999 -0.0200445 0.267556 -0.103149
FixedParameters: 0 0 0

#Transform 30
Transform: AffineTransform_float_3_3
Parameters: 1 0.000461092 0.000916954 -0.000460909 1 -9.94226e-05 -0.000917046 9.95772e-05 0.999999 -0.030762 0.301796 -0.10397
FixedParameters: 0 0 0

#Transform 31
Transform: AffineTransform_float_3_3
Parameters: 1 0.000460625 0.000997174 -0.000461375 1 0.00037554 -0.000996827 -0.000376459 1 -0.0307761 0.248917 -0.110822
FixedParameters: 0 0 0

#Transform 32
Transform: AffineTransform_float_3_3
Parameters: 1 0.00051108 0.000914955 -0.00051092 1 -8.74675e-05 -0.000915045 8.75323e-05 0.999999 -0.025315 0.297895 -0.110174
FixedParameters: 0 0 0

#Transform 33
Transform: AffineTransform_float_3_3
Parameters: 0.999999 0.000461006 0.000690995 -0.000460993 1 -9.31854e-06 -0.000691004 8.68144e-06 1 -0.0138022 0.27022 -0.109189
FixedParameters: 0 0 0

#Transform 34
Transform: AffineTransform_float_3_3
Parameters: 1 0.000374692 0.000986738 -0.000373309 0.999999 -0.000701369 -0.000986263 0.000700631 1 -0.0316105 0.34752 -0.106659
FixedParameters: 0 0 0

#Transform 35
Transform: AffineTransform_float_3_3
Parameters: 0.999999 0.000126208 0.000798967 -0.000125791 1 -0.0002611 -0.000799032 0.000260899 0.999999 -0.00794733 0.293166 -0.116581
FixedParameters: 0 0 0

#Transform 36
Transform: AffineTransform_float_3_3
Parameters: 1 0.00035483 0.00103572 -0.000354171 0.999999 -0.000800367 -0.00103628 0.000800633 0.999999 -0.0254197 0.371003 -0.122267
FixedParameters: 0 0 0

#Transform 37
Transform: AffineTransform_float_3_3
Parameters: 1 0.000247227 0.00046988 -0.000246773 1 -0.000483116 -0.000470119 0.000482884 1 0.00334807 0.28607 -0.0196591
FixedParameters: 0 0 0

#Transform 38
Transform: AffineTransform_float_3_3
Parameters: 0.999999 0.000741783 0.00108078 -0.000740216 0.999999 -0.0016498 -0.00108222 0.0016482 0.999998 -0.0498761 0.407516 -0.0296631
FixedParameters: 0 0 0

#Transform 39
Transform: AffineTransform_float_3_3
Parameters: 0.999999 0.000767609 0.000586203 -0.000767391 0.999999 -0.00103845 -0.000586797 0.00103855 1 -0.0136633 0.34449 -0.0360793
FixedParameters: 0 0 0

#Transform 40
Transform: AffineTransform_float_3_3
Parameters: 0.999998 0.00093962 0.0012911 -0.000936378 0.999997 -0.00202921 -0.0012929 0.00202779 0.999997 -0.0493409 0.466954 -0.0695785
FixedParameters: 0 0 0

#Transform 41
Transform: AffineTransform_float_3_3
Parameters: 0.999999 0.000948631 0.00125977 -0.000946369 0.999998 -0.00129419 -0.00126123 0.00129381 0.999999 -0.0431521 0.368129 -0.0840138
FixedParameters: 0 0 0

#Transform 42
Transform: AffineTransform_float_3_3
Parameters: 0.999999 0.000816948 0.00132218 -0.000814052 0.999997 -0.00222908 -0.00132382 0.00222792 0.999996 -0.0530308 0.462417 -0.0609223
FixedParameters: 0 0 0

#Transform 43
Transform: AffineTransform_float_3_3
Parameters: 0.999998 0.000913415 0.00138241 -0.000911583 0.999998 -0.00174726 -0.00138459 0.00174574 0.999997 -0.053802 0.423553 -0.0739701
FixedParameters: 0 0 0

#Transform 44
Transform: AffineTransform_float_3_3
Parameters: 0.999998 0.000862345 0.00135351 -0.000859654 0.999998 -0.00173217 -0.00135549 0.00173083 0.999997 -0.0549345 0.429472 -0.108504
FixedParameters: 0 0 0

#Transform 45
Transform: AffineTransform_float_3_3
Parameters: 0.999998 0.000926787 0.00189164 -0.000924211 0.999998 -0.00147475 -0.00189236 0.00147225 0.999997 -0.0855185 0.429452 -0.107797
FixedParameters: 0 0 0

#Transform 46
Transform: AffineTransform_float_3_3
Parameters: 0.999999 0.00100997 0.00143361 -0.00100803 0.999998 -0.00137645 -0.00143439 0.00137555 0.999998 -0.0592445 0.395262 -0.0608292
FixedParameters: 0 0 0

#Transform 47
Transform: AffineTransform_float_3_3
Parameters: 0.999999 0.00107663 0.00146407 -0.00107337 0.999998 -0.00179657 -0.00146593 0.00179542 0.999998 -0.0580323 0.473153 -0.0840003
FixedParameters: 0 0 0

#Transform 48
Transform: AffineTransform_float_3_3
Parameters: 0.999999 0.00107605 0.00141845 -0.00107395 0.999999 -0.00144453 -0.00142055 0.00144347 0.999998 -0.051198 0.445111 -0.0970832
FixedParameters: 0 0 0

#Transform 49
Transform: AffineTransform_float_3_3
Parameters: 0.999998 0.00107623 0.00134621 -0.00107376 0.999998 -0.00166045 -0.00134878 0.00165855 0.999997 -0.048603 0.445431 -0.0730799
FixedParameters: 0 0 0

#Transform 50
Transform: AffineTransform_float_3_3
Parameters: 0.999998 0.000913384 0.00135339 -0.000910616 0.999998 -0.00176124 -0.00135461 0.00175977 0.999998 -0.0491381 0.487071 -0.0880622
FixedParameters: 0 0 0

#Transform 51
Transform: AffineTransform_float_3_3
Parameters: 0.999999 0.000176214 0.00140372 -0.000173785 0.999998 -0.00157724 -0.00140428 0.00157675 0.999998 -0.00908938 0.460933 -0.123159
FixedParameters: 0 0 0

#Transform 52
Transform: AffineTransform_float_3_3
Parameters: 0.999999 2.64263e-05 0.00149496 -2.45735e-05 0.999998 -0.00162304 -0.00149504 0.00162296 0.999997 -0.0165877 0.469502 -0.141319
FixedParameters: 0 0 0

#Transform 53
Transform: AffineTransform_float_3_3
Parameters: 0.999999 -0.000105643 0.00134319 0.000108357 0.999999 -0.00175486 -0.00134281 0.00175514 0.999997 2.69185e-05 0.462855 -0.113361
FixedParameters: 0 0 0

#Transform 54
Transform: AffineTransform_float_3_3
Parameters: 0.999999 -0.000194479 0.00144734 0.000197522 0.999998 -0.00174272 -0.00144666 0.00174228 0.999998 -0.0132459 0.486484 -0.15309
FixedParameters: 0 0 0

#Transform 55
Transform: AffineTransform_float_3_3
Parameters: 0.999999 0.000148995 0.00143869 -0.000146005 0.999998 -0.00208121 -0.00143931 0.00208179 0.999997 -0.0390972 0.516581 -0.159211
FixedParameters: 0 0 0

#Transform 56
Transform: AffineTransform_float_3_3
Parameters: 0.999999 0.000129905 0.00145674 -0.000127096 0.999998 -0.00199419 -0.00145626 0.00199381 0.999997 -0.0402872 0.483397 -0.12684
FixedParameters: 0 0 0

#Transform 57
Transform: AffineTransform_float_3_3
Parameters: 0.999999 -0.000193934 0.0014984 0.000197064 0.999998 -0.00204571 -0.0014976 0.00204629 0.999997 -0.0429874 0.496776 -0.123109
FixedParameters: 0 0 0

#Transform 58
Transform: AffineTransform_float_3_3
Parameters: 0.999999 -0.000194243 0.00145337 0.000197757 0.999998 -0.00189772 -0.00145263 0.00189728 0.999997 -0.0375859 0.498304 -0.138539
FixedParameters: 0 0 0

#Transform 59
Transform: AffineTransform_float_3_3
Parameters: 0.999999 -0.000193654 0.00149944 0.000197347 0.999998 -0.00223171 -0.00149956 0.00223229 0.999997 -0.0450759 0.500511 -0.107224
FixedParameters: 0 0 0

#Transform 60
Transform: AffineTransform_float_3_3
Parameters: 0.999999 -0.000193019 0.0015395 0.000196981 0.999996 -0.0025857 -0.0015395 0.0025863 0.999996 -0.0429177 0.555332 -0.0801861
FixedParameters: 0 0 0

#Transform 61
Transform: AffineTransform_float_3_3
Parameters: 0.999999 -0.000193159 0.00152549 0.000197842 0.999997 -0.0025177 -0.00152551 0.0025183 0.999995 -0.0420176 0.538711 -0.0690518
FixedParameters: 0 0 0

#Transform 62
Transform: AffineTransform_float_3_3
Parameters: 0.999999 -0.000284239 0.00154969 0.00028776 0.999997 -0.00242756 -0.00154831 0.00242744 0.999996 -0.041299 0.527876 -0.0902593
FixedParameters: 0 0 0

#Transform 63
Transform: AffineTransform_float_3_3
Parameters: 0.999999 -0.000412524 0.00176605 0.000417477 0.999996 -0.00253527 -0.00176495 0.00253573 0.999995 -0.0494023 0.570975 -0.0939228
FixedParameters: 0 0 0

#Transform 64
Transform: AffineTransform_float_3_3
Parameters: 0.999998 -0.000272117 0.00158067 0.000275885 0.999997 -0.00245757 -0.00158033 0.00245743 0.999995 -0.0457143 0.549584 -0.10234
FixedParameters: 0 0 0

#Transform 65
Transform: AffineTransform_float_3_3
Parameters: 0.999998 -1.90164e-05 0.00160305 2.29834e-05 0.999997 -0.00248497 -0.00160295 0.00248503 0.999995 -0.0625575 0.749811 -0.22078
FixedParameters: 0 0 0

#Transform 66
Transform: AffineTransform_float_3_3
Parameters: 0.999999 -2.11255e-05 0.00175704 2.38744e-05 0.999998 -0.00163596 -0.00175696 0.00163604 0.999997 -0.0768098 0.657538 -0.221931
FixedParameters: 0 0 0

#Transform 67
Transform: AffineTransform_float_3_3
Parameters: 0.999999 -0.00024084 0.00182955 0.00024516 0.999998 -0.00227456 -0.00182845 0.00227444 0.999995 -0.0694952 0.654207 -0.166819
FixedParameters: 0 0 0

#Transform 68
Transform: AffineTransform_float_3_3
Parameters: 0.999998 -0.000205984 0.00197953 0.000211014 0.999997 -0.00253359 -0.00197847 0.00253441 0.999995 -0.0695176 0.617051 -0.115146
FixedParameters: 0 0 0

#Transform 69
Transform: AffineTransform_float_3_3
Parameters: 0.999999 -0.000195717 0.00183635 0.000198286 0.999999 -0.00178864 -0.00183665 0.00178836 0.999996 -0.0496695 0.52234 -0.131342
FixedParameters: 0 0 0

#Transform 70
Transform: AffineTransform_float_3_3
Parameters: 0.999998 -0.000210603 0.00197058 0.000216395 0.999996 -0.00273858 -0.00196942 0.00273942 0.999995 -0.0574249 0.613011 -0.103389
FixedParameters: 0 0 0

#Transform 71
Transform: AffineTransform_float_3_3
Parameters: 0.999998 -0.000246232 0.00195361 0.00025177 0.999997 -0.00244151 -0.00195339 0.00244149 0.999995 -0.0620521 0.578575 -0.0879836
FixedParameters: 0 0 0

#Transform 72
Transform: AffineTransform_float_3_3
Parameters: 0.999998 -0.000201928 0.00190354 0.000206073 0.999997 -0.00266461 -0.00190346 0.00266539 0.999994 -0.0578635 0.611816 -0.105952
FixedParameters: 0 0 0

#Transform 73
Transform: AffineTransform_float_3_3
Parameters: 0.999998 -0.000174914 0.00198055 0.000181086 0.999996 -0.00307265 -0.00198045 0.00307335 0.999994 -0.0574824 0.641511 -0.127326
FixedParameters: 0 0 0

#Transform 74
Transform: AffineTransform_float_3_3
Parameters: 0.999999 -0.000272974 0.00180177 0.000278026 0.999996 -0.0027895 -0.00180123 0.0027905 0.999994 -0.0490845 0.611471 -0.106946
FixedParameters: 0 0 0

#Transform 75
Transform: AffineTransform_float_3_3
Parameters: 0.999997 -0.000194435 0.0021456 0.000201564 0.999996 -0.00306058 -0.00214439 0.00306043 0.999993 -0.0770251 0.673643 -0.129807
FixedParameters: 0 0 0

#Transform 76
Transform: AffineTransform_float_3_3
Parameters: 0.999997 -0.000159107 0.00224435 0.000163893 0.999997 -0.00217964 -0.00224465 0.00218036 0.999995 -0.0774781 0.559187 -0.15453
FixedParameters: 0 0 0

#Transform 77
Transform: AffineTransform_float_3_3
Parameters: 0.999998 -0.000165697 0.00228447 0.000172306 0.999996 -0.00275961 -0.00228453 0.00275939 0.999993 -0.0741699 0.6339 -0.13219
FixedParameters: 0 0 0

#Transform 78
Transform: AffineTransform_float_3_3
Parameters: 0.999998 -0.000183905 0.00206346 0.000189097 0.999997 -0.00246961 -0.00206354 0.00246938 0.999995 -0.0621757 0.600604 -0.111782
FixedParameters: 0 0 0

#Transform 79
Transform: AffineTransform_float_3_3
Parameters: 0.999997 -0.000279 0.00242881 0.000285998 0.999996 -0.00288231 -0.00242719 0.00288268 0.999993 -0.0895944 0.652085 -0.131311
FixedParameters: 0 0 0

#Transform 80
Transform: AffineTransform_float_3_3
Parameters: 0.999998 -0.000290766 0.00231779 0.000297236 0.999997 -0.00269032 -0.00231721 0.00269068 0.999993 -0.0781095 0.647302 -0.148244
FixedParameters: 0 0 0

#Transform 81
Transform: AffineTransform_float_3_3
Parameters: 0.999998 -0.000305374 0.00217494 0.000311625 0.999996 -0.00304633 -0.00217406 0.00304767 0.999993 -0.0702427 0.624249 -0.11
FixedParameters: 0 0 0

#Transform 82
Transform: AffineTransform_float_3_3
Parameters: 0.999997 -0.000389382 0.00241108 0.000395618 0.999996 -0.00274506 -0.00240992 0.00274595 0.999994 -0.092772 0.660306 -0.126559
FixedParameters: 0 0 0

#Transform 83
Transform: AffineTransform_float_3_3
Parameters: 0.999997 -0.000303408 0.0025208 0.000310593 0.999996 -0.00261523 -0.0025202 0.00261577 0.999994 -0.0896833 0.632618 -0.145012
FixedParameters: 0 0 0

#Transform 84
Transform: AffineTransform_float_3_3
Parameters: 0.999997 -0.000358151 0.00246301 0.00036485 0.999996 -0.00278111 -0.00246199 0.00278189 0.999993 -0.0872478 0.641697 -0.141678
FixedParameters: 0 0 0

#Transform 85
Transform: AffineTransform_float_3_3
Parameters: 0.999997 -0.000325567 0.00248599 0.000333433 0.999996 -0.00299018 -0.00248501 0.00299082 0.999993 -0.0880532 0.656961 -0.129277
FixedParameters: 0 0 0

#Transform 86
Transform: AffineTransform_float_3_3
Parameters: 0.999998 -0.000281787 0.00199574 0.000287214 0.999996 -0.00261243 -0.00199526 0.00261257 0.999994 -0.0598133 0.582892 -0.0622916
FixedParameters: 0 0 0

#Transform 87
Transform: AffineTransform_float_3_3
Parameters: 0.999996 -0.000310754 0.00259275 0.000317247 0.999997 -0.00240919 -0.00259224 0.00240981 0.999993 -0.0934442 0.604919 -0.0711923
FixedParameters: 0 0 0

#Transform 88
Transform: AffineTransform_float_3_3
Parameters: 0.999997 -0.00028157 0.00235366 0.000286432 0.999998 -0.00230733 -0.00235334 0.00230767 0.999994 -0.0759405 0.592181 -0.0581012
FixedParameters: 0 0 0

#Transform 89
Transform: AffineTransform_float_3_3
Parameters: 0.999996 -0.000228008 0.00256763 0.000234994 0.999997 -0.00272341 -0.00256737 0.0027236 0.999993 -0.0907994 0.685711 -0.0761504
FixedParameters: 0 0 0

#Transform 90
Transform: AffineTransform_float_3_3
Parameters: 0.999997 -0.000220603 0.00272652 0.000226397 0.999997 -0.00234639 -0.00272548 0.00234661 0.999993 -0.0971293 0.594164 -0.100784
FixedParameters: 0 0 0

#Transform 91
Transform: AffineTransform_float_3_3
Parameters: 0.999997 -0.000328772 0.00266903 0.000337229 0.999995 -0.00308311 -0.00266797 0.00308389 0.999991 -0.0884608 0.690787 -0.114425
FixedParameters: 0 0 0

#Transform 92
Transform: AffineTransform_float_3_3
Parameters: 0.999996 -2.96613e-05 0.00258508 3.63382e-05 0.999997 -0.00245191 -0.00258492 0.00245208 0.999993 -0.0818797 0.571275 -0.084827
FixedParameters: 0 0 0

#Transform 93
Transform: AffineTransform_float_3_3
Parameters: 0.999996 -0.000335228 0.00275283 0.00034277 0.999997 -0.00246007 -0.00275117 0.00246093 0.999993 -0.0858608 0.691299 -0.0786836
FixedParameters: 0 0 0

#Transform 94
Transform: AffineTransform_float_3_3
Parameters: 0.999996 -0.000402716 0.002544 0.000409284 0.999997 -0.00246997 -0.002543 0.00247103 0.999993 -0.0677005 0.606066 -0.0468086
FixedParameters: 0 0 0

#Transform 95
Transform: AffineTransform_float_3_3
Parameters: 0.999996 -0.00032217 0.00258499 0.00032983 0.999996 -0.00302916 -0.00258401 0.00302984 0.999992 -0.0795904 0.685676 -0.0627175
FixedParameters: 0 0 0

#Transform 96
Transform: AffineTransform_float_3_3
Parameters: 0.999997 -0.000141474 0.00251444 0.000149523 0.999995 -0.00299263 -0.00251356 0.00299336 0.999993 -0.0694278 0.636514 -0.0690087
FixedParameters: 0 0 0

#Transform 97
Transform: AffineTransform_float_3_3
Parameters: 0.999996 -0.000132779 0.00274851 0.000143225 0.999993 -0.00371962 -0.00274849 0.00371938 0.99999 -0.0823397 0.712651 -0.0791508
FixedParameters: 0 0 0

#Transform 98
Transform: AffineTransform_float_3_3
Parameters: 0.999997 -0.000481801 0.00268867 0.0004902 0.999994 -0.0034217 -0.00268734 0.00342331 0.999991 -0.0846999 0.689886 -0.0786936
FixedParameters: 0 0 0

#Transform 99
Transform: AffineTransform_float_3_3
Parameters: 0.999996 -0.000468707 0.00254554 0.00047729 0.999994 -0.0032578 -0.00254346 0.0032592 0.999992 -0.0766904 0.672356 -0.0862926
FixedParameters: 0 0 0

#Transform 100
Transform: AffineTransform_float_3_3
Parameters: 0.999996 -0.000245261 0.00259794 0.000254737 0.999993 -0.00374835 -0.00259706 0.00374965 0.999989 -0.0760247 0.753502 -0.111203
FixedParameters: 0 0 0

#Transform 101
Transform: AffineTransform_float_3_3
Parameters: 0.999995 -0.000515943 0.00314766 0.000526056 0.999995 -0.00319536 -0.00314533 0.00319664 0.99999 -0.110833 0.678536 -0.113945
FixedParameters: 0 0 0

#Transform 102
Transform: AffineTransform_float_3_3
Parameters: 0.999997 -0.000315617 0.00271911 0.000325386 0.999994 -0.00345113 -0.00271889 0.00345187 0.999991 -0.078386 0.721966 -0.103666
FixedParameters: 0 0 0

#Transform 103
Transform: AffineTransform_float_3_3
Parameters: 0.999997 -0.000724313 0.00260471 0.000733685 0.999993 -0.0037201 -0.00260129 0.0037219 0.999989 -0.0380523 0.761301 -0.087849
FixedParameters: 0 0 0

#Transform 104
Transform: AffineTransform_float_3_3
Parameters: 0.999995 -0.000901006 0.00281022 0.000910991 0.999994 -0.00355646 -0.00280677 0.00355954 0.999989 -0.0549054 0.73659 -0.0988258
FixedParameters: 0 0 0

#Transform 105
Transform: AffineTransform_float_3_3
Parameters: 0.999995 -0.0010229 0.00298583 0.0010341 0.999992 -0.00371893 -0.00298217 0.00372207 0.999988 -0.0594168 0.76382 -0.101952
FixedParameters: 0 0 0

#Transform 106
Transform: AffineTransform_float_3_3
Parameters: 0.999996 -0.000960582 0.00286452 0.000971422 0.999993 -0.00363823 -0.00286149 0.00364077 0.99999 -0.047948 0.746222 -0.0790412
FixedParameters: 0 0 0

#Transform 107
Transform: AffineTransform_float_3_3
Parameters: 0.999995 -0.00115443 0.00267815 0.00116357 0.999993 -0.0035749 -0.00267385 0.0035781 0.99999 -0.0184918 0.718075 -0.0708705
FixedParameters: 0 0 0

#Transform 108
Transform: AffineTransform_float_3_3
Parameters: 0.999995 -0.00109935 0.00288708 0.00111066 0.999992 -0.00369181 -0.00288292 0.00369419 0.999989 -0.0486716 0.769609 -0.0827541
FixedParameters: 0 0 0

#Transform 109
Transform: AffineTransform_float_3_3
Parameters: 0.999996 -0.00113211 0.00281341 0.00114289 0.999992 -0.0038738 -0.00280859 0.0038772 0.999988 -0.0527528 0.738064 -0.0809742
FixedParameters: 0 0 0

#Transform 110
Transform: AffineTransform_float_3_3
Parameters: 0.999995 -0.0011877 0.00301388 0.0012003 0.999991 -0.0040844 -0.00300812 0.00408759 0.999987 -0.0527111 0.751681 -0.0907575
FixedParameters: 0 0 0

#Transform 111
Transform: AffineTransform_float_3_3
Parameters: 0.999995 -0.000954907 0.00308639 0.000969096 0.999989 -0.00456803 -0.0030826 0.00457097 0.999985 -0.065332 0.835788 -0.113283
FixedParameters: 0 0 0

#Transform 112
Transform: AffineTransform_float_3_3
Parameters: 0.999996 -0.000887866 0.00288614 0.000898136 0.999994 -0.00351242 -0.00288286 0.00351458 0.999989 -0.052955 0.759759 -0.0997493
FixedParameters: 0 0 0

#Transform 113
Transform: AffineTransform_float_3_3
Parameters: 0.999995 -0.00104054 0.00296939 0.00105246 0.99999 -0.00419689 -0.00296561 0.0042001 0.999987 -0.0575368 0.82619 -0.109724
FixedParameters: 0 0 0

#Transform 114
Transform: AffineTransform_float_3_3
Parameters: 0.999995 -0.00100333 0.00294566 0.00101467 0.999993 -0.00362403 -0.00294234 0.00362697 0.999989 -0.0582011 0.766754 -0.0970082
FixedParameters: 0 0 0

#Transform 115
Transform: AffineTransform_float_3_3
Parameters: 0.999995 -0.00107318 0.00289903 0.00108382 0.999993 -0.00373188 -0.00289497 0.00373513 0.999989 -0.0515484 0.766838 -0.0869344
FixedParameters: 0 0 0

#Transform 116
Transform: AffineTransform_float_3_3
Parameters: 0.999995 -0.000864668 0.0029923 0.00087533 0.999993 -0.0037874 -0.00298871 0.00379061 0.999989 -0.0555408 0.821615 -0.0904092
FixedParameters: 0 0 0

#Transform 117
Transform: AffineTransform_float_3_3
Parameters: 0.999994 -0.00110521 0.00311321 0.00111679 0.999992 -0.00378754 -0.00310879 0.00379146 0.999988 -0.0626662 0.781527 -0.112259
FixedParameters: 0 0 0

#Transform 118
Transform: AffineTransform_float_3_3
Parameters: 0.999995 -0.000912913 0.00306623 0.000927086 0.999989 -0.00459618 -0.00306177 0.00459882 0.999984 -0.0592752 0.856631 -0.10248
FixedParameters: 0 0 0

#Transform 119
Transform: AffineTransform_float_3_3
Parameters: 0.999995 -0.00128856 0.00312674 0.00129944 0.999992 -0.00365795 -0.00312226 0.00366204 0.999988 -0.0567959 0.802109 -0.112204
FixedParameters: 0 0 0

#Transform 120
Transform: AffineTransform_float_3_3
Parameters: 0.999995 -0.00109022 0.00296436 0.00110178 0.999992 -0.00397475 -0.00295964 0.00397825 0.999987 -0.0445114 0.803908 -0.0990161
FixedParameters: 0 0 0

#Transform 121
Transform: AffineTransform_float_3_3
Parameters: 0.999994 -0.00109803 0.00306803 0.00111197 0.999989 -0.00455461 -0.00306296 0.00455739 0.999985 -0.0506276 0.870342 -0.113413
FixedParameters: 0 0 0

#Transform 122
Transform: AffineTransform_float_3_3
Parameters: 0.999995 -0.0011513 0.00316139 0.0011657 0.999988 -0.00465234 -0.00315661 0.00465566 0.999984 -0.0564984 0.867448 -0.104575
FixedParameters: 0 0 0

#Transform 123
Transform: AffineTransform_float_3_3
Parameters: 0.999995 -0.00102417 0.00304968 0.00103883 0.999989 -0.00453786 -0.00304432 0.00454014 0.999985 -0.0482627 0.867113 -0.0839462
FixedParameters: 0 0 0

#Transform 124
Transform: AffineTransform_float_3_3
Parameters: 0.999994 -0.00109917 0.00306336 0.00111483 0.999987 -0.00484361 -0.00305763 0.00484638 0.999983 -0.0503978 0.911773 -0.111924
FixedParameters: 0 0 0

#Transform 125
Transform: AffineTransform_float_3_3
Parameters: 0.999994 -0.00112856 0.00323507 0.00114344 0.99999 -0.00446433 -0.00322993 0.00446767 0.999985 -0.0624301 0.852288 -0.0933893
FixedParameters: 0 0 0

#Transform 126
Transform: AffineTransform_float_3_3
Parameters: 0.999995 -0.00144692 0.00302127 0.00146208 0.999987 -0.00499561 -0.00301373 0.00499939 0.999983 -0.0536545 0.913713 -0.119658
FixedParameters: 0 0 0

#Transform 127
Transform: AffineTransform_float_3_3
Parameters: 0.999993 -0.00161956 0.00321731 0.00163444 0.999988 -0.00449077 -0.00321069 0.00449623 0.999984 -0.0674579 0.851322 -0.118297
FixedParameters: 0 0 0

#Transform 128
Transform: AffineTransform_float_3_3
Parameters: 0.999996 -0.00121809 0.00276218 0.00123191 0.999986 -0.00503962 -0.00275583 0.00504238 0.999984 -0.0306655 0.941123 -0.121336
FixedParameters: 0 0 0

#Transform 129
Transform: AffineTransform_float_3_3
Parameters: 0.999995 -0.00161947 0.00292609 0.00163454 0.999987 -0.00497225 -0.00291891 0.00497676 0.999984 -0.0512867 0.91745 -0.114556
FixedParameters: 0 0 0

#Transform 130
Transform: AffineTransform_float_3_3
Parameters: 0.999994 -0.00161914 0.00329535 0.00163486 0.999988 -0.00451164 -0.00328765 0.00451735 0.999985 -0.0583006 0.869532 -0.116056
FixedParameters: 0 0 0

#Transform 131
Transform: AffineTransform_float_3_3
Parameters: 0.999994 -0.00108169 0.0032335 0.0010983 0.999986 -0.00504448 -0.0032275 0.00504852 0.999982 -0.0526167 0.960274 -0.153609
FixedParameters: 0 0 0

#Transform 132
Transform: AffineTransform_float_3_3
Parameters: 0.999994 -0.00108401 0.00326435 0.00109999 0.999988 -0.00490044 -0.00325865 0.00490356 0.999982 -0.0539403 0.89944 -0.134891
FixedParameters: 0 0 0

#Transform 133
Transform: AffineTransform_float_3_3
Parameters: 0.999993 -0.00129493 0.00352606 0.00131407 0.999984 -0.0054114 -0.00351894 0.00541559 0.999979 -0.0694036 0.967051 -0.131312
FixedParameters: 0 0 0

#Transform 134
Transform: AffineTransform_float_3_3
Parameters: 0.999991 -0.00138169 0.00383837 0.00140231 0.999985 -0.00529366 -0.00383062 0.00529933 0.999978 -0.0977079 0.936053 -0.127363
FixedParameters: 0 0 0

#Transform 135
Transform: AffineTransform_float_3_3
Parameters: 0.999992 -0.00149612 0.00370527 0.00151388 0.999987 -0.00482743 -0.00369873 0.00483358 0.999982 -0.0908543 0.922893 -0.128647
FixedParameters: 0 0 0

#Transform 136
Transform: AffineTransform_float_3_3
Parameters: 0.999992 -0.00127456 0.00375301 0.00129545 0.999985 -0.00545018 -0.00374599 0.00545482 0.999978 -0.0900712 0.981129 -0.140224
FixedParameters: 0 0 0

#Transform 137
Transform: AffineTransform_float_3_3
Parameters: 0.999991 -0.00161541 0.00375205 0.00163459 0.999987 -0.00495591 -0.00374394 0.00496209 0.99998 -0.0880455 0.906136 -0.164543
FixedParameters: 0 0 0

#Transform 138
Transform: AffineTransform_float_3_3
Parameters: 0.999992 -0.00141131 0.00360217 0.00143269 0.999983 -0.00574888 -0.00359382 0.00575412 0.999977 -0.0729217 0.990091 -0.127279
FixedParameters: 0 0 0

#Transform 139
Transform: AffineTransform_float_3_3
Parameters: 0.999992 -0.00161791 0.00348551 0.00163409 0.999988 -0.00461834 -0.00347749 0.00462366 0.999984 -0.0617005 0.901363 -0.102313
FixedParameters: 0 0 0

#Transform 140
Transform: AffineTransform_float_3_3
Parameters: 0.999994 -0.00174708 0.00306371 0.00176392 0.999983 -0.00552863 -0.00305429 0.00553337 0.99998 -0.0700594 0.93445 0.0240556
FixedParameters: 0 0 0

#Transform 141
Transform: AffineTransform_float_3_3
Parameters: 0.999993 -0.00219731 0.00326335 0.00221669 0.99998 -0.00604282 -0.00324966 0.00604919 0.999977 -0.0803225 0.930998 -0.0332364
FixedParameters: 0 0 0

#Transform 142
Transform: AffineTransform_float_3_3
Parameters: 0.99999 -0.00167605 0.00414025 0.00170595 0.999973 -0.00724001 -0.00412875 0.007247 0.999965 -0.121518 1.09464 -0.0884658
FixedParameters: 0 0 0

#Transform 143
Transform: AffineTransform_float_3_3
Parameters: 0.99999 -0.00178086 0.00391799 0.00180714 0.999976 -0.00667898 -0.00390601 0.00668602 0.99997 -0.103816 0.98513 -0.0976722
FixedParameters: 0 0 0

#Transform 144
Transform: AffineTransform_float_3_3
Parameters: 0.999991 -0.00157311 0.00411655 0.0016029 0.999973 -0.00726948 -0.00410545 0.00727553 0.999965 -0.118276 1.08393 -0.113121
FixedParameters: 0 0 0

#Transform 145
Transform: AffineTransform_float_3_3
Parameters: 0.99999 -0.00163654 0.00418025 0.00166447 0.999976 -0.00681411 -0.00416975 0.0068209 0.999968 -0.10987 1.05616 -0.140251
FixedParameters: 0 0 0

#Transform 146
Transform: AffineTransform_float_3_3
Parameters: 0.999989 -0.00168058 0.00452792 0.00171442 0.999969 -0.00760832 -0.00451508 0.00761667 0.999961 -0.11979 1.12606 -0.122483
FixedParameters: 0 0 0

#Transform 147
Transform: AffineTransform_float_3_3
Parameters: 0.999989 -0.00171828 0.00450401 0.00175272 0.999971 -0.00749319 -0.00449099 0.00750081 0.999962 -0.120876 1.13154 -0.124671
FixedParameters: 0 0 0

#Transform 148
Transform: AffineTransform_float_3_3
Parameters: 0.999988 -0.00163992 0.00462822 0.00167308 0.999972 -0.00737035 -0.00461579 0.00737766 0.999962 -0.131664 1.11239 -0.143889
FixedParameters: 0 0 0

#Transform 149
Transform: AffineTransform_float_3_3
Parameters: 0.999987 -0.00156925 0.00473733 0.00160575 0.999968 -0.00776348 -0.00472567 0.00777151 0.999958 -0.131538 1.1814 -0.161022
FixedParameters: 0 0 0

#Transform 150
Transform: AffineTransform_float_3_3
Parameters: 0.999987 -0.00164025 0.00468196 0.00167374 0.999972 -0.00721225 -0.00467004 0.00722075 0.999963 -0.134696 1.07164 -0.145609
FixedParameters: 0 0 0

#Transform 151
Transform: AffineTransform_float_3_3
Parameters: 0.999986 -0.00155827 0.00496133 0.00159773 0.999968 -0.00781118 -0.00494966 0.00781882 0.999957 -0.129739 1.15148 -0.161415
FixedParameters: 0 0 0

#Transform 152
Transform: AffineTransform_float_3_3
Parameters: 0.999987 -0.00174385 0.0046593 0.00177814 0.99997 -0.00754981 -0.0046457 0.00755819 0.99996 -0.126338 1.12163 -0.162384
FixedParameters: 0 0 0

#Transform 153
Transform: AffineTransform_float_3_3
Parameters: 0.999985 -0.00167161 0.00508379 0.00171238 0.999966 -0.00814841 -0.00506921 0.00815659 0.999954 -0.148828 1.17995 -0.160577
FixedParameters: 0 0 0

#Transform 154
Transform: AffineTransform_float_3_3
Parameters: 0.999987 -0.00192269 0.00474305 0.0019573 0.999972 -0.00723881 -0.00472894 0.00724818 0.999962 -0.126653 1.09432 -0.15997
FixedParameters: 0 0 0

#Transform 155
Transform: AffineTransform_float_3_3
Parameters: 0.999988 -0.00211632 0.00453555 0.00214268 0.999981 -0.00588636 -0.00452246 0.00589665 0.999973 -0.105071 0.943159 -0.0162505
FixedParameters: 0 0 0

#Transform 156
Transform: AffineTransform_float_3_3
Parameters: 0.999989 -0.00178623 0.00419051 0.00181277 0.999978 -0.00639347 -0.00417949 0.00640053 0.999971 -0.0989532 1.00832 -0.0706648
FixedParameters: 0 0 0

#Transform 157
Transform: AffineTransform_float_3_3
Parameters: 0.999991 -0.00209203 0.00387295 0.00211396 0.999981 -0.00567587 -0.00386106 0.00568413 0.999977 -0.0800154 0.939799 -0.0184099
FixedParameters: 0 0 0

#Transform 158
Transform: AffineTransform_float_3_3
Parameters: 0.999988 -0.00179548 0.0044098 0.00182953 0.99997 -0.00761002 -0.0043962 0.00761798 0.999962 -0.115931 1.10075 -0.115992
FixedParameters: 0 0 0

#Transform 159
Transform: AffineTransform_float_3_3
Parameters: 0.999988 -0.00186635 0.00457413 0.00190265 0.999966 -0.0080214 -0.00455888 0.00802961 0.999958 -0.123501 1.15865 -0.0923389
FixedParameters: 0 0 0

#Transform 160
Transform: AffineTransform_float_3_3
Parameters: 0.999986 -0.00188623 0.00481138 0.00192478 0.999965 -0.00806684 -0.00479662 0.00807515 0.999956 -0.137128 1.1875 -0.0962614
FixedParameters: 0 0 0

#Transform 161
Transform: AffineTransform_float_3_3
Parameters: 0.999987 -0.00191161 0.00474166 0.00195038 0.999966 -0.00810386 -0.00472534 0.00811314 0.999956 -0.132917 1.16508 -0.112334
FixedParameters: 0 0 0

#Transform 162
Transform: AffineTransform_float_3_3
Parameters: 0.999987 -0.00171461 0.0047823 0.00175339 0.999964 -0.00824471 -0.0047677 0.00825327 0.999954 -0.125391 1.16466 -0.130891
FixedParameters: 0 0 0

#Transform 163
Transform: AffineTransform_float_3_3
Parameters: 0.999987 -0.00195478 0.00474592 0.00199322 0.999965 -0.00806164 -0.00473008 0.00807135 0.999956 -0.128974 1.14256 -0.11796
FixedParameters: 0 0 0

#Transform 164
Transform: AffineTransform_float_3_3
Parameters: 0.999987 -0.00172362 0.00493529 0.00176339 0.999965 -0.00819041 -0.00492172 0.0081986 0.999955 -0.128577 1.22397 -0.138968
FixedParameters: 0 0 0

#Transform 165
Transform: AffineTransform_float_3_3
Parameters: 0.999985 -0.00187947 0.00512205 0.00191952 0.999967 -0.00791828 -0.00510695 0.00792871 0.999955 -0.137006 1.16885 -0.152432
FixedParameters: 0 0 0

#Transform 166
Transform: AffineTransform_float_3_3
Parameters: 0.999985 -0.00188335 0.00505547 0.00192665 0.999961 -0.00864238 -0.00503953 0.00865161 0.99995 -0.133527 1.24821 -0.138045
FixedParameters: 0 0 0

#Transform 167
Transform: AffineTransform_float_3_3
Parameters: 0.999986 -0.00195662 0.00506398 0.00199938 0.999961 -0.00857501 -0.00504703 0.00858501 0.999951 -0.137239 1.25316 -0.121997
FixedParameters: 0 0 0

#Transform 168
Transform: AffineTransform_float_3_3
Parameters: 0.999986 -0.00196582 0.00493818 0.00200617 0.999965 -0.0081442 -0.00492181 0.00815379 0.999954 -0.124394 1.1955 -0.120721
FixedParameters: 0 0 0

#Transform 169
Transform: AffineTransform_float_3_3
Parameters: 0.999985 -0.00177064 0.00531598 0.00181435 0.999963 -0.00835048 -0.00530103 0.00836051 0.999951 -0.138913 1.26562 -0.139399
FixedParameters: 0 0 0

#Transform 170
Transform: AffineTransform_float_3_3
Parameters: 0.999985 -0.00198892 0.00522959 0.00203209 0.999964 -0.0082465 -0.00521341 0.0082565 0.999953 -0.132151 1.21718 -0.152866
FixedParameters: 0 0 0

#Transform 171
Transform: AffineTransform_float_3_3
Parameters: 0.999984 -0.00198175 0.00528542 0.00202426 0.999965 -0.00819044 -0.00526959 0.00820058 0.999953 -0.137445 1.22162 -0.137385
FixedParameters: 0 0 0

#Transform 172
Transform: AffineTransform_float_3_3
Parameters: 0.999985 -0.00192091 0.0051124 0.00196409 0.999963 -0.00843809 -0.0050956 0.00844792 0.999952 -0.135462 1.25588 -0.150753
FixedParameters: 0 0 0

#Transform 173
Transform: AffineTransform_float_3_3
Parameters: 0.999985 -0.00170815 0.00519262 0.00174886 0.999968 -0.00787304 -0.00517938 0.00788196 0.999955 -0.136529 1.18072 -0.164675
FixedParameters: 0 0 0

#Transform 174
Transform: AffineTransform_float_3_3
Parameters: 0.999985 -0.0019413 0.0052657 0.0019867 0.999962 -0.00849667 -0.0052493 0.00850732 0.99995 -0.151916 1.27131 -0.164088
FixedParameters: 0 0 0

#Transform 175
Transform: AffineTransform_float_3_3
Parameters: 0.999983 -0.00199871 0.00535674 0.00204329 0.999963 -0.00827619 -0.00534026 0.00828681 0.999952 -0.141673 1.21975 -0.134968
FixedParameters: 0 0 0

#Transform 176
Transform: AffineTransform_float_3_3
Parameters: 0.999984 -0.0017767 0.00535094 0.0018243 0.999959 -0.00884738 -0.00533506 0.00885662 0.999946 -0.146493 1.28414 -0.137951
FixedParameters: 0 0 0

#Transform 177
Transform: AffineTransform_float_3_3
Parameters: 0.999984 -0.00175912 0.00545401 0.00181188 0.999953 -0.00952127 -0.00543699 0.00953172 0.99994 -0.15858 1.39746 -0.208977
FixedParameters: 0 0 0

#Transform 178
Transform: AffineTransform_float_3_3
Parameters: 0.999987 -0.00105446 0.00498973 0.00110455 0.99995 -0.00993662 -0.00497927 0.00994238 0.999938 -0.14382 1.59817 -0.296326
FixedParameters: 0 0 0

#Transform 179
Transform: AffineTransform_float_3_3
Parameters: 0.999983 -0.00162943 0.00548881 0.00167257 0.999968 -0.00775994 -0.00547618 0.00776905 0.999955 -0.155119 1.23061 -0.179253
FixedParameters: 0 0 0

#Transform 180
Transform: AffineTransform_float_3_3
Parameters: 0.999985 -0.00174397 0.00519265 0.00178703 0.999964 -0.00829385 -0.00517835 0.00830316 0.999952 -0.127672 1.28557 -0.164275
FixedParameters: 0 0 0

#Transform 181
Transform: AffineTransform_float_3_3
Parameters: 0.999984 -0.00178482 0.00536521 0.00182719 0.999968 -0.00786732 -0.00535178 0.00787668 0.999954 -0.135792 1.27367 -0.15279
FixedParameters: 0 0 0

#Transform 182
Transform: AffineTransform_float_3_3
Parameters: 0.999982 -0.00203589 0.00561442 0.00208511 0.999958 -0.00893246 -0.00559659 0.00894456 0.999945 -0.150555 1.33259 -0.159618
FixedParameters: 0 0 0

#Transform 183
Transform: AffineTransform_float_3_3
Parameters: 0.999981 -0.00204949 0.00571625 0.0020965 0.999963 -0.00831717 -0.00569874 0.00832984 0.999949 -0.147397 1.30681 -0.157787
FixedParameters: 0 0 0

#Transform 184
Transform: AffineTransform_float_3_3
Parameters: 0.999982 -0.00189131 0.005606 0.00194068 0.999959 -0.00887027 -0.00558899 0.00888172 0.999945 -0.138619 1.31925 -0.127422
FixedParameters: 0 0 0

#Transform 185
Transform: AffineTransform_float_3_3
Parameters: 0.999982 -0.00212703 0.00559326 0.00217697 0.999957 -0.00894298 -0.00557374 0.00895502 0.999945 -0.14777 1.38481 -0.114964
FixedParameters: 0 0 0

#Transform 186
Transform: AffineTransform_float_3_3
Parameters: 0.999983 -0.00216949 0.00539031 0.00221252 0.999967 -0.00789421 -0.00537269 0.0079058 0.999955 -0.141264 1.26119 -0.102246
FixedParameters: 0 0 0

#Transform 187
Transform: AffineTransform_float_3_3
Parameters: 0.999984 -0.00185032 0.00535606 0.00189867 0.999957 -0.00909698 -0.00533894 0.00910703 0.999945 -0.146531 1.36763 -0.111022
FixedParameters: 0 0 0

#Transform 188
Transform: AffineTransform_float_3_3
Parameters: 0.999984 -0.00171434 0.00540836 0.00175866 0.999965 -0.00826263 -0.00539464 0.00827239 0.999951 -0.142037 1.27904 -0.119559
FixedParameters: 0 0 0

#Transform 189
Transform: AffineTransform_float_3_3
