#Insight Transform File V1.0
#Transform 0
Transform: AffineTransform_float_3_3
Parameters: 1 6.82272e-07 -0.000367999 -3.17726e-07 0.999999 0.001854 0.000368001 -0.001854 0.999998 0.00947817 -0.0500081 -0.396622
FixedParameters: 0 0 0

#Transform 1
Transform: AffineTransform_float_3_3
Parameters: 1 0.00017493 0.000471026 -0.00017507 1 0.000148918 -0.000470974 -0.000149082 1 -0.0186806 0.00485308 0.0279381
FixedParameters: 0 0 0

#Transform 2
Transform: AffineTransform_float_3_3
Parameters: 1 -2.0758e-07 0.000388 -2.0758e-07 1 0.000535 -0.000388 -0.000535 1 -0.0100611 0.00695194 -0.013491
FixedParameters: 0 0 0

#Transform 3
Transform: AffineTransform_float_3_3
Parameters: 1 -1.40417e-06 0.001034 -4.04173e-07 0.999999 0.001358 -0.001034 -0.001358 0.999998 -0.00402351 0.0822381 -0.0483471
FixedParameters: 0 0 0

#Transform 4
Transform: AffineTransform_float_3_3
Parameters: 0.999999 -0.000437072 0.0012993 0.000434927 0.999998 0.00159557 -0.0012997 -0.00159443 0.999998 0.00537829 -0.0632214 -0.0340476
FixedParameters: 0 0 0

#Transform 5
Transform: AffineTransform_float_3_3
Parameters: 1 -0.000564052 0.00102888 0.000561948 0.999998 0.00199358 -0.00103012 -0.00199342 0.999997 0.00783301 -0.0483817 -0.0192612
FixedParameters: 0 0 0

#Transform 6
Transform: AffineTransform_float_3_3
Parameters: 0.999999 -9.3632e-07 0.000769999 6.3679e-08 1 0.001216 -0.00077 -0.001216 0.999999 -0.0104741 0.0151886 -0.0346484
FixedParameters: 0 0 0

#Transform 7
Transform: AffineTransform_float_3_3
Parameters: 1 0.000381106 0.00103133 -0.000381894 0.999999 0.000866606 -0.00103067 -0.000867393 0.999999 -0.0481137 -0.00426016 -0.0437133
FixedParameters: 0 0 0

#Transform 8
Transform: AffineTransform_float_3_3
Parameters: 0.999998 0.000353149 0.00169439 -0.00035485 1 0.0010914 -0.00169461 -0.0010926 0.999998 -0.0525493 0.00556727 -0.0909407
FixedParameters: 0 0 0

#Transform 9
Transform: AffineTransform_float_3_3
Parameters: 0.999999 0.000338884 0.00145126 -0.000340115 0.999999 0.000768507 -0.00145074 -0.000769492 0.999998 -0.0572687 0.0165482 -0.123617
FixedParameters: 0 0 0

#Transform 10
Transform: AffineTransform_float_3_3
Parameters: 0.999999 0.000231612 0.00147306 -0.000232387 1 0.000262658 -0.00147294 -0.000263341 0.999999 -0.0545672 0.0671785 -0.161507
FixedParameters: 0 0 0

#Transform 11
Transform: AffineTransform_float_3_3
Parameters: 0.999999 0.000442399 0.00139219 -0.000443601 1 0.000431383 -0.00139281 -0.000431617 0.999999 -0.069429 0.0333135 -0.157891
FixedParameters: 0 0 0

#Transform 12
Transform: AffineTransform_float_3_3
Parameters: 0.999998 0.000449886 0.00153833 -0.000451114 0.999999 0.000724306 -0.00153767 -0.000724692 0.999998 -0.0707788 0.0582933 -0.148488
FixedParameters: 0 0 0

#Transform 13
Transform: AffineTransform_float_3_3
Parameters: 0.999999 0.000906705 0.000972209 -0.000907294 0.999998 0.00133212 -0.000970792 -0.00133288 0.999998 -0.0909489 0.0497782 -0.110285
FixedParameters: 0 0 0

#Transform 14
Transform: AffineTransform_float_3_3
Parameters: 0.999998 0.00175067 0.00116501 -0.00175233 0.999998 0.00114496 -0.00116299 -0.00114704 0.999998 -0.140422 0.0222539 -0.0976498
FixedParameters: 0 0 0

#Transform 15
Transform: AffineTransform_float_3_3
Parameters: 0.999998 0.00148017 0.00121523 -0.00148283 0.999998 0.0015072 -0.00121277 -0.0015088 0.999998 -0.124015 0.0186804 -0.0941797
FixedParameters: 0 0 0

#Transform 16
Transform: AffineTransform_float_3_3
Parameters: 0.999998 0.00181397 0.000857176 -0.00181503 0.999997 0.00119845 -0.000855825 -0.00119955 0.999999 -0.142949 0.0180884 -0.147541
FixedParameters: 0 0 0

#Transform 17
Transform: AffineTransform_float_3_3
Parameters: 0.999998 0.0019329 0.000177146 -0.00193311 0.999998 0.000592659 -0.000176853 -0.000593343 1 -0.132352 0.0599713 -0.143308
FixedParameters: 0 0 0

#Transform 18
Transform: AffineTransform_float_3_3
Parameters: 0.999998 0.00193221 0.000704177 -0.00193279 0.999998 0.00112564 -0.000701823 -0.00112736 0.999999 -0.163569 0.041993 -0.177504
FixedParameters: 0 0 0

#Transform 19
Transform: AffineTransform_float_3_3
Parameters: 0.999998 0.00172907 0.000723235 -0.00173093 0.999997 0.00129175 -0.000720763 -0.00129325 0.999999 -0.148327 0.0321926 -0.16858
FixedParameters: 0 0 0

#Transform 20
Transform: AffineTransform_float_3_3
Parameters: 0.999998 0.00152182 0.000798244 -0.00152317 0.999998 0.00147379 -0.000795754 -0.00147521 0.999998 -0.136814 0.0315609 -0.179323
FixedParameters: 0 0 0

#Transform 21
Transform: AffineTransform_float_3_3
Parameters: 0.999999 0.000946384 0.000856788 -0.000948616 0.999998 0.00188719 -0.00085521 -0.00188881 0.999998 -0.105328 0.0408982 -0.138153
FixedParameters: 0 0 0

#Transform 22
Transform: AffineTransform_float_3_3
Parameters: 0.999999 0.00104219 0.00085721 -0.00104382 0.999997 0.00211811 -0.000855791 -0.0021189 0.999998 -0.10832 0.0217394 -0.131264
FixedParameters: 0 0 0

#Transform 23
Transform: AffineTransform_float_3_3
Parameters: 0.999999 0.00120175 0.000955837 -0.00120325 0.999997 0.00235785 -0.000952166 -0.00235815 0.999997 -0.123103 0.00019839 -0.153018
FixedParameters: 0 0 0

#Transform 24
Transform: AffineTransform_float_3_3
Parameters: 0.999999 0.00147422 0.000915873 -0.00147578 0.999997 0.00194665 -0.000913129 -0.00194735 0.999997 -0.141579 0.0221533 -0.161079
FixedParameters: 0 0 0

#Transform 25
Transform: AffineTransform_float_3_3
Parameters: 0.999999 0.00132431 0.000857617 -0.00132569 0.999997 0.00197487 -0.000855382 -0.00197613 0.999997 -0.140481 0.041244 -0.164965
FixedParameters: 0 0 0

#Transform 26
Transform: AffineTransform_float_3_3
Parameters: 0.999998 0.00147428 0.000857956 -0.00147672 0.999997 0.00200374 -0.000855041 -0.00200526 0.999997 -0.147682 0.0197983 -0.172456
FixedParameters: 0 0 0

#Transform 27
Transform: AffineTransform_float_3_3
Parameters: 0.999998 0.001474 0.000858438 -0.001476 0.999996 0.00233074 -0.00085556 -0.00233226 0.999997 -0.14575 0.0108974 -0.152285
FixedParameters: 0 0 0

#Transform 28
Transform: AffineTransform_float_3_3
Parameters: 0.999999 0.00103199 0.000857423 -0.00103401 0.999996 0.00234511 -0.000855577 -0.00234588 0.999997 -0.107987 0.0245452 -0.124469
FixedParameters: 0 0 0

#Transform 29
Transform: AffineTransform_float_3_3
Parameters: 0.999998 0.00119877 0.00103658 -0.00120123 0.999997 0.00215076 -0.00103342 -0.00215224 0.999997 -0.138007 -0.00493649 -0.103916
FixedParameters: 0 0 0

#Transform 30
Transform: AffineTransform_float_3_3
Parameters: 0.999998 0.00136808 0.000858075 -0.00136992 0.999996 0.00224583 -0.000854926 -0.00224617 0.999997 -0.135825 0.0683783 -0.133226
FixedParameters: 0 0 0

#Transform 31
Transform: AffineTransform_float_3_3
Parameters: 0.999998 0.0012673 0.0011061 -0.0012697 0.999996 0.0024436 -0.0011029 -0.0024444 0.999996 -0.139019 -0.0161186 -0.117952
FixedParameters: 0 0 0

#Transform 32
Transform: AffineTransform_float_3_3
Parameters: 0.999998 0.00126073 0.00104076 -0.00126327 0.999997 0.00218469 -0.00103824 -0.00218531 0.999997 -0.136715 0.0128196 -0.103081
FixedParameters: 0 0 0

#Transform 33
Transform: AffineTransform_float_3_3
Parameters: 0.999999 0.00147359 0.000992593 -0.00147642 0.999996 0.00243554 -0.000989405 -0.00243746 0.999996 -0.144072 0.0404593 -0.125531
FixedParameters: 0 0 0

#Transform 34
Transform: AffineTransform_float_3_3
Parameters: 0.999999 0.00105272 0.00080698 -0.00105528 0.999996 0.00282715 -0.000804019 -0.00282785 0.999995 -0.131585 -0.00628508 -0.115747
FixedParameters: 0 0 0

#Transform 35
Transform: AffineTransform_float_3_3
Parameters: 0.999998 0.00147362 0.000859088 -0.00147638 0.999995 0.00277174 -0.000854909 -0.00277326 0.999996 -0.143635 0.00273215 -0.103798
FixedParameters: 0 0 0

#Transform 36
Transform: AffineTransform_float_3_3
Parameters: 0.999998 0.00147304 0.000860081 -0.00147595 0.999993 0.00344573 -0.000854917 -0.00344726 0.999993 -0.147815 -0.00135896 -0.119177
FixedParameters: 0 0 0

#Transform 37
Transform: AffineTransform_float_3_3
Parameters: 0.999999 0.00124967 0.000652473 -0.00125233 0.999993 0.00357519 -0.000648527 -0.00357581 0.999994 -0.13515 -0.0240593 -0.0991223
FixedParameters: 0 0 0

#Transform 38
Transform: AffineTransform_float_3_3
Parameters: 0.999999 0.00126474 0.000638494 -0.00126726 0.999993 0.00355019 -0.000634504 -0.0035508 0.999993 -0.130698 0.00772723 -0.0842691
FixedParameters: 0 0 0

#Transform 39
Transform: AffineTransform_float_3_3
Parameters: 0.999999 0.00123737 0.000858804 -0.00123963 0.999994 0.00307094 -0.000855196 -0.00307206 0.999995 -0.140495 0.0112517 -0.0990325
FixedParameters: 0 0 0

#Transform 40
Transform: AffineTransform_float_3_3
Parameters: 0.999999 0.00125933 0.000759446 -0.00126167 0.999993 0.00352605 -0.000755556 -0.00352696 0.999994 -0.137848 -0.046168 -0.0780333
FixedParameters: 0 0 0

#Transform 41
Transform: AffineTransform_float_3_3
Parameters: 0.999999 0.00110389 0.000644624 -0.00110611 0.999994 0.00327929 -0.000641375 -0.00328071 0.999995 -0.127489 0.000375682 -0.0661594
FixedParameters: 0 0 0

#Transform 42
Transform: AffineTransform_float_3_3
Parameters: 0.999999 0.000987144 0.000858296 -0.000989858 0.999994 0.00333315 -0.000855704 -0.00333485 0.999994 -0.124682 -0.0544922 -0.0562482
FixedParameters: 0 0 0

#Transform 43
Transform: AffineTransform_float_3_3
Parameters: 0.999999 0.00115412 0.000536073 -0.00115588 0.999993 0.00352638 -0.000531926 -0.00352762 0.999993 -0.131657 -0.027495 -0.0585195
FixedParameters: 0 0 0

#Transform 44
Transform: AffineTransform_float_3_3
Parameters: 0.999999 0.00110081 0.000578197 -0.00110319 0.999992 0.00380837 -0.000573803 -0.00380864 0.999993 -0.129077 -0.0194244 -0.0499805
FixedParameters: 0 0 0

#Transform 45
Transform: AffineTransform_float_3_3
Parameters: 0.999999 0.0012201 0.000540306 -0.0012219 0.999993 0.00352634 -0.000535694 -0.00352666 0.999993 -0.139481 -0.00205657 -0.0698647
FixedParameters: 0 0 0

#Transform 46
Transform: AffineTransform_float_3_3
Parameters: 1 0.00104684 0.000588861 -0.00104916 0.999992 0.00368438 -0.000585139 -0.00368461 0.999993 -0.130423 -0.0182515 -0.0608103
FixedParameters: 0 0 0

#Transform 47
Transform: AffineTransform_float_3_3
Parameters: 1 0.00105669 0.000612012 -0.00105931 0.999992 0.00379235 -0.000607986 -0.00379364 0.999992 -0.137434 -0.0315947 -0.060311
FixedParameters: 0 0 0

#Transform 48
Transform: AffineTransform_float_3_3
Parameters: 0.999999 0.00118793 0.000572313 -0.00119007 0.999992 0.00362732 -0.000567686 -0.00362868 0.999994 -0.140698 -0.0369739 -0.0450824
FixedParameters: 0 0 0

#Transform 49
Transform: AffineTransform_float_3_3
Parameters: 1 0.000979422 0.000444494 -0.000980581 0.999993 0.00356457 -0.000441507 -0.00356543 0.999993 -0.116889 -0.0365002 -0.0137976
FixedParameters: 0 0 0

#Transform 50
Transform: AffineTransform_float_3_3
Parameters: 0.999999 0.0010289 0.000777125 -0.0010321 0.999991 0.0040032 -0.000772874 -0.0040038 0.999991 -0.123378 -0.0542136 -0.00538453
FixedParameters: 0 0 0

#Transform 51
Transform: AffineTransform_float_3_3
Parameters: 1 0.00096377 0.000542978 -0.000966231 0.999991 0.00412248 -0.000539022 -0.00412252 0.999992 -0.111116 -0.0797803 0.00364054
FixedParameters: 0 0 0

#Transform 52
Transform: AffineTransform_float_3_3
Parameters: 1 0.00107259 0.000350358 -0.00107441 0.999991 0.00406063 -0.000345641 -0.00406037 0.999991 -0.118289 -0.0677783 -0.00442378
FixedParameters: 0 0 0

#Transform 53
Transform: AffineTransform_float_3_3
Parameters: 1 0.000966128 0.000459954 -0.000967873 0.999991 0.00408856 -0.000456046 -0.00408944 0.999991 -0.114066 -0.0634692 -0.0198294
FixedParameters: 0 0 0

#Transform 54
Transform: AffineTransform_float_3_3
Parameters: 1 0.000881782 0.000563486 -0.000884216 0.999992 0.0039475 -0.000559514 -0.0039485 0.999992 -0.101358 -0.0212006 -0.0325247
FixedParameters: 0 0 0

#Transform 55
Transform: AffineTransform_float_3_3
Parameters: 0.999999 0.000806449 0.000588511 -0.000809552 0.99999 0.00434653 -0.000585486 -0.00434748 0.999991 -0.114003 -0.0655444 -0.03903
FixedParameters: 0 0 0

#Transform 56
Transform: AffineTransform_float_3_3
Parameters: 1 0.000664722 0.0007549 -0.00066828 0.999991 0.0043515 -0.0007521 -0.0043515 0.99999 -0.0999199 -0.0669651 -0.0368672
FixedParameters: 0 0 0

#Transform 57
Transform: AffineTransform_float_3_3
Parameters: 0.999999 0.000761414 0.000614219 -0.000764588 0.999991 0.00422053 -0.000611778 -0.00422147 0.999991 -0.102181 -0.0522784 -0.0389743
FixedParameters: 0 0 0

#Transform 58
Transform: AffineTransform_float_3_3
Parameters: 1 0.000834927 0.000491539 -0.000837071 0.99999 0.00423259 -0.000487462 -0.00423241 0.999991 -0.0955105 -0.0269891 -0.027067
FixedParameters: 0 0 0

#Transform 59
Transform: AffineTransform_float_3_3
Parameters: 1 0.000803734 0.000889872 -0.000807267 0.999988 0.00480429 -0.000886132 -0.00480472 0.999988 -0.1127 -0.0615481 -0.0150491
FixedParameters: 0 0 0

#Transform 60
Transform: AffineTransform_float_3_3
Parameters: 0.999999 0.00104028 0.000841619 -0.00104472 0.999989 0.00443212 -0.000837378 -0.00443287 0.99999 -0.124745 -0.0542946 -0.0260787
FixedParameters: 0 0 0

#Transform 61
Transform: AffineTransform_float_3_3
Parameters: 0.999999 0.00102969 0.000788341 -0.00103231 0.99999 0.00420819 -0.000784663 -0.00420881 0.999991 -0.123701 -0.0371108 -0.0472012
FixedParameters: 0 0 0

#Transform 62
Transform: AffineTransform_float_3_3
Parameters: 1 0.000718237 0.000657033 -0.000720763 0.999991 0.00421453 -0.000653968 -0.00421547 0.999991 -0.112224 -0.0418037 -0.0500514
FixedParameters: 0 0 0

#Transform 63
Transform: AffineTransform_float_3_3
Parameters: 0.999999 0.000476338 0.00118389 -0.000480662 0.999992 0.00394043 -0.00118211 -0.00394156 0.999991 -0.101101 0.00220381 -0.0518176
FixedParameters: 0 0 0

#Transform 64
Transform: AffineTransform_float_3_3
Parameters: 0.999999 0.000603611 0.000623322 -0.000605387 0.999993 0.00383863 -0.00062068 -0.00383938 0.999993 -0.108321 -0.0450212 -0.0659445
FixedParameters: 0 0 0

#Transform 65
Transform: AffineTransform_float_3_3
Parameters: 0.999999 0.000661721 0.000609483 -0.000664277 0.999993 0.00374659 -0.000606515 -0.0037464 0.999993 -0.103812 -0.032526 -0.0656776
FixedParameters: 0 0 0

#Transform 66
Transform: AffineTransform_float_3_3
Parameters: 1 0.000791354 0.000746814 -0.000794647 0.999994 0.00354941 -0.000744184 -0.00355059 0.999994 -0.11573 -0.0445792 -0.0507378
FixedParameters: 0 0 0

#Transform 67
Transform: AffineTransform_float_3_3
Parameters: 0.999999 0.00103869 0.000906801 -0.00104231 0.999993 0.00365306 -0.000903198 -0.00365394 0.999993 -0.138206 -0.0102042 -0.034297
FixedParameters: 0 0 0

#Transform 68
Transform: AffineTransform_float_3_3
Parameters: 0.999999 0.00103863 0.000909859 -0.00104237 0.999992 0.00370905 -0.000906139 -0.00370994 0.999992 -0.134688 -0.0321994 -0.0529317
FixedParameters: 0 0 0

#Transform 69
Transform: AffineTransform_float_3_3
Parameters: 0.999999 0.00103851 0.000890092 -0.00104249 0.999991 0.00393307 -0.000885906 -0.00393392 0.999992 -0.130654 -0.0717776 -0.0397363
FixedParameters: 0 0 0

#Transform 70
Transform: AffineTransform_float_3_3
Parameters: 0.999999 0.00103924 0.000844404 -0.00104176 0.999994 0.00327012 -0.000840598 -0.00327088 0.999995 -0.124695 -0.0281969 -0.0388931
FixedParameters: 0 0 0

#Transform 71
Transform: AffineTransform_float_3_3
Parameters: 0.999999 0.00103941 0.00074264 -0.00104159 0.999994 0.00349723 -0.000739362 -0.00349777 0.999993 -0.132083 0.00239974 -0.0218847
FixedParameters: 0 0 0

#Transform 72
Transform: AffineTransform_float_3_3
Parameters: 0.999999 0.00103875 0.000687936 -0.00104225 0.999988 0.00474329 -0.000683064 -0.00474372 0.999989 -0.130265 -0.103936 0.0288655
FixedParameters: 0 0 0

#Transform 73
Transform: AffineTransform_float_3_3
Parameters: 0.999999 0.0010394 0.000704853 -0.0010416 0.999992 0.00370227 -0.000700148 -0.00370273 0.999993 -0.133488 -0.0553679 -0.00948241
FixedParameters: 0 0 0

#Transform 74
Transform: AffineTransform_float_3_3
Parameters: 0.999999 0.00120732 0.000767232 -0.00121068 0.999993 0.00350107 -0.000762765 -0.00350192 0.999993 -0.14534 -0.0110372 -0.0378008
FixedParameters: 0 0 0

#Transform 75
Transform: AffineTransform_float_3_3
Parameters: 0.999999 0.00103945 0.000661025 -0.00104255 0.999992 0.00386631 -0.000656973 -0.00386769 0.999993 -0.139178 -0.0732108 -0.0443731
FixedParameters: 0 0 0

#Transform 76
Transform: AffineTransform_float_3_3
Parameters: 0.999999 0.000870134 0.000483374 -0.000871868 0.999992 0.00387358 -0.000480627 -0.00387342 0.999993 -0.131656 -0.0414073 -0.0260171
FixedParameters: 0 0 0

#Transform 77
Transform: AffineTransform_float_3_3
Parameters: 1 0.00103955 0.000566529 -0.00104246 0.99999 0.00435041 -0.000562471 -0.00435059 0.999991 -0.133884 -0.0707583 -0.0161419
FixedParameters: 0 0 0

#Transform 78
Transform: AffineTransform_float_3_3
Parameters: 1 0.00104015 0.000496901 -0.00104186 0.999993 0.00374649 -0.0004931 -0.00374652 0.999993 -0.138315 -0.018561 -0.0432483
FixedParameters: 0 0 0

#Transform 79
Transform: AffineTransform_float_3_3
Parameters: 1 0.00103983 0.000521355 -0.00104217 0.99999 0.00418346 -0.000516645 -0.00418354 0.999991 -0.13772 -0.0507676 -0.0326925
FixedParameters: 0 0 0

#Transform 80
Transform: AffineTransform_float_3_3
Parameters: 1 0.000985035 0.000471131 -0.000986965 0.99999 0.00418954 -0.00046687 -0.00418946 0.999991 -0.140871 -0.0184132 -0.0341081
FixedParameters: 0 0 0

#Transform 81
Transform: AffineTransform_float_3_3
Parameters: 1 0.00103923 0.000590892 -0.00104177 0.999989 0.00470039 -0.000586109 -0.00470161 0.999989 -0.141129 -0.0877512 -0.00266621
FixedParameters: 0 0 0

#Transform 82
Transform: AffineTransform_float_3_3
Parameters: 0.999999 0.000758144 0.000592671 -0.000761857 0.999988 0.00483255 -0.000589324 -0.00483345 0.999988 -0.112401 -0.0101875 -0.0038239
FixedParameters: 0 0 0

#Transform 83
Transform: AffineTransform_float_3_3
Parameters: 0.999999 0.00103813 0.000805012 -0.00104187 0.999988 0.00481817 -0.000799989 -0.00481883 0.999988 -0.140567 -0.0623831 -0.0179564
FixedParameters: 0 0 0

#Transform 84
Transform: AffineTransform_float_3_3
Parameters: 0.999999 0.000850466 0.000897319 -0.000854537 0.999987 0.00506423 -0.000893683 -0.00506576 0.999987 -0.137632 -0.0643624 0.013185
FixedParameters: 0 0 0

#Transform 85
Transform: AffineTransform_float_3_3
Parameters: 1 0.00103944 0.000540951 -0.00104256 0.999988 0.00475744 -0.000536046 -0.00475756 0.999988 -0.132886 -0.0286757 0.0251837
FixedParameters: 0 0 0

#Transform 86
Transform: AffineTransform_float_3_3
Parameters: 1 0.000897705 0.00048527 -0.000900295 0.999989 0.00475057 -0.000480728 -0.00475143 0.999988 -0.131164 -0.0698664 0.00985194
FixedParameters: 0 0 0

#Transform 87
Transform: AffineTransform_float_3_3
Parameters: 0.999999 0.000706897 0.000435433 -0.000709101 0.999988 0.00484969 -0.000431566 -0.00484931 0.999988 -0.108531 -0.0860853 0.0332063
FixedParameters: 0 0 0

#Transform 88
Transform: AffineTransform_float_3_3
Parameters: 0.999999 0.00066083 0.000627355 -0.000663167 0.999987 0.00506459 -0.000623649 -0.00506541 0.999987 -0.110078 -0.0729937 0.0459218
FixedParameters: 0 0 0

#Transform 89
Transform: AffineTransform_float_3_3
Parameters: 1 0.000719927 0.000977502 -0.000726076 0.999981 0.0062263 -0.000973498 -0.00622771 0.99998 -0.117008 -0.0981954 0.119963
FixedParameters: 0 0 0

#Transform 90
Transform: AffineTransform_float_3_3
Parameters: 0.999999 0.00103708 0.000915599 -0.00104191 0.999985 0.00538505 -0.000909402 -0.00538595 0.999985 -0.13901 -0.0808317 0.106173
FixedParameters: 0 0 0

#Transform 91
Transform: AffineTransform_float_3_3
Parameters: 0.999999 0.0011077 0.000870497 -0.0011123 0.999987 0.00495204 -0.000865502 -0.00495297 0.999988 -0.151036 -0.0615691 0.0539893
FixedParameters: 0 0 0

#Transform 92
Transform: AffineTransform_float_3_3
Parameters: 0.999999 0.00103726 0.000951195 -0.00104174 0.999987 0.00499601 -0.000946807 -0.00499699 0.999987 -0.14455 -0.0815121 0.0513477
FixedParameters: 0 0 0

#Transform 93
Transform: AffineTransform_float_3_3
Parameters: 0.999999 0.00103802 0.00070292 -0.00104199 0.999984 0.00569227 -0.000697079 -0.00569373 0.999983 -0.142689 -0.0850621 0.0785055
FixedParameters: 0 0 0

#Transform 94
Transform: AffineTransform_float_3_3
Parameters: 0.999999 0.00135449 0.00039667 -0.0013565 0.999978 0.00639447 -0.000387333 -0.00639553 0.99998 -0.142751 -0.0460298 0.111853
FixedParameters: 0 0 0

#Transform 95
Transform: AffineTransform_float_3_3
Parameters: 0.999999 0.00136342 0.000419487 -0.00136558 0.999979 0.00621843 -0.000410516 -0.00621856 0.99998 -0.148861 -0.110936 0.086225
FixedParameters: 0 0 0

#Transform 96
Transform: AffineTransform_float_3_3
Parameters: 0.999999 0.00150962 0.000243692 -0.00151137 0.999983 0.00575464 -0.000234307 -0.00575436 0.999984 -0.151386 -0.0875778 0.0584706
FixedParameters: 0 0 0

#Transform 97
Transform: AffineTransform_float_3_3
Parameters: 0.999999 0.00128261 0.00056278 -0.00128639 0.999981 0.00605728 -0.000555218 -0.00605772 0.999982 -0.141875 -0.0727902 0.0782562
FixedParameters: 0 0 0

#Transform 98
Transform: AffineTransform_float_3_3
Parameters: 0.999999 0.00125065 0.000400428 -0.00125335 0.999981 0.0059335 -0.000392571 -0.0059335 0.999983 -0.136733 -0.0887683 0.0487001
FixedParameters: 0 0 0

#Transform 99
Transform: AffineTransform_float_3_3
Parameters: 0.999999 0.00128476 0.000406161 -0.00128725 0.999983 0.00556848 -0.000399837 -0.00556952 0.999985 -0.139492 -0.0254873 0.033617
FixedParameters: 0 0 0

#Transform 100
Transform: AffineTransform_float_3_3
Parameters: 0.999999 0.00141689 0.000394652 -0.00141811 0.999985 0.00539645 -0.000387352 -0.00539756 0.999986 -0.149826 -0.0700747 0.0160532
FixedParameters: 0 0 0

#Transform 101
Transform: AffineTransform_float_3_3
Parameters: 0.999999 0.00150052 0.000434665 -0.00150248 0.999982 0.00576936 -0.000426337 -0.00577065 0.999984 -0.154568 -0.0838714 0.0273304
FixedParameters: 0 0 0

#Transform 102
Transform: AffineTransform_float_3_3
Parameters: 0.999999 0.00152186 0.000397306 -0.00152414 0.999984 0.0054534 -0.000388694 -0.0054536 0.999985 -0.154793 -0.050793 0.0180678
FixedParameters: 0 0 0

#Transform 103
Transform: AffineTransform_float_3_3
Parameters: 0.999999 0.00145229 0.000327674 -0.00145371 0.999985 0.00528053 -0.000319327 -0.00528147 0.999986 -0.153898 -0.028787 -0.000722305
FixedParameters: 0 0 0

#Transform 104
Transform: AffineTransform_float_3_3
Parameters: 0.999999 0.00149868 0.00039883 -0.00150132 0.999982 0.00588741 -0.000390168 -0.00588759 0.999982 -0.15192 -0.0887363 0.0253094
FixedParameters: 0 0 0

#Transform 105
Transform: AffineTransform_float_3_3
Parameters: 0.999999 0.00140768 0.00038167 -0.00141032 0.99998 0.00615347 -0.000373328 -0.00615453 0.999981 -0.140433 -0.103813 0.0884366
FixedParameters: 0 0 0

#Transform 106
Transform: AffineTransform_float_3_3
Parameters: 0.999999 0.00136394 0.000557534 -0.00136705 0.999984 0.00551724 -0.000549466 -0.00551775 0.999984 -0.139481 -0.0605188 0.0657375
FixedParameters: 0 0 0

#Transform 107
Transform: AffineTransform_float_3_3
Parameters: 0.999999 0.0014181 0.000160157 -0.0014199 0.999983 0.00574978 -0.000151838 -0.00575023 0.999984 -0.125911 -0.097866 0.0779333
FixedParameters: 0 0 0

#Transform 108
Transform: AffineTransform_float_3_3
Parameters: 0.999999 0.00150555 0.000252816 -0.00150745 0.999981 0.00585262 -0.000243182 -0.00585237 0.999983 -0.138444 -0.095706 0.0695466
FixedParameters: 0 0 0

#Transform 109
Transform: AffineTransform_float_3_3
Parameters: 0.999998 0.00155957 0.000408408 -0.00156243 0.99998 0.00602737 -0.00039859 -0.00602763 0.999982 -0.146577 -0.112178 0.0746135
FixedParameters: 0 0 0

#Transform 110
Transform: AffineTransform_float_3_3
Parameters: 0.999998 0.00188523 0.000156611 -0.00188578 0.999985 0.00509671 -0.000147392 -0.00509629 0.999987 -0.164194 -0.0483293 0.0162553
FixedParameters: 0 0 0

#Transform 111
Transform: AffineTransform_float_3_3
Parameters: 0.999999 0.00156386 3.05516e-05 -0.00156415 0.999984 0.00546796 -2.24475e-05 -0.00546804 0.999985 -0.134567 -0.0393334 0.0386772
FixedParameters: 0 0 0

#Transform 112
Transform: AffineTransform_float_3_3
Parameters: 0.999999 0.00150884 3.10023e-05 -0.00150916 0.999981 0.00596596 -2.19967e-05 -0.00596604 0.999982 -0.141515 -0.10581 0.0732462
FixedParameters: 0 0 0

#Transform 113
Transform: AffineTransform_float_3_3
Parameters: 0.999998 0.00157962 0.000240278 -0.00158138 0.999981 0.00587062 -0.000230721 -0.00587037 0.999982 -0.142837 -0.0958254 0.101165
FixedParameters: 0 0 0

#Transform 114
Transform: AffineTransform_float_3_3
Parameters: 0.999998 0.00157162 0.00024503 -0.00157238 0.999983 0.00574263 -0.000235973 -0.00574338 0.999984 -0.148771 -0.0637205 0.0897457
FixedParameters: 0 0 0

#Transform 115
Transform: AffineTransform_float_3_3
Parameters: 0.999998 0.0015833 0.00026821 -0.00158469 0.999978 0.00644458 -0.000257792 -0.00644542 0.999979 -0.132687 -0.131976 0.112778
FixedParameters: 0 0 0

#Transform 116
Transform: AffineTransform_float_3_3
Parameters: 0.999998 0.00162604 -0.000153378 -0.00162497 0.999978 0.00653426 0.000163621 -0.00653374 0.999978 -0.135672 -0.134063 0.140387
FixedParameters: 0 0 0

#Transform 117
Transform: AffineTransform_float_3_3
Parameters: 0.999999 0.00156659 -9.02245e-05 -0.00156541 0.99998 0.00624115 9.97715e-05 -0.00624085 0.99998 -0.133797 -0.0999606 0.140539
FixedParameters: 0 0 0

#Transform 118
Transform: AffineTransform_float_3_3
Parameters: 0.999999 0.00155335 -4.64693e-05 -0.00155265 0.999976 0.00678008 5.75282e-05 -0.00677992 0.999977 -0.12686 -0.0867691 0.152454
FixedParameters: 0 0 0

#Transform 119
Transform: AffineTransform_float_3_3
Parameters: 0.999999 0.00140256 -0.000365319 -0.00139944 0.999975 0.00690852 0.000375677 -0.00690848 0.999976 -0.110895 -0.10657 0.178547
FixedParameters: 0 0 0

#Transform 120
Transform: AffineTransform_float_3_3
Parameters: 0.999999 0.00124518 -0.000181028 -0.00124382 0.999978 0.00640523 0.00018897 -0.00640476 0.999979 -0.108358 -0.13329 0.18151
FixedParameters: 0 0 0

#Transform 121
Transform: AffineTransform_float_3_3
Parameters: 0.999999 0.00139831 0.000114768 -0.00139869 0.99998 0.00626885 -0.000106234 -0.00626916 0.999981 -0.124685 -0.130643 0.193701
FixedParameters: 0 0 0

#Transform 122
Transform: AffineTransform_float_3_3
Parameters: 1 0.00117548 -6.92692e-05 -0.00117452 0.999977 0.00657809 7.67277e-05 -0.00657791 0.999979 -0.0982902 -0.126649 0.210975
FixedParameters: 0 0 0

#Transform 123
Transform: AffineTransform_float_3_3
Parameters: 1 0.00114846 -7.3122e-05 -0.00114854 0.999982 0.00599009 8.08812e-05 -0.00598991 0.999982 -0.105693 -0.0654011 0.147875
FixedParameters: 0 0 0

#Transform 124
Transform: AffineTransform_float_3_3
Parameters: 0.999999 0.00143186 2.67363e-05 -0.00143114 0.999981 0.00610097 -1.82689e-05 -0.00610104 0.999982 -0.124458 -0.12317 0.154736
FixedParameters: 0 0 0

#Transform 125
Transform: AffineTransform_float_3_3
Parameters: 0.999999 0.00128873 -0.000102176 -0.00128827 0.999975 0.00684914 0.000110826 -0.00684886 0.999977 -0.114058 -0.13174 0.203667
FixedParameters: 0 0 0

#Transform 126
Transform: AffineTransform_float_3_3
Parameters: 0.999999 0.00101337 -5.66907e-05 -0.00101262 0.99998 0.00622706 6.33068e-05 -0.00622694 0.99998 -0.0970815 -0.0967917 0.17067
FixedParameters: 0 0 0

#Transform 127
Transform: AffineTransform_float_3_3
Parameters: 1 0.00121492 -0.000146567 -0.00121408 0.99998 0.00612018 0.000154433 -0.00611982 0.999982 -0.10811 -0.092617 0.180728
FixedParameters: 0 0 0

#Transform 128
Transform: AffineTransform_float_3_3
Parameters: 1 0.00116174 -0.000122126 -0.00116126 0.999982 0.00591915 0.000128876 -0.00591886 0.999983 -0.107378 -0.123837 0.159935
FixedParameters: 0 0 0

#Transform 129
Transform: AffineTransform_float_3_3
Parameters: 1 0.00111508 -8.95622e-06 -0.00111492 0.99998 0.00631702 1.60433e-05 -0.00631699 0.99998 -0.106784 -0.145763 0.191111
FixedParameters: 0 0 0

#Transform 130
Transform: AffineTransform_float_3_3
Parameters: 0.999999 0.00125589 -0.000134934 -0.00125511 0.999978 0.00642517 0.000143067 -0.00642482 0.99998 -0.116541 -0.098413 0.238906
FixedParameters: 0 0 0

#Transform 131
Transform: AffineTransform_float_3_3
Parameters: 0.999999 0.00136843 -6.55155e-05 -0.00136757 0.99998 0.00620109 7.34816e-05 -0.0062009 0.999981 -0.121054 -0.118629 0.204981
FixedParameters: 0 0 0

#Transform 132
Transform: AffineTransform_float_3_3
Parameters: 0.999999 0.00153939 -0.000227772 -0.0015376 0.999981 0.00599736 0.000237226 -0.00599764 0.999982 -0.129823 -0.131872 0.21186
FixedParameters: 0 0 0

#Transform 133
Transform: AffineTransform_float_3_3
Parameters: 0.999999 0.00136839 -6.30479e-05 -0.00136761 0.999982 0.00581209 7.09497e-05 -0.00581191 0.999983 -0.12112 -0.129221 0.200244
FixedParameters: 0 0 0

#Transform 134
Transform: AffineTransform_float_3_3
Parameters: 0.999999 0.00153772 6.58742e-05 -0.00153828 0.999989 0.0044699 -5.91259e-05 -0.0044691 0.99999 -0.13292 -0.0433298 0.122377
FixedParameters: 0 0 0

#Transform 135
Transform: AffineTransform_float_3_3
Parameters: 0.999999 0.00153777 4.70939e-05 -0.00153823 0.999985 0.00526293 -3.89048e-05 -0.00526307 0.999986 -0.136212 -0.0983192 0.161538
FixedParameters: 0 0 0

#Transform 136
Transform: AffineTransform_float_3_3
Parameters: 0.999999 0.00153881 -0.000151965 -0.00153819 0.999985 0.00522324 0.000160036 -0.00522276 0.999987 -0.124972 -0.142563 0.196192
FixedParameters: 0 0 0

#Transform 137
Transform: AffineTransform_float_3_3
Parameters: 0.999999 0.00144171 -0.000135621 -0.00144028 0.999986 0.0051192 0.000143375 -0.0051188 0.999987 -0.126468 -0.125826 0.196053
FixedParameters: 0 0 0

#Transform 138
Transform: AffineTransform_float_3_3
Parameters: 0.999999 0.001539 -0.000170146 -0.001538 0.999983 0.00575527 0.000178854 -0.00575474 0.999984 -0.131523 -0.113704 0.200663
FixedParameters: 0 0 0

#Transform 139
Transform: AffineTransform_float_3_3
Parameters: 0.999999 0.00153865 -9.94144e-05 -0.00153835 0.99998 0.00623116 0.000108587 -0.00623084 0.99998 -0.139394 -0.118897 0.208254
FixedParameters: 0 0 0

#Transform 140
Transform: AffineTransform_float_3_3
Parameters: 0.999999 0.00145368 -0.000250466 -0.00145232 0.999978 0.00656238 0.000260536 -0.00656163 0.999979 -0.120809 -0.130692 0.215934
FixedParameters: 0 0 0

#Transform 141
Transform: AffineTransform_float_3_3
Parameters: 0.999998 0.00154048 -0.000397522 -0.00153752 0.99998 0.00615762 0.000407475 -0.00615738 0.999981 -0.121219 -0.108031 0.218686
FixedParameters: 0 0 0

#Transform 142
Transform: AffineTransform_float_3_3
Parameters: 0.999999 0.00153773 5.27197e-05 -0.00153828 0.999982 0.00566992 -4.42786e-05 -0.00567007 0.999984 -0.143935 -0.0860251 0.161245
FixedParameters: 0 0 0

#Transform 143
Transform: AffineTransform_float_3_3
Parameters: 0.999999 0.00153743 0.000102925 -0.00153757 0.999982 0.00580385 -9.40774e-05 -0.00580415 0.999983 -0.141352 -0.115385 0.170791
FixedParameters: 0 0 0

#Transform 144
Transform: AffineTransform_float_3_3
Parameters: 0.999999 0.00153804 -1.8087e-06 -0.00153796 0.999981 0.00597601 1.1191e-05 -0.00597599 0.999982 -0.136423 -0.123592 0.189824
FixedParameters: 0 0 0

#Transform 145
Transform: AffineTransform_float_3_3
Parameters: 0.999999 0.00153825 -3.92772e-05 -0.00153775 0.999982 0.00567107 4.77213e-05 -0.00567093 0.999984 -0.140477 -0.103163 0.191192
FixedParameters: 0 0 0

#Transform 146
Transform: AffineTransform_float_3_3
Parameters: 0.999999 0.00153822 -3.68418e-05 -0.00153778 0.999985 0.00530406 4.5157e-05 -0.00530394 0.999986 -0.136918 -0.089311 0.146077
FixedParameters: 0 0 0

#Transform 147
Transform: AffineTransform_float_3_3
Parameters: 0.999998 0.00169376 4.90843e-05 -0.00169424 0.999984 0.00536292 -3.9916e-05 -0.00536207 0.999985 -0.153526 -0.0933245 0.139427
FixedParameters: 0 0 0

#Transform 148
Transform: AffineTransform_float_3_3
Parameters: 0.999999 0.00177603 -0.000514652 -0.00177297 0.999982 0.00583192 0.000524348 -0.00583108 0.999983 -0.148928 -0.0933233 0.132848
FixedParameters: 0 0 0

#Transform 149
Transform: AffineTransform_float_3_3
Parameters: 0.999998 0.00201245 -7.11215e-05 -0.00201154 0.99998 0.00590315 8.28774e-05 -0.00590384 0.999982 -0.16482 -0.113263 0.156226
FixedParameters: 0 0 0

#Transform 150
Transform: AffineTransform_float_3_3
Parameters: 0.999998 0.00206601 -0.000182883 -0.00206499 0.999984 0.00538239 0.000194116 -0.00538162 0.999986 -0.16137 -0.038677 0.120206
FixedParameters: 0 0 0

#Transform 151
Transform: AffineTransform_float_3_3
Parameters: 0.999999 0.00153879 -0.000127854 -0.00153821 0.999981 0.00594521 0.000137147 -0.0059448 0.999983 -0.140355 -0.112904 0.148187
FixedParameters: 0 0 0

#Transform 152
Transform: AffineTransform_float_3_3
Parameters: 0.999999 0.00153943 -0.000201322 -0.00153757 0.999974 0.00693932 0.000211674 -0.00693868 0.999976 -0.14143 -0.132478 0.173739
FixedParameters: 0 0 0

#Transform 153
Transform: AffineTransform_float_3_3
Parameters: 0.999999 0.00153817 -2.10961e-05 -0.00153783 0.999978 0.00643904 3.09027e-05 -0.00643896 0.99998 -0.147194 -0.103448 0.149784
FixedParameters: 0 0 0

#Transform 154
Transform: AffineTransform_float_3_3
Parameters: 0.999999 0.00153785 2.81412e-05 -0.00153815 0.999977 0.00659397 -1.78578e-05 -0.00659404 0.999979 -0.148005 -0.0771543 0.163257
FixedParameters: 0 0 0

#Transform 155
Transform: AffineTransform_float_3_3
Parameters: 0.999998 0.00187102 -0.000295481 -0.00186998 0.999976 0.00669456 0.000307524 -0.00669343 0.999977 -0.154882 -0.106334 0.164568
FixedParameters: 0 0 0

#Transform 156
Transform: AffineTransform_float_3_3
Parameters: 0.999999 0.00180899 -0.000447081 -0.00180601 0.999976 0.00659482 0.00045892 -0.00659418 0.999978 -0.151243 -0.107531 0.143811
FixedParameters: 0 0 0

#Transform 157
Transform: AffineTransform_float_3_3
Parameters: 0.999998 0.00154005 -0.000361373 -0.00153795 0.999983 0.00560556 0.000369626 -0.00560444 0.999984 -0.14068 -0.0832754 0.13003
FixedParameters: 0 0 0

#Transform 158
Transform: AffineTransform_float_3_3
Parameters: 0.999999 0.00178899 -0.00035411 -0.00178702 0.999983 0.00553164 0.000363889 -0.00553036 0.999984 -0.155466 -0.0584892 0.129658
FixedParameters: 0 0 0

#Transform 159
Transform: AffineTransform_float_3_3
Parameters: 0.999999 0.0017438 -0.000313142 -0.0017412 0.999982 0.00565655 0.000322853 -0.00565544 0.999984 -0.144261 -0.0900389 0.130545
FixedParameters: 0 0 0

#Transform 160
Transform: AffineTransform_float_3_3
Parameters: 0.999998 0.00154016 -0.000403842 -0.00153784 0.999985 0.00530063 0.000411157 -0.00530037 0.999986 -0.140028 -0.0786787 0.124762
FixedParameters: 0 0 0

#Transform 161
Transform: AffineTransform_float_3_3
Parameters: 0.999999 0.00153979 -0.000339979 -0.00153821 0.999985 0.00521253 0.000348023 -0.00521247 0.999987 -0.142922 -0.0917767 0.122127
FixedParameters: 0 0 0

#Transform 162
Transform: AffineTransform_float_3_3
Parameters: 0.999999 0.00153916 -0.000271504 -0.00153784 0.99999 0.00422242 0.000277496 -0.00422258 0.999991 -0.141713 -0.0421825 0.0710976
FixedParameters: 0 0 0

#Transform 163
Transform: AffineTransform_float_3_3
Parameters: 0.999999 0.00153935 -0.000246731 -0.00153765 0.999985 0.00537439 0.000255267 -0.00537361 0.999985 -0.139607 -0.0705031 0.1088
FixedParameters: 0 0 0

#Transform 164
Transform: AffineTransform_float_3_3
Parameters: 0.999999 0.00153909 -0.000199791 -0.00153791 0.999984 0.00533531 0.000208207 -0.00533468 0.999985 -0.145598 -0.112312 0.124434
FixedParameters: 0 0 0

#Transform 165
Transform: AffineTransform_float_3_3
Parameters: 0.999998 0.00154005 -0.000423598 -0.00153795 0.999988 0.00480966 0.0004304 -0.00480835 0.999989 -0.136912 0.00223623 0.0891975
FixedParameters: 0 0 0

#Transform 166
Transform: AffineTransform_float_3_3
Parameters: 0.999998 0.00154043 -0.000423255 -0.00153757 0.999982 0.00568165 0.000431743 -0.00568134 0.999984 -0.137017 -0.096811 0.127978
FixedParameters: 0 0 0

#Transform 167
Transform: AffineTransform_float_3_3
Parameters: 1 0.00114567 -0.000335332 -0.00114433 0.999987 0.00495139 0.000340671 -0.00495161 0.999987 -0.126307 -0.0707758 0.0862311
FixedParameters: 0 0 0

#Transform 168
Transform: AffineTransform_float_3_3
Parameters: 0.999999 0.00133683 -0.000159149 -0.00133617 0.999986 0.00512622 0.000165851 -0.00512578 0.999987 -0.134794 -0.0631649 0.0897848
FixedParameters: 0 0 0

#Transform 169
Transform: AffineTransform_float_3_3
Parameters: 0.999999 0.00153844 -7.98796e-05 -0.00153756 0.999985 0.00527913 8.81179e-05 -0.00527887 0.999986 -0.142073 -0.0776778 0.133245
FixedParameters: 0 0 0

#Transform 170
Transform: AffineTransform_float_3_3
Parameters: 1 0.0010412 0.000138153 -0.0010418 0.999982 0.00590686 -0.000131848 -0.00590714 0.999982 -0.113105 -0.12314 0.166476
FixedParameters: 0 0 0

#Transform 171
Transform: AffineTransform_float_3_3
Parameters: 0.999999 0.00096851 -8.64614e-05 -0.000967486 0.999983 0.00572009 9.25354e-05 -0.00571991 0.999983 -0.105388 -0.108077 0.161094
FixedParameters: 0 0 0

#Transform 172
Transform: AffineTransform_float_3_3
Parameters: 0.999999 0.00100685 -0.000149354 -0.00100615 0.999984 0.00561015 0.000154647 -0.00560985 0.999985 -0.111528 -0.0899883 0.157822
FixedParameters: 0 0 0

#Transform 173
Transform: AffineTransform_float_3_3
Parameters: 1 0.00112261 -0.000120416 -0.00112238 0.999987 0.00497514 0.000126585 -0.00497486 0.999987 -0.108963 -0.066871 0.11853
FixedParameters: 0 0 0

#Transform 174
Transform: AffineTransform_float_3_3
Parameters: 1 0.00111311 -2.19166e-05 -0.00111289 0.999989 0.00456703 2.70828e-05 -0.00456697 0.999989 -0.112726 -0.0592515 0.119147
FixedParameters: 0 0 0

#Transform 175
Transform: AffineTransform_float_3_3
Parameters: 0.999999 0.00111235 -7.82053e-05 -0.00111165 0.99999 0.00431109 8.2793e-05 -0.00431091 0.99999 -0.112056 -0.0554669 0.0923424
FixedParameters: 0 0 0

#Transform 176
Transform: AffineTransform_float_3_3
Parameters: 1 0.00115273 -0.00019268 -0.00115227 0.999993 0.00374923 0.000197321 -0.00374878 0.999993 -0.115165 -0.0450293 0.0821788
FixedParameters: 0 0 0

#Transform 177
Transform: AffineTransform_float_3_3
Parameters: 1 0.0010918 -0.000139863 -0.0010912 0.999983 0.00562315 0.000146138 -0.00562284 0.999984 -0.106677 -0.0890427 0.16404
FixedParameters: 0 0 0

#Transform 178
Transform: AffineTransform_float_3_3
Parameters: 1 0.00110316 0.000507212 -0.00110583 0.999983 0.00562344 -0.000500789 -0.00562455 0.999984 -0.109595 -0.0895957 0.173266
FixedParameters: 0 0 0

#Transform 179
Transform: AffineTransform_float_3_3
Parameters: 1 0.00109598 0.000406483 -0.00109802 0.999987 0.00499756 -0.000401518 -0.00499745 0.999988 -0.113404 -0.0749075 0.136634
FixedParameters: 0 0 0

#Transform 180
Transform: AffineTransform_float_3_3
Parameters: 1 0.00109096 0.000398641 -0.00109305 0.999986 0.00516557 -0.000393358 -0.00516643 0.999986 -0.116456 -0.0734022 0.152069
FixedParameters: 0 0 0

#Transform 181
Transform: AffineTransform_float_3_3
Parameters: 1 0.00101551 0.000495134 -0.00101749 0.999986 0.0050485 -0.00049087 -0.0050485 0.999987 -0.116073 -0.0877821 0.139338
FixedParameters: 0 0 0

#Transform 182
Transform: AffineTransform_float_3_3
Parameters: 0.999999 0.000837005 0.000401188 -0.000838993 0.999987 0.00499767 -0.000396812 -0.00499734 0.999988 -0.1024 -0.0598321 0.124436
FixedParameters: 0 0 0

#Transform 183
Transform: AffineTransform_float_3_3
Parameters: 0.999999 0.000880772 0.000437514 -0.000882231 0.999987 0.00511862 -0.00043349 -0.00511839 0.999987 -0.104225 -0.0759803 0.131667
FixedParameters: 0 0 0

#Transform 184
Transform: AffineTransform_float_3_3
Parameters: 1 0.00101467 0.000566009 -0.00101733 0.999982 0.00591143 -0.000559996 -0.00591157 0.999983 -0.119607 -0.10098 0.180414
FixedParameters: 0 0 0

#Transform 185
Transform: AffineTransform_float_3_3
Parameters: 0.999999 0.00072105 0.000643453 -0.000724946 0.999981 0.00615853 -0.000638547 -0.00615946 0.999981 -0.111986 -0.112396 0.282901
FixedParameters: 0 0 0

#Transform 186
Transform: AffineTransform_float_3_3
Parameters: 1 0.000597071 0.000992203 -0.000603928 0.999976 0.00699841 -0.000987798 -0.0069986 0.999975 -0.103868 -0.161163 0.277399
FixedParameters: 0 0 0

#Transform 187
Transform: AffineTransform_float_3_3
