#Insight Transform File V1.0
#Transform 0
Transform: AffineTransform_float_3_3
Parameters: 1 1.62373e-07 0.000409 1.62373e-07 1 -0.000397 -0.000409 0.000397 1 -0.00515849 -0.00367203 0.413778
FixedParameters: 0 0 0

#Transform 1
Transform: AffineTransform_float_3_3
Parameters: 1 0 0 0 1 0.000323 0 -0.000323 1 0 0.0630369 -0.0580252
FixedParameters: 0 0 0

#Transform 2
Transform: AffineTransform_float_3_3
Parameters: 1 -0.000371964 -9.21436e-05 0.000372035 1 0.000385966 9.18564e-05 -0.000386034 1 0.0213267 0.0391712 -0.103097
FixedParameters: 0 0 0

#Transform 3
Transform: AffineTransform_float_3_3
Parameters: 1 -0.000306 1.377e-07 0.000306 1 -0.00045 1.377e-07 0.00045 1 0.0246442 0.129227 -0.13108
FixedParameters: 0 0 0

#Transform 4
Transform: AffineTransform_float_3_3
Parameters: 0.999999 0.000258587 0.00072279 -0.000257412 0.999999 -0.000813186 -0.00072321 0.000812813 1 -0.0365793 -0.0279179 -0.058143
FixedParameters: 0 0 0

#Transform 5
Transform: AffineTransform_float_3_3
Parameters: 1 -0.000136737 0.000323111 0.000137262 0.999999 -0.000812955 -0.000322888 0.000813044 0.999999 -0.00893416 0.114883 -0.169852
FixedParameters: 0 0 0

#Transform 6
Transform: AffineTransform_float_3_3
Parameters: 1 -0.000455885 0.000482109 0.000456115 1 -0.00023878 -0.000481891 0.00023922 1 0.00801581 0.0465911 -0.17368
FixedParameters: 0 0 0

#Transform 7
Transform: AffineTransform_float_3_3
Parameters: 1 -0.000264923 0.000323063 0.000265076 1 -0.000236914 -0.000322937 0.000237086 1 -0.00363016 0.0638158 -0.127204
FixedParameters: 0 0 0

#Transform 8
Transform: AffineTransform_float_3_3
Parameters: 1 -0.000455782 0.000134739 0.000455218 0.999998 -0.00162194 -0.000134262 0.00162206 0.999998 0.0152661 0.121128 -0.222281
FixedParameters: 0 0 0

#Transform 9
Transform: AffineTransform_float_3_3
Parameters: 1 -0.000944051 -0.000686187 0.00094195 0.999995 -0.00298365 0.000688813 0.00298235 0.999996 0.0401475 0.0757377 -0.298767
FixedParameters: 0 0 0

#Transform 10
Transform: AffineTransform_float_3_3
Parameters: 0.999999 -0.000775337 -0.000971139 0.000772664 0.999997 -0.00240375 0.00097286 0.00240325 0.999996 0.0306656 0.125124 -0.297213
FixedParameters: 0 0 0

#Transform 11
Transform: AffineTransform_float_3_3
Parameters: 1 -0.000943106 -0.000565158 0.000941894 0.999997 -0.00195453 0.000566841 0.00195347 0.999998 0.0384341 0.0771473 -0.265651
FixedParameters: 0 0 0

#Transform 12
Transform: AffineTransform_float_3_3
Parameters: 0.999999 -0.000943058 -0.000510047 0.000941941 0.999998 -0.00207148 0.000511951 0.00207052 0.999997 0.0375192 0.100629 -0.22945
FixedParameters: 0 0 0

#Transform 13
Transform: AffineTransform_float_3_3
Parameters: 1 -0.000942701 -0.000422442 0.000941302 0.999998 -0.0016534 0.000423557 0.0016536 0.999998 0.0518845 0.102315 -0.244336
FixedParameters: 0 0 0

#Transform 14
Transform: AffineTransform_float_3_3
Parameters: 1 -0.000538134 -8.61654e-05 0.000537866 0.999998 -0.00155105 8.68343e-05 0.00155095 0.999999 0.0185563 0.0194709 -0.184649
FixedParameters: 0 0 0

#Transform 15
Transform: AffineTransform_float_3_3
Parameters: 0.999999 -0.000971864 0.000380911 0.000973136 0.999995 -0.00299363 -0.000378089 0.00299337 0.999996 0.0637262 0.129192 -0.272351
FixedParameters: 0 0 0

#Transform 16
Transform: AffineTransform_float_3_3
Parameters: 0.999998 -0.00143568 -0.00183279 0.00142832 0.999993 -0.00364063 0.00183821 0.00363837 0.999991 0.111709 0.0644009 -0.311138
FixedParameters: 0 0 0

#Transform 17
Transform: AffineTransform_float_3_3
Parameters: 0.999999 -0.000915676 -0.000894252 0.000911326 0.999991 -0.00410182 0.000897746 0.00410118 0.999991 0.0573159 0.165941 -0.278771
FixedParameters: 0 0 0

#Transform 18
Transform: AffineTransform_float_3_3
Parameters: 1 -0.000585709 -0.000879201 0.000582292 0.999995 -0.00307851 0.000880797 0.00307749 0.999995 0.0366264 0.0439321 -0.233659
FixedParameters: 0 0 0

#Transform 19
Transform: AffineTransform_float_3_3
Parameters: 0.999999 -0.000914493 -0.000878412 0.000911508 0.999995 -0.0028338 0.000880586 0.00283319 0.999995 0.0416498 0.0346647 -0.170076
FixedParameters: 0 0 0

#Transform 20
Transform: AffineTransform_float_3_3
Parameters: 0.999999 -7.22671e-05 -0.00129272 6.77316e-05 0.999991 -0.00407409 0.00129329 0.00407391 0.999991 0.0235627 0.104214 -0.238217
FixedParameters: 0 0 0

#Transform 21
Transform: AffineTransform_float_3_3
Parameters: 0.999999 0.000534654 -0.000666887 -0.000537345 0.999993 -0.00352164 0.000665111 0.00352235 0.999993 -0.0123915 -0.0551677 -0.134217
FixedParameters: 0 0 0

#Transform 22
Transform: AffineTransform_float_3_3
Parameters: 1 8.7961e-05 -0.00102635 -9.20377e-05 0.999992 -0.00393591 0.00102565 0.00393609 0.999991 -0.00360828 0.0865899 -0.171507
FixedParameters: 0 0 0

#Transform 23
Transform: AffineTransform_float_3_3
Parameters: 1 -0.000122224 -0.000506469 0.000119774 0.999991 -0.00438806 0.000507531 0.00438794 0.99999 0.00600943 -0.0051196 -0.220611
FixedParameters: 0 0 0

#Transform 24
Transform: AffineTransform_float_3_3
Parameters: 1 -0.000168657 -0.000359227 0.000167344 0.99999 -0.00460706 0.000359775 0.00460694 0.99999 -0.00678251 0.00229194 -0.202592
FixedParameters: 0 0 0

#Transform 25
Transform: AffineTransform_float_3_3
Parameters: 1 0.000162906 -0.000604842 -0.000165095 0.999987 -0.0051199 0.000604162 0.0051191 0.999986 -0.0202221 0.0777435 -0.295207
FixedParameters: 0 0 0

#Transform 26
Transform: AffineTransform_float_3_3
Parameters: 1 0.000316277 -0.000505713 -0.000318725 0.999986 -0.00539384 0.000504288 0.00539416 0.999986 -0.0388222 0.0546343 -0.310082
FixedParameters: 0 0 0

#Transform 27
Transform: AffineTransform_float_3_3
Parameters: 0.999999 5.35013e-05 -0.00136132 -6.05038e-05 0.999985 -0.00550992 0.00136169 0.00550908 0.999984 -0.00834434 0.14463 -0.336129
FixedParameters: 0 0 0

#Transform 28
Transform: AffineTransform_float_3_3
Parameters: 1 0.000180163 -0.00109015 -0.000186836 0.999981 -0.0062748 0.00108885 0.0062752 0.999979 -0.0255675 0.0906194 -0.407161
FixedParameters: 0 0 0

#Transform 29
Transform: AffineTransform_float_3_3
Parameters: 1 -0.000158234 -0.000676023 0.000153767 0.999981 -0.00625711 0.000676975 0.0062579 0.99998 -0.0174953 0.104789 -0.368039
FixedParameters: 0 0 0

#Transform 30
Transform: AffineTransform_float_3_3
Parameters: 0.999999 -0.000240964 -0.00126332 0.000232039 0.999975 -0.0070903 0.00126468 0.0070907 0.999974 -0.0123193 0.134829 -0.436227
FixedParameters: 0 0 0

#Transform 31
Transform: AffineTransform_float_3_3
Parameters: 1 -0.000172859 -0.000601905 0.00016914 0.99998 -0.00640611 0.000603096 0.0064059 0.99998 -0.0172943 0.114688 -0.397418
FixedParameters: 0 0 0

#Transform 32
Transform: AffineTransform_float_3_3
Parameters: 1 -0.000509313 -0.000358739 0.000507685 0.99998 -0.00641819 0.000362266 0.00641882 0.99998 0.0022544 0.169077 -0.427356
FixedParameters: 0 0 0

#Transform 33
Transform: AffineTransform_float_3_3
Parameters: 0.999999 -0.00074745 -0.000374143 0.00074455 0.999978 -0.00650828 0.000378854 0.00650871 0.999978 0.024575 0.116026 -0.405692
FixedParameters: 0 0 0

#Transform 34
Transform: AffineTransform_float_3_3
Parameters: 1 -0.000576325 -5.46749e-05 0.000575673 0.999983 -0.00577104 5.83238e-05 0.00577197 0.999984 0.0106596 0.0788433 -0.372903
FixedParameters: 0 0 0

#Transform 35
Transform: AffineTransform_float_3_3
Parameters: 1 -0.000329311 -0.000205917 0.000327694 0.99998 -0.00633707 0.000207081 0.00633693 0.99998 -0.000997784 0.144373 -0.405448
FixedParameters: 0 0 0

#Transform 36
Transform: AffineTransform_float_3_3
Parameters: 1 -0.000424469 8.95522e-05 0.000425527 0.999982 -0.00600896 -8.64445e-05 0.00600904 0.999982 -0.00695942 0.131486 -0.401267
FixedParameters: 0 0 0

#Transform 37
Transform: AffineTransform_float_3_3
Parameters: 1 -0.000424867 2.44315e-05 0.000425131 0.999984 -0.00572199 -2.15677e-05 0.00572201 0.999983 -0.0162716 0.0997195 -0.399848
FixedParameters: 0 0 0

#Transform 38
Transform: AffineTransform_float_3_3
Parameters: 1 -0.000106908 0.000176666 0.000108094 0.999981 -0.00619398 -0.000176334 0.00619402 0.999981 -0.041326 0.189046 -0.431067
FixedParameters: 0 0 0

#Transform 39
Transform: AffineTransform_float_3_3
Parameters: 1 0.000267986 0.000174494 -0.000267011 0.999984 -0.00562905 -0.000176506 0.00562895 0.999984 -0.065329 0.163067 -0.437561
FixedParameters: 0 0 0

#Transform 40
Transform: AffineTransform_float_3_3
Parameters: 1 1.4414e-05 0.000259925 -1.25857e-05 0.999985 -0.00543901 -0.000260072 0.005439 0.999985 -0.0476708 0.142484 -0.41041
FixedParameters: 0 0 0

#Transform 41
Transform: AffineTransform_float_3_3
Parameters: 1 -0.000423806 0.000198569 0.000425197 0.999981 -0.00605291 -0.00019643 0.00605208 0.999981 -0.0322078 0.168605 -0.449642
FixedParameters: 0 0 0

#Transform 42
Transform: AffineTransform_float_3_3
Parameters: 1 -0.00025763 0.0002534 0.000259368 0.999986 -0.00541994 -0.000251598 0.00542007 0.999986 -0.0372635 0.12708 -0.417233
FixedParameters: 0 0 0

#Transform 43
Transform: AffineTransform_float_3_3
Parameters: 1 -8.82667e-05 0.000305506 8.97304e-05 0.999984 -0.00567797 -0.000304495 0.00567803 0.999984 -0.0470408 0.140208 -0.423324
FixedParameters: 0 0 0

#Transform 44
Transform: AffineTransform_float_3_3
Parameters: 1 -0.000256422 0.000253605 0.00025758 0.999981 -0.00624094 -0.000252397 0.00624107 0.999981 -0.035668 0.189346 -0.445759
FixedParameters: 0 0 0

#Transform 45
Transform: AffineTransform_float_3_3
Parameters: 1 -0.000103487 0.000459573 0.00010651 0.999985 -0.00547195 -0.000458424 0.00547205 0.999985 -0.0359189 0.0743129 -0.375698
FixedParameters: 0 0 0

#Transform 46
Transform: AffineTransform_float_3_3
Parameters: 1 -0.000100473 0.000429599 0.000102529 0.999982 -0.00588595 -0.000429404 0.00588604 0.999982 -0.0410414 0.12339 -0.444624
FixedParameters: 0 0 0

#Transform 47
Transform: AffineTransform_float_3_3
Parameters: 1 -0.00016918 0.000146949 0.00016982 0.999985 -0.00559798 -0.000146052 0.00559703 0.999985 -0.0320314 0.101697 -0.401209
FixedParameters: 0 0 0

#Transform 48
Transform: AffineTransform_float_3_3
Parameters: 1 -9.98411e-05 -0.000316425 9.81614e-05 0.999983 -0.00581303 0.000316576 0.00581297 0.999983 -0.0338133 0.129884 -0.447166
FixedParameters: 0 0 0

#Transform 49
Transform: AffineTransform_float_3_3
Parameters: 1 -0.000220096 -0.000180673 0.000218908 0.999981 -0.00604404 0.000181326 0.00604396 0.999981 -0.0338338 0.133049 -0.4464
FixedParameters: 0 0 0

#Transform 50
Transform: AffineTransform_float_3_3
Parameters: 1 -0.000270196 -0.00018022 0.000268806 0.999978 -0.00660205 0.000181779 0.00660195 0.999978 -0.0294273 0.202154 -0.461795
FixedParameters: 0 0 0

#Transform 51
Transform: AffineTransform_float_3_3
Parameters: 1 -0.000277865 2.36381e-05 0.000278137 0.999982 -0.00589399 -2.2361e-05 0.005894 0.999982 -0.0272547 0.118961 -0.439571
FixedParameters: 0 0 0

#Transform 52
Transform: AffineTransform_float_3_3
Parameters: 1 -0.000289758 -0.000113076 0.000289242 0.999978 -0.00664803 0.000114925 0.00664797 0.999978 -0.024579 0.199783 -0.463313
FixedParameters: 0 0 0

#Transform 53
Transform: AffineTransform_float_3_3
Parameters: 1 -0.000289272 -0.000230412 0.000287725 0.999985 -0.00550106 0.000232586 0.00550093 0.999985 -0.0254177 0.0945399 -0.43709
FixedParameters: 0 0 0

#Transform 54
Transform: AffineTransform_float_3_3
Parameters: 1 -0.000427621 -0.000101414 0.000426375 0.999981 -0.00605104 0.000104582 0.00605095 0.999981 -0.0225357 0.178214 -0.455048
FixedParameters: 0 0 0

#Transform 55
Transform: AffineTransform_float_3_3
Parameters: 1 -0.000457458 -0.000452529 0.000454545 0.999985 -0.00541721 0.000454469 0.0054178 0.999985 -0.0195095 0.121424 -0.434932
FixedParameters: 0 0 0

#Transform 56
Transform: AffineTransform_float_3_3
Parameters: 1 -0.000628559 -0.000103666 0.000628439 0.999985 -0.00530706 0.000107337 0.00530693 0.999986 -0.0193787 0.132831 -0.371763
FixedParameters: 0 0 0

#Transform 57
Transform: AffineTransform_float_3_3
Parameters: 0.999999 -0.000685019 -0.000189349 0.000683982 0.999985 -0.00533413 0.000192651 0.00533387 0.999986 -0.0115751 0.126327 -0.392659
FixedParameters: 0 0 0

#Transform 58
Transform: AffineTransform_float_3_3
Parameters: 0.999999 -0.000706787 -0.000148297 0.000705214 0.999986 -0.00524211 0.000151699 0.0052419 0.999986 -0.00378734 0.0915379 -0.353678
FixedParameters: 0 0 0

#Transform 59
Transform: AffineTransform_float_3_3
Parameters: 0.999999 -0.000667459 -0.00026333 0.000665542 0.999984 -0.00550417 0.000266667 0.00550382 0.999985 -0.000893584 0.145817 -0.389446
FixedParameters: 0 0 0

#Transform 60
Transform: AffineTransform_float_3_3
Parameters: 0.999999 -0.000827222 -0.000266232 0.000825779 0.99999 -0.00455822 0.000269767 0.00455878 0.999989 0.00624767 0.0726052 -0.35084
FixedParameters: 0 0 0

#Transform 61
Transform: AffineTransform_float_3_3
Parameters: 1 -0.000391635 -0.000111799 0.000390364 0.999984 -0.00562505 0.000114198 0.00562496 0.999984 -0.0280201 0.0632164 -0.338832
FixedParameters: 0 0 0

#Transform 62
Transform: AffineTransform_float_3_3
Parameters: 1 -0.000177978 -0.000269357 0.000177024 0.999994 -0.00362505 0.000269644 0.00362496 0.999994 -0.0299006 0.0723109 -0.231966
FixedParameters: 0 0 0

#Transform 63
Transform: AffineTransform_float_3_3
Parameters: 0.999999 -0.000825324 0.000146848 0.000825676 0.999989 -0.00465988 -0.000143154 0.00466012 0.999989 -0.00730638 0.117157 -0.251516
FixedParameters: 0 0 0

#Transform 64
Transform: AffineTransform_float_3_3
Parameters: 0.999999 -0.000826509 -0.000132869 0.000825494 0.999993 -0.00378911 0.000135129 0.00378889 0.999993 -0.009542 0.0232206 -0.239746
FixedParameters: 0 0 0

#Transform 65
Transform: AffineTransform_float_3_3
Parameters: 0.999999 -0.000825306 0.000187085 0.000825692 0.999992 -0.00373585 -0.000183916 0.00373615 0.999993 -0.00806033 0.0957537 -0.224598
FixedParameters: 0 0 0

#Transform 66
Transform: AffineTransform_float_3_3
Parameters: 1 -0.00111314 0.00018913 0.00111386 0.999989 -0.00460679 -0.00018387 0.00460721 0.99999 0.00599468 0.0986731 -0.295117
FixedParameters: 0 0 0

#Transform 67
Transform: AffineTransform_float_3_3
Parameters: 0.999999 -0.000825107 0.000187961 0.000825892 0.999988 -0.00479785 -0.000184039 0.00479816 0.999989 -0.00987827 0.0485481 -0.289469
FixedParameters: 0 0 0

#Transform 68
Transform: AffineTransform_float_3_3
Parameters: 0.999999 -0.00125161 0.000251055 0.00125239 0.999984 -0.00563369 -0.000243948 0.00563431 0.999984 0.011171 0.132023 -0.330017
FixedParameters: 0 0 0

#Transform 69
Transform: AffineTransform_float_3_3
Parameters: 1 -0.00116018 0.000336331 0.00116282 0.999984 -0.00545261 -0.000330664 0.00545339 0.999985 0.00973325 0.0484721 -0.292861
FixedParameters: 0 0 0

#Transform 70
Transform: AffineTransform_float_3_3
Parameters: 0.999999 -0.00125165 0.000226576 0.00125234 0.999981 -0.00604972 -0.000218427 0.00605028 0.999981 0.0144063 0.188954 -0.360179
FixedParameters: 0 0 0

#Transform 71
Transform: AffineTransform_float_3_3
Parameters: 0.999999 -0.00125294 1.43777e-05 0.00125306 0.999987 -0.00508999 -7.62204e-06 0.00509002 0.999987 0.0183574 0.0527765 -0.309725
FixedParameters: 0 0 0

#Transform 72
Transform: AffineTransform_float_3_3
Parameters: 1 -0.0011893 0.000125823 0.0011907 0.999983 -0.00573486 -0.000118173 0.00573515 0.999984 0.00985163 0.0737046 -0.307219
FixedParameters: 0 0 0

#Transform 73
Transform: AffineTransform_float_3_3
Parameters: 0.999999 -0.00180833 -0.000166066 0.00180767 0.999968 -0.00770831 0.000179939 0.00770769 0.999971 0.036755 0.136677 -0.396612
FixedParameters: 0 0 0

#Transform 74
Transform: AffineTransform_float_3_3
Parameters: 0.999998 -0.00166249 0.000363682 0.00166551 0.999974 -0.00702141 -0.000351315 0.0070216 0.999976 0.0253174 0.0804578 -0.374987
FixedParameters: 0 0 0

#Transform 75
Transform: AffineTransform_float_3_3
Parameters: 0.999999 -0.00137352 -0.000332778 0.00137148 0.999972 -0.00744947 0.000343227 0.00744954 0.999972 0.0300413 0.0660408 -0.332224
FixedParameters: 0 0 0

#Transform 76
Transform: AffineTransform_float_3_3
Parameters: 0.999998 -0.00207082 -7.37113e-05 0.00206918 0.99995 -0.00979917 9.32803e-05 0.00979883 0.999952 0.063959 0.1826 -0.514408
FixedParameters: 0 0 0

#Transform 77
Transform: AffineTransform_float_3_3
Parameters: 0.999999 -0.00153345 0.000265194 0.00153555 0.99995 -0.0098996 -0.00024981 0.00990039 0.999951 0.0224736 0.176778 -0.632361
FixedParameters: 0 0 0

#Transform 78
Transform: AffineTransform_float_3_3
Parameters: 0.999998 -0.00233559 5.41368e-05 0.00233541 0.999953 -0.0094769 -3.1871e-05 0.0094761 0.999955 0.067612 0.157955 -0.516811
FixedParameters: 0 0 0

#Transform 79
Transform: AffineTransform_float_3_3
Parameters: 0.999997 -0.00269098 -0.000298225 0.00268702 0.999951 -0.00958384 0.000323764 0.00958217 0.999954 0.0927879 0.156247 -0.534474
FixedParameters: 0 0 0

#Transform 80
Transform: AffineTransform_float_3_3
Parameters: 0.999998 -0.00233714 -0.000114856 0.00233587 0.999957 -0.0090493 0.000136145 0.00904971 0.999959 0.0784122 0.094202 -0.512736
FixedParameters: 0 0 0

#Transform 81
Transform: AffineTransform_float_3_3
Parameters: 0.999996 -0.00285547 -0.000131243 0.00285353 0.999945 -0.0100734 0.000160751 0.0100726 0.99995 0.100687 0.184113 -0.565448
FixedParameters: 0 0 0

#Transform 82
Transform: AffineTransform_float_3_3
Parameters: 0.999994 -0.00326847 -3.00812e-05 0.00326753 0.999944 -0.0100722 6.29136e-05 0.0100719 0.99995 0.127626 0.15195 -0.573847
FixedParameters: 0 0 0

#Transform 83
Transform: AffineTransform_float_3_3
Parameters: 0.999993 -0.00387433 -0.0001351 0.00387367 0.999954 -0.00875159 0.000168904 0.00875041 0.999961 0.166625 0.132765 -0.477288
FixedParameters: 0 0 0

#Transform 84
Transform: AffineTransform_float_3_3
Parameters: 0.999993 -0.00380568 -5.84803e-05 0.00380531 0.999951 -0.00907128 9.25252e-05 0.00907171 0.999959 0.16048 0.176618 -0.499861
FixedParameters: 0 0 0

#Transform 85
Transform: AffineTransform_float_3_3
Parameters: 0.999993 -0.00356723 -0.000140669 0.00356577 0.999962 -0.00794356 0.000168331 0.00794345 0.999969 0.138866 0.0686103 -0.42324
FixedParameters: 0 0 0

#Transform 86
Transform: AffineTransform_float_3_3
Parameters: 0.999993 -0.00355119 0.000103108 0.00355181 0.99995 -0.00932169 -7.08959e-05 0.00932131 0.999956 0.140618 0.216707 -0.499798
FixedParameters: 0 0 0

#Transform 87
Transform: AffineTransform_float_3_3
Parameters: 0.999993 -0.00366354 0.000312339 0.00366546 0.999959 -0.00827791 -0.000281665 0.00827909 0.999965 0.151261 0.0677845 -0.459758
FixedParameters: 0 0 0

#Transform 88
Transform: AffineTransform_float_3_3
Parameters: 0.999992 -0.00413821 0.000464147 0.00414279 0.999956 -0.00848815 -0.000428848 0.00848985 0.999964 0.152085 0.134045 -0.446009
FixedParameters: 0 0 0

#Transform 89
Transform: AffineTransform_float_3_3
Parameters: 0.999994 -0.00363728 0.000346835 0.00363972 0.99996 -0.00819879 -0.000317166 0.00820021 0.999967 0.136526 0.125609 -0.462815
FixedParameters: 0 0 0

#Transform 90
Transform: AffineTransform_float_3_3
Parameters: 0.999993 -0.00383094 0.000763096 0.00383706 0.99996 -0.00810913 -0.000731904 0.00811186 0.999967 0.137413 0.083049 -0.440951
FixedParameters: 0 0 0

#Transform 91
Transform: AffineTransform_float_3_3
Parameters: 0.99999 -0.00428575 0.000626068 0.00429125 0.999954 -0.0086424 -0.000588931 0.00864461 0.999963 0.152757 0.181985 -0.491745
FixedParameters: 0 0 0

#Transform 92
Transform: AffineTransform_float_3_3
Parameters: 0.999992 -0.0040721 0.000612497 0.0040769 0.999958 -0.00821957 -0.000579503 0.00822243 0.999966 0.151006 0.126406 -0.489896
FixedParameters: 0 0 0

#Transform 93
Transform: AffineTransform_float_3_3
Parameters: 0.999991 -0.00417807 0.000799135 0.00418493 0.999952 -0.00887874 -0.000761869 0.00888126 0.999961 0.152381 0.163488 -0.487084
FixedParameters: 0 0 0

#Transform 94
Transform: AffineTransform_float_3_3
Parameters: 0.999998 -0.00134865 0.00138017 0.00136234 0.999952 -0.00971514 -0.00136683 0.00971786 0.999952 0.00282272 0.165527 -0.595733
FixedParameters: 0 0 0

#Transform 95
Transform: AffineTransform_float_3_3
Parameters: 0.999981 -0.005868 0.00192925 0.00589001 0.999916 -0.0116029 -0.00186175 0.0116141 0.999931 0.262228 0.183141 -0.62436
FixedParameters: 0 0 0

#Transform 96
Transform: AffineTransform_float_3_3
Parameters: 0.999993 -0.00327785 0.00152456 0.00330014 0.999885 -0.0147611 -0.00147544 0.0147659 0.99989 0.108883 0.187657 -0.772661
FixedParameters: 0 0 0

#Transform 97
Transform: AffineTransform_float_3_3
Parameters: 0.999996 -0.00257953 0.00112963 0.00259447 0.999912 -0.0129981 -0.00109637 0.0130009 0.999915 0.0876858 0.239756 -0.594274
FixedParameters: 0 0 0

#Transform 98
Transform: AffineTransform_float_3_3
Parameters: 0.999994 -0.00314166 0.0013902 0.00315734 0.999932 -0.0111757 -0.00135479 0.0111803 0.999936 0.123361 0.204075 -0.575351
FixedParameters: 0 0 0

#Transform 99
Transform: AffineTransform_float_3_3
Parameters: 0.999988 -0.00394203 0.00282347 0.00396998 0.999943 -0.00997191 -0.00278453 0.0099831 0.999947 0.156247 0.0616508 -0.404691
FixedParameters: 0 0 0

#Transform 100
Transform: AffineTransform_float_3_3
Parameters: 0.999992 -0.00313572 0.0027039 0.00316829 0.999922 -0.0120195 -0.0026661 0.0120275 0.999924 0.110233 0.0927619 -0.397744
FixedParameters: 0 0 0

#Transform 101
Transform: AffineTransform_float_3_3
Parameters: 0.999994 -0.00269928 0.00227509 0.00272573 0.999927 -0.0118249 -0.00224392 0.0118311 0.999928 0.104533 0.10942 -0.41644
FixedParameters: 0 0 0

#Transform 102
Transform: AffineTransform_float_3_3
Parameters: 0.999992 -0.00282969 0.0030618 0.00286931 0.999912 -0.0129093 -0.0030252 0.0129187 0.999912 0.118264 0.271852 -0.691345
FixedParameters: 0 0 0

#Transform 103
Transform: AffineTransform_float_3_3
Parameters: 0.999991 -0.00331929 0.00263643 0.00335072 0.999921 -0.0121163 -0.00259658 0.0121257 0.999923 0.148511 0.126019 -0.537224
FixedParameters: 0 0 0

#Transform 104
Transform: AffineTransform_float_3_3
Parameters: 0.999989 -0.00342172 0.0030272 0.00345628 0.999929 -0.0113927 -0.0029878 0.0114033 0.999931 0.135707 0.220718 -0.545721
FixedParameters: 0 0 0

#Transform 105
Transform: AffineTransform_float_3_3
Parameters: 0.999988 -0.00299052 0.0038577 0.00303549 0.999926 -0.0118394 -0.00382232 0.0118506 0.999923 0.0973373 0.0824625 -0.494438
FixedParameters: 0 0 0

#Transform 106
Transform: AffineTransform_float_3_3
Parameters: 0.99999 -0.00310226 0.00328209 0.00314074 0.999929 -0.0115578 -0.0032459 0.0115682 0.999928 0.0932099 0.227619 -0.549519
FixedParameters: 0 0 0

#Transform 107
Transform: AffineTransform_float_3_3
Parameters: 0.999993 -0.00274101 0.00278979 0.00277299 0.999929 -0.0115263 -0.00275821 0.0115346 0.999929 0.059974 0.179867 -0.555801
FixedParameters: 0 0 0

#Transform 108
Transform: AffineTransform_float_3_3
Parameters: 0.999992 -0.00268708 0.00273869 0.00272091 0.999924 -0.0120866 -0.0027053 0.0120944 0.999923 0.0588989 0.237568 -0.572947
FixedParameters: 0 0 0

#Transform 109
Transform: AffineTransform_float_3_3
Parameters: 0.999993 -0.00254102 0.00266093 0.00257198 0.999928 -0.0117042 -0.00263107 0.0117118 0.999928 0.0612958 0.194983 -0.583066
FixedParameters: 0 0 0

#Transform 110
Transform: AffineTransform_float_3_3
Parameters: 0.999994 -0.00278354 0.00236372 0.00281046 0.999927 -0.0116924 -0.00233129 0.0116996 0.999929 0.0726913 0.182253 -0.566523
FixedParameters: 0 0 0

#Transform 111
Transform: AffineTransform_float_3_3
Parameters: 0.999993 -0.00298787 0.00220465 0.00301613 0.999912 -0.0128704 -0.00216535 0.0128766 0.999914 0.0728607 0.276082 -0.636375
FixedParameters: 0 0 0

#Transform 112
Transform: AffineTransform_float_3_3
Parameters: 0.999995 -0.00237836 0.00201721 0.00240165 0.999928 -0.0117982 -0.0019898 0.0118028 0.999929 0.0456964 0.206749 -0.62946
FixedParameters: 0 0 0

#Transform 113
Transform: AffineTransform_float_3_3
Parameters: 0.999996 -0.00238059 0.00190309 0.00240141 0.999933 -0.0113275 -0.00187591 0.0113315 0.999934 0.0516106 0.199673 -0.582108
FixedParameters: 0 0 0

#Transform 114
Transform: AffineTransform_float_3_3
Parameters: 0.999995 -0.00248767 0.00161362 0.00250634 0.999931 -0.011461 -0.00158537 0.011465 0.999933 0.0471553 0.24557 -0.588408
FixedParameters: 0 0 0

#Transform 115
Transform: AffineTransform_float_3_3
Parameters: 0.999995 -0.00255315 0.00153832 0.00256984 0.999935 -0.0110521 -0.00150968 0.0110569 0.999937 0.0499846 0.165385 -0.53753
FixedParameters: 0 0 0

#Transform 116
Transform: AffineTransform_float_3_3
Parameters: 0.999995 -0.00238235 0.00177371 0.00240165 0.999935 -0.0111618 -0.0017473 0.0111652 0.999936 0.052045 0.30224 -0.556328
FixedParameters: 0 0 0

#Transform 117
Transform: AffineTransform_float_3_3
Parameters: 0.999995 -0.00238505 0.00176514 0.00240195 0.999951 -0.0096648 -0.00174186 0.0096692 0.999951 0.0422661 0.105907 -0.483409
FixedParameters: 0 0 0

#Transform 118
Transform: AffineTransform_float_3_3
Parameters: 0.999995 -0.00238363 0.00176114 0.00240137 0.999942 -0.0105048 -0.00173586 0.0105092 0.999944 0.0505228 0.275713 -0.530727
FixedParameters: 0 0 0

#Transform 119
Transform: AffineTransform_float_3_3
Parameters: 0.999996 -0.00238686 0.00161461 0.00240114 0.999952 -0.00944216 -0.00159239 0.00944584 0.999954 0.0561227 0.141738 -0.472431
FixedParameters: 0 0 0

#Transform 120
Transform: AffineTransform_float_3_3
Parameters: 0.999996 -0.00238537 0.00163356 0.00240164 0.999944 -0.0102571 -0.00160945 0.0102609 0.999946 0.0550222 0.247099 -0.507933
FixedParameters: 0 0 0

#Transform 121
Transform: AffineTransform_float_3_3
Parameters: 0.999996 -0.00238638 0.00160546 0.00240161 0.999949 -0.00979818 -0.00158154 0.00980181 0.99995 0.0588263 0.183987 -0.519995
FixedParameters: 0 0 0

#Transform 122
Transform: AffineTransform_float_3_3
Parameters: 0.999995 -0.00238479 0.00172406 0.00240121 0.999946 -0.0100489 -0.00169995 0.0100531 0.999948 0.0603175 0.208864 -0.526857
FixedParameters: 0 0 0

#Transform 123
Transform: AffineTransform_float_3_3
Parameters: 0.999995 -0.00238447 0.00171662 0.00240154 0.999944 -0.0102859 -0.00169238 0.0102901 0.999945 0.0579165 0.220074 -0.56408
FixedParameters: 0 0 0

#Transform 124
Transform: AffineTransform_float_3_3
Parameters: 0.999995 -0.0023855 0.00173591 0.00240149 0.999952 -0.00956787 -0.00171209 0.00957213 0.999952 0.0554811 0.192306 -0.515104
FixedParameters: 0 0 0

#Transform 125
Transform: AffineTransform_float_3_3
Parameters: 0.999996 -0.00238713 0.00150879 0.00240187 0.999948 -0.00993341 -0.00148521 0.00993658 0.999949 0.0583952 0.248625 -0.56661
FixedParameters: 0 0 0

#Transform 126
Transform: AffineTransform_float_3_3
Parameters: 0.999996 -0.00238717 0.00159148 0.00240184 0.999953 -0.00938421 -0.00156953 0.00938778 0.999954 0.0592793 0.193521 -0.53424
FixedParameters: 0 0 0

#Transform 127
Transform: AffineTransform_float_3_3
Parameters: 0.999996 -0.0025087 0.00143409 0.0025243 0.999939 -0.0107654 -0.0014079 0.0107686 0.999941 0.0838258 0.300924 -0.599452
FixedParameters: 0 0 0

#Transform 128
Transform: AffineTransform_float_3_3
Parameters: 0.999996 -0.00238767 0.0014843 0.00240133 0.99995 -0.00972847 -0.0014607 0.00973152 0.999951 0.0718446 0.118538 -0.545156
FixedParameters: 0 0 0

#Transform 129
Transform: AffineTransform_float_3_3
Parameters: 0.999995 -0.0027311 0.00161492 0.0027479 0.99994 -0.0105546 -0.00158608 0.0105594 0.999943 0.0886468 0.271555 -0.573139
FixedParameters: 0 0 0

#Transform 130
Transform: AffineTransform_float_3_3
Parameters: 0.999994 -0.00286339 0.00162581 0.00287961 0.999949 -0.00968237 -0.00159819 0.00968663 0.999952 0.0928747 0.200713 -0.532882
FixedParameters: 0 0 0

#Transform 131
Transform: AffineTransform_float_3_3
Parameters: 0.999994 -0.00289189 0.00160355 0.00290711 0.99995 -0.00949938 -0.00157645 0.0095036 0.999953 0.0941443 0.192503 -0.479618
FixedParameters: 0 0 0

#Transform 132
Transform: AffineTransform_float_3_3
Parameters: 0.999994 -0.00279888 0.00163786 0.00281512 0.999947 -0.00992344 -0.00161014 0.00992756 0.99995 0.0905445 0.237201 -0.545441
FixedParameters: 0 0 0

#Transform 133
Transform: AffineTransform_float_3_3
Parameters: 0.999993 -0.00316392 0.00166694 0.00317908 0.999954 -0.00912376 -0.00163805 0.00912924 0.999957 0.102091 0.171688 -0.518019
FixedParameters: 0 0 0

#Transform 134
Transform: AffineTransform_float_3_3
Parameters: 0.999992 -0.003493 0.0016317 0.00350899 0.999945 -0.00990834 -0.0015963 0.00991364 0.999949 0.113241 0.23966 -0.500808
FixedParameters: 0 0 0

#Transform 135
Transform: AffineTransform_float_3_3
Parameters: 0.999994 -0.00307419 0.00167054 0.0030888 0.999956 -0.00893489 -0.00164246 0.0089401 0.999958 0.0853034 0.164592 -0.471976
FixedParameters: 0 0 0

#Transform 136
Transform: AffineTransform_float_3_3
Parameters: 0.999995 -0.00244965 0.00162447 0.00246735 0.999939 -0.010767 -0.00159752 0.010771 0.99994 0.0341769 0.22013 -0.577057
FixedParameters: 0 0 0

#Transform 137
Transform: AffineTransform_float_3_3
Parameters: 0.999995 -0.00262497 0.00179318 0.00264403 0.99994 -0.0106953 -0.00176481 0.0107007 0.999941 0.0426937 0.277307 -0.604054
FixedParameters: 0 0 0

#Transform 138
Transform: AffineTransform_float_3_3
Parameters: 0.999995 -0.00262198 0.00211559 0.00264402 0.999941 -0.0104735 -0.00208842 0.0104785 0.999943 0.0457078 0.203582 -0.584095
FixedParameters: 0 0 0

#Transform 139
Transform: AffineTransform_float_3_3
Parameters: 0.999995 -0.00262039 0.00180967 0.0026436 0.99991 -0.0131683 -0.00177434 0.0131727 0.999911 0.0483467 0.320916 -0.741551
FixedParameters: 0 0 0

#Transform 140
Transform: AffineTransform_float_3_3
Parameters: 0.999995 -0.00288766 0.00146961 0.00290634 0.999916 -0.0126348 -0.00143339 0.0126392 0.999919 0.0690423 0.270326 -0.730176
FixedParameters: 0 0 0

#Transform 141
Transform: AffineTransform_float_3_3
Parameters: 0.999996 -0.00232921 0.00188156 0.00235179 0.999923 -0.0122006 -0.00185344 0.0122054 0.999924 0.0273996 0.224678 -0.661745
FixedParameters: 0 0 0

#Transform 142
Transform: AffineTransform_float_3_3
Parameters: 0.999995 -0.00273832 0.00123481 0.00275169 0.999934 -0.0112207 -0.0012042 0.0112234 0.999937 0.0648887 0.249898 -0.57717
FixedParameters: 0 0 0

#Transform 143
Transform: AffineTransform_float_3_3
Parameters: 0.999995 -0.00269934 0.00119112 0.00271166 0.999939 -0.0107618 -0.00116188 0.0107652 0.999942 0.0749774 0.192451 -0.556893
FixedParameters: 0 0 0

#Transform 144
Transform: AffineTransform_float_3_3
Parameters: 0.999996 -0.00262599 0.00160387 0.00264402 0.999933 -0.0113348 -0.00157413 0.0113392 0.999935 0.065953 0.25992 -0.574876
FixedParameters: 0 0 0

#Transform 145
Transform: AffineTransform_float_3_3
Parameters: 0.999995 -0.00286981 0.0016976 0.00289019 0.999923 -0.0120122 -0.0016634 0.0120168 0.999927 0.0713297 0.227482 -0.630047
FixedParameters: 0 0 0

#Transform 146
Transform: AffineTransform_float_3_3
Parameters: 0.999995 -0.00262893 0.00142319 0.00264307 0.99994 -0.0106893 -0.00139582 0.0106927 0.999942 0.0861738 0.124389 -0.45804
FixedParameters: 0 0 0

#Transform 147
Transform: AffineTransform_float_3_3
Parameters: 0.999995 -0.0031644 0.00112019 0.0031786 0.999918 -0.0123565 -0.0010808 0.0123595 0.999923 0.119247 0.226885 -0.49563
FixedParameters: 0 0 0

#Transform 148
Transform: AffineTransform_float_3_3
Parameters: 0.999995 -0.00266332 0.00181822 0.00269069 0.999878 -0.0153922 -0.00177779 0.0153968 0.99988 0.126054 0.21772 -0.857533
FixedParameters: 0 0 0

#Transform 149
Transform: AffineTransform_float_3_3
Parameters: 0.999996 -0.00263393 0.000784311 0.00264707 0.99985 -0.017158 -0.000738687 0.01716 0.999852 0.0966455 0.405577 -0.929633
FixedParameters: 0 0 0

#Transform 150
Transform: AffineTransform_float_3_3
Parameters: 0.999995 -0.00296935 0.000843598 0.00298264 0.999856 -0.0166626 -0.000793407 0.0166654 0.999861 0.107704 0.294984 -0.749792
FixedParameters: 0 0 0

#Transform 151
Transform: AffineTransform_float_3_3
Parameters: 0.999994 -0.00310002 0.00118565 0.00311598 0.999901 -0.0137204 -0.00114335 0.0137246 0.999905 0.110116 0.201799 -0.634632
FixedParameters: 0 0 0

#Transform 152
Transform: AffineTransform_float_3_3
Parameters: 0.999997 -0.00267117 0.000417189 0.00267684 0.999889 -0.0146539 -0.000378813 0.0146551 0.999892 0.120328 0.334249 -0.695123
FixedParameters: 0 0 0

#Transform 153
Transform: AffineTransform_float_3_3
Parameters: 0.999996 -0.00296739 0.000659025 0.00297561 0.999905 -0.0134671 -0.000618981 0.0134689 0.999909 0.152259 0.236271 -0.634907
FixedParameters: 0 0 0

#Transform 154
Transform: AffineTransform_float_3_3
Parameters: 0.99999 -0.00433052 0.00118715 0.00434548 0.999912 -0.012481 -0.00113284 0.012486 0.999922 0.231866 0.217089 -0.575015
FixedParameters: 0 0 0

#Transform 155
Transform: AffineTransform_float_3_3
Parameters: 0.99999 -0.00433604 0.000955989 0.00434797 0.999908 -0.012892 -0.000900012 0.012896 0.999917 0.230147 0.269173 -0.646462
FixedParameters: 0 0 0

#Transform 156
Transform: AffineTransform_float_3_3
Parameters: 0.999989 -0.00437056 0.00124774 0.00438544 0.99992 -0.0118166 -0.00119625 0.0118213 0.999929 0.209632 0.231159 -0.631326
FixedParameters: 0 0 0

#Transform 157
Transform: AffineTransform_float_3_3
Parameters: 0.99999 -0.0044373 0.000742068 0.0044457 0.999916 -0.0121708 -0.000687935 0.0121742 0.999925 0.212942 0.281495 -0.633402
FixedParameters: 0 0 0

#Transform 158
Transform: AffineTransform_float_3_3
Parameters: 0.99999 -0.0043055 0.00103508 0.0043165 0.999926 -0.0113806 -0.000985932 0.0113844 0.999934 0.206784 0.241826 -0.62282
FixedParameters: 0 0 0

#Transform 159
Transform: AffineTransform_float_3_3
Parameters: 0.99999 -0.00437454 0.00076225 0.00438345 0.999924 -0.0114738 -0.000711744 0.0114772 0.999934 0.202569 0.249975 -0.573619
FixedParameters: 0 0 0

#Transform 160
Transform: AffineTransform_float_3_3
Parameters: 0.999991 -0.00410529 0.000876764 0.00411471 0.999927 -0.0113755 -0.000830237 0.0113795 0.999935 0.197972 0.251943 -0.592423
FixedParameters: 0 0 0

#Transform 161
Transform: AffineTransform_float_3_3
Parameters: 0.999991 -0.00410475 0.000965659 0.00411524 0.999932 -0.0108641 -0.000920338 0.0108679 0.99994 0.196748 0.214394 -0.549565
FixedParameters: 0 0 0

#Transform 162
Transform: AffineTransform_float_3_3
Parameters: 0.999991 -0.00404186 0.000727722 0.00405014 0.999925 -0.0115462 -0.000681276 0.0115489 0.999933 0.185137 0.29254 -0.619215
FixedParameters: 0 0 0

#Transform 163
Transform: AffineTransform_float_3_3
Parameters: 0.999991 -0.00401626 0.000720519 0.00402373 0.99993 -0.0110722 -0.000676485 0.0110748 0.999939 0.177675 0.245776 -0.62713
FixedParameters: 0 0 0

#Transform 164
Transform: AffineTransform_float_3_3
Parameters: 0.999992 -0.00404439 -0.000108815 0.0040426 0.999935 -0.0106795 0.000152183 0.0106795 0.999943 0.185725 0.27489 -0.620889
FixedParameters: 0 0 0

#Transform 165
Transform: AffineTransform_float_3_3
Parameters: 0.999991 -0.00407501 2.09652e-05 0.00407498 0.999931 -0.011034 2.3965e-05 0.011034 0.999939 0.190878 0.312848 -0.650611
FixedParameters: 0 0 0

#Transform 166
Transform: AffineTransform_float_3_3
Parameters: 0.999991 -0.00407556 -3.41451e-05 0.00407442 0.999939 -0.0102702 7.68522e-05 0.0102708 0.999948 0.200227 0.236851 -0.588491
FixedParameters: 0 0 0

#Transform 167
Transform: AffineTransform_float_3_3
Parameters: 0.999986 -0.00526405 0.000347008 0.00526694 0.999944 -0.0091163 -0.000298994 0.0091177 0.999959 0.259938 0.211206 -0.444865
FixedParameters: 0 0 0

#Transform 168
Transform: AffineTransform_float_3_3
Parameters: 0.999991 -0.00429142 -0.000122751 0.00429058 0.999943 -0.00984662 0.000165256 0.00984638 0.999951 0.200219 0.23277 -0.48615
FixedParameters: 0 0 0

#Transform 169
Transform: AffineTransform_float_3_3
Parameters: 0.999992 -0.00395519 0.000474912 0.00395881 0.999957 -0.00831618 -0.00044209 0.00831781 0.999966 0.185097 0.165006 -0.430378
FixedParameters: 0 0 0

#Transform 170
Transform: AffineTransform_float_3_3
Parameters: 0.99999 -0.00422723 0.000822445 0.00423677 0.999931 -0.0109736 -0.000775545 0.0109774 0.99994 0.169917 0.386546 -0.688229
FixedParameters: 0 0 0

#Transform 171
Transform: AffineTransform_float_3_3
Parameters: 0.99999 -0.00441316 0.000929999 0.00442284 0.999931 -0.010862 -0.000882001 0.010866 0.99994 0.20304 0.210126 -0.596692
FixedParameters: 0 0 0

#Transform 172
Transform: AffineTransform_float_3_3
Parameters: 0.999989 -0.00447227 0.000986733 0.00448373 0.999916 -0.0122197 -0.000932268 0.0122243 0.999925 0.204529 0.323001 -0.656076
FixedParameters: 0 0 0

#Transform 173
Transform: AffineTransform_float_3_3
Parameters: 0.999987 -0.00498198 0.00103644 0.00499302 0.999928 -0.010913 -0.000982557 0.010918 0.99994 0.228875 0.271176 -0.674596
FixedParameters: 0 0 0

#Transform 174
Transform: AffineTransform_float_3_3
Parameters: 0.999986 -0.0050856 0.00156916 0.0051014 0.99993 -0.0106291 -0.00151584 0.0106369 0.999943 0.224755 0.28195 -0.696819
FixedParameters: 0 0 0

#Transform 175
Transform: AffineTransform_float_3_3
Parameters: 0.999985 -0.00550038 0.00108978 0.00551263 0.999914 -0.0119422 -0.00102423 0.0119478 0.999928 0.239952 0.328813 -0.707775
FixedParameters: 0 0 0

#Transform 176
Transform: AffineTransform_float_3_3
Parameters: 0.999986 -0.00504339 0.0014424 0.00505961 0.999918 -0.0117539 -0.00138261 0.0117611 0.99993 0.231642 0.242707 -0.680352
FixedParameters: 0 0 0

#Transform 177
Transform: AffineTransform_float_3_3
Parameters: 0.999987 -0.0050564 0.00119837 0.00507061 0.999909 -0.0125111 -0.00113564 0.0125169 0.999921 0.234631 0.35619 -0.693501
FixedParameters: 0 0 0

#Transform 178
Transform: AffineTransform_float_3_3
Parameters: 0.99999 -0.00457784 0.000616573 0.00458415 0.999935 -0.0103833 -0.000568427 0.0103857 0.999946 0.221827 0.230628 -0.591892
FixedParameters: 0 0 0

#Transform 179
Transform: AffineTransform_float_3_3
Parameters: 0.999988 -0.0049107 0.000584566 0.00491729 0.999924 -0.0113063 -0.000528432 0.0113087 0.999936 0.236426 0.324833 -0.653838
FixedParameters: 0 0 0

#Transform 180
Transform: AffineTransform_float_3_3
Parameters: 0.999989 -0.00468225 0.000357116 0.00468675 0.999924 -0.0113384 -0.000303872 0.0113405 0.999935 0.228542 0.287105 -0.720494
FixedParameters: 0 0 0

#Transform 181
Transform: AffineTransform_float_3_3
Parameters: 0.99999 -0.00454494 0.00059468 0.00455206 0.999912 -0.0124594 -0.000538317 0.0124626 0.999922 0.220879 0.303272 -0.725319
FixedParameters: 0 0 0

#Transform 182
Transform: AffineTransform_float_3_3
Parameters: 0.999991 -0.00436366 0.000435372 0.00436834 0.999904 -0.0131382 -0.000377633 0.0131408 0.999913 0.201096 0.334312 -0.78972
FixedParameters: 0 0 0

#Transform 183
Transform: AffineTransform_float_3_3
Parameters: 0.999992 -0.00395468 0.000132972 0.00395532 0.999918 -0.0121276 -8.50351e-05 0.0121284 0.999927 0.184665 0.255441 -0.746022
FixedParameters: 0 0 0

#Transform 184
Transform: AffineTransform_float_3_3
Parameters: 0.99999 -0.00442478 0.000122766 0.00442622 0.999905 -0.0130526 -6.42289e-05 0.0130534 0.999915 0.200222 0.346013 -0.800593
FixedParameters: 0 0 0

#Transform 185
Transform: AffineTransform_float_3_3
Parameters: 0.99999 -0.00449555 0.000486302 0.00450045 0.999919 -0.0118479 -0.000433704 0.0118501 0.999929 0.202797 0.239609 -0.747261
FixedParameters: 0 0 0

#Transform 186
Transform: AffineTransform_float_3_3
Parameters: 0.999989 -0.00482551 0.000302991 0.00482949 0.999906 -0.0128407 -0.000241006 0.0128413 0.999917 0.212042 0.367448 -0.823335
FixedParameters: 0 0 0

#Transform 187
Transform: AffineTransform_float_3_3
Parameters: 0.999991 -0.00440796 -4.19803e-05 0.00440704 0.9999 -0.0133903 0.000101019 0.0133897 0.999911 0.192008 0.318868 -0.888908
FixedParameters: 0 0 0

#Transform 188
Transform: AffineTransform_float_3_3
Parameters: 0.99999 -0.00431232 0.000366874 0.00431668 0.999895 -0.0138755 -0.000307128 0.0138775 0.999903 0.181198 0.393086 -0.904045
FixedParameters: 0 0 0

#Transform 189
Transform: AffineTransform_float_3_3
Parameters: 0.999992 -0.00395041 7.02898e-05 0.00395058 0.999904 -0.0132348 -1.77151e-05 0.0132352 0.999913 0.173716 0.335598 -0.923863
FixedParameters: 0 0 0

#Transform 190
Transform: AffineTransform_float_3_3
