# transform file /out/sourcedata/freesurfer/sub-v1s23x0050575_ses-1/mri/transforms/cc_up.lta
# created by oesteban on Mon Mar  9 21:13:39 2026

type      = 0 # LINEAR_VOX_TO_VOX
nxforms   = 1
mean      = 128.0000 137.0000 122.0000
sigma     = 10000.0000
1 4 4
9.894339442253113e-01 -1.157881319522858e-01 8.725688606500626e-02 6.743642807006836e+00 
1.153404861688614e-01 9.932740330696106e-01 1.017172634601593e-02 -4.043971061706543e+00 
-8.784775435924530e-02 9.313226856377810e-10 9.961339831352234e-01 2.762275314331055e+01 
0.000000000000000e+00 0.000000000000000e+00 0.000000000000000e+00 1.000000000000000e+00 
src volume info
valid = 1  # volume info valid
filename = /out/sourcedata/freesurfer/sub-v1s23x0050575_ses-1/mri/norm.mgz
volume = 256 256 256
voxelsize = 1.000000000000000e+00 1.000000000000000e+00 1.000000000000000e+00
xras   = -1.000000000000000e+00 0.000000000000000e+00 0.000000000000000e+00
yras   = 0.000000000000000e+00 0.000000000000000e+00 -1.000000000000000e+00
zras   = 0.000000000000000e+00 1.000000000000000e+00 0.000000000000000e+00
cras   = 2.706520080566406e+01 -4.084556579589844e+01 2.185771179199219e+01
dst volume info
valid = 1  # volume info valid
filename = /out/sourcedata/freesurfer/sub-v1s23x0050575_ses-1/mri/norm.mgz
volume = 256 256 256
voxelsize = 1.000000000000000e+00 1.000000000000000e+00 1.000000000000000e+00
xras   = -1.000000000000000e+00 0.000000000000000e+00 0.000000000000000e+00
yras   = 0.000000000000000e+00 0.000000000000000e+00 -1.000000000000000e+00
zras   = 0.000000000000000e+00 1.000000000000000e+00 0.000000000000000e+00
cras   = 2.706520080566406e+01 -4.084556579589844e+01 2.185771179199219e+01
