#Insight Transform File V1.0
#Transform 0
Transform: AffineTransform_float_3_3
Parameters: 1 -5.4435e-08 -5.69999e-05 -5.4435e-08 0.999999 -0.000954999 5.69999e-05 0.000954999 0.999999 0.00333958 0.0496537 0.379434
FixedParameters: 0 0 0

#Transform 1
Transform: AffineTransform_float_3_3
Parameters: 0.999999 0.000854957 -4.97429e-05 -0.000855043 1 -0.000868958 4.92569e-05 0.000869042 0.999999 0.0390779 0.272635 0.0216039
FixedParameters: 0 0 0

#Transform 2
Transform: AffineTransform_float_3_3
Parameters: 0.999999 0.000735995 -8.40368e-05 -0.000736004 0.999999 -4.99381e-05 8.39632e-05 5.00618e-05 1 0.029898 0.259119 -0.0903023
FixedParameters: 0 0 0

#Transform 3
Transform: AffineTransform_float_3_3
Parameters: 0.999999 0.000704159 0.000199441 -0.000703841 1 -0.000794141 -0.000200559 0.000793859 0.999999 0.0143227 0.343808 -0.107898
FixedParameters: 0 0 0

#Transform 4
Transform: AffineTransform_float_3_3
Parameters: 1 0.00107528 0.000261846 -0.00107572 0.999999 -0.00107328 -0.000263156 0.00107372 1 0.013231 0.360559 -0.107405
FixedParameters: 0 0 0

#Transform 5
Transform: AffineTransform_float_3_3
Parameters: 1 0.00110076 0.000483278 -0.00109924 0.999998 -0.00156553 -0.000484722 0.00156547 0.999998 -0.00385653 0.425704 -0.126034
FixedParameters: 0 0 0

#Transform 6
Transform: AffineTransform_float_3_3
Parameters: 0.999999 0.000767488 0.000541308 -0.000766511 1 -0.000902416 -0.000541691 0.000901585 1 -0.0199958 0.348732 -0.128901
FixedParameters: 0 0 0

#Transform 7
Transform: AffineTransform_float_3_3
Parameters: 0.999999 0.00119379 0.000316044 -0.00119321 0.999996 -0.00247738 -0.000318958 0.00247762 0.999997 0.0185154 0.477639 -0.148891
FixedParameters: 0 0 0

#Transform 8
Transform: AffineTransform_float_3_3
Parameters: 1 0.00103693 -0.000294774 -0.00103806 0.999993 -0.0036377 0.000290226 0.0036383 0.999994 0.0316868 0.567315 -0.145825
FixedParameters: 0 0 0

#Transform 9
Transform: AffineTransform_float_3_3
Parameters: 0.999999 0.000862055 0.00039068 -0.000860943 0.999996 -0.00269334 -0.000393321 0.00269366 0.999997 -0.00504784 0.511612 -0.127025
FixedParameters: 0 0 0

#Transform 10
Transform: AffineTransform_float_3_3
Parameters: 0.999999 0.000890138 0.000515037 -0.000888861 0.999997 -0.00220646 -0.000516962 0.00220554 0.999998 -0.00265739 0.47753 -0.160338
FixedParameters: 0 0 0

#Transform 11
Transform: AffineTransform_float_3_3
Parameters: 1 0.00100926 0.000478357 -0.00100774 0.999996 -0.00262149 -0.000481643 0.00262052 0.999997 0.00121207 0.50516 -0.150381
FixedParameters: 0 0 0

#Transform 12
Transform: AffineTransform_float_3_3
Parameters: 1 0.000975344 0.000594802 -0.000973658 0.999997 -0.00225558 -0.000596197 0.00225442 0.999998 -0.0080235 0.478004 -0.184349
FixedParameters: 0 0 0

#Transform 13
Transform: AffineTransform_float_3_3
Parameters: 0.999998 0.00157669 0.000263904 -0.00157631 0.999996 -0.00259842 -0.000268097 0.00259858 0.999996 0.0308691 0.527236 -0.20224
FixedParameters: 0 0 0

#Transform 14
Transform: AffineTransform_float_3_3
Parameters: 0.999999 0.00124219 0.000452752 -0.00124081 0.999996 -0.00261656 -0.000456249 0.00261644 0.999997 -4.39687e-05 0.509822 -0.211841
FixedParameters: 0 0 0

#Transform 15
Transform: AffineTransform_float_3_3
Parameters: 0.999998 0.00189128 8.60692e-05 -0.00189172 0.999994 -0.00313617 -9.19328e-05 0.00313583 0.999995 0.0496568 0.575424 -0.221146
FixedParameters: 0 0 0

#Transform 16
Transform: AffineTransform_float_3_3
Parameters: 0.999999 0.00134759 0.000219419 -0.00134741 0.999995 -0.0026583 -0.000223583 0.0026587 0.999996 0.0191066 0.520385 -0.199646
FixedParameters: 0 0 0

#Transform 17
Transform: AffineTransform_float_3_3
Parameters: 0.999999 0.00151495 0.000309385 -0.00151405 0.999994 -0.00304747 -0.000314614 0.00304653 0.999996 0.014831 0.576975 -0.185059
FixedParameters: 0 0 0

#Transform 18
Transform: AffineTransform_float_3_3
Parameters: 0.999998 0.00193225 -0.00045744 -0.00193374 0.99999 -0.00384812 0.000449562 0.00384888 0.999993 0.0458875 0.696602 -0.387925
FixedParameters: 0 0 0

#Transform 19
Transform: AffineTransform_float_3_3
Parameters: 0.999998 0.00166277 -5.89109e-05 -0.00166323 0.99999 -0.00415591 5.2088e-05 0.00415609 0.999992 0.0305239 0.675029 -0.24957
FixedParameters: 0 0 0

#Transform 20
Transform: AffineTransform_float_3_3
Parameters: 0.999999 0.00145519 0.000311465 -0.0014538 0.999991 -0.00380545 -0.000317534 0.00380454 0.999992 -0.00124317 0.61141 -0.242998
FixedParameters: 0 0 0

#Transform 21
Transform: AffineTransform_float_3_3
Parameters: 0.999999 0.00148018 0.000458013 -0.00147782 0.999988 -0.00472368 -0.000464986 0.00472331 0.999988 -0.00677491 0.708592 -0.216627
FixedParameters: 0 0 0

#Transform 22
Transform: AffineTransform_float_3_3
Parameters: 0.999998 0.00154607 0.00045806 -0.00154393 0.999988 -0.00449171 -0.000464938 0.00449028 0.99999 -0.00463898 0.658305 -0.222682
FixedParameters: 0 0 0

#Transform 23
Transform: AffineTransform_float_3_3
Parameters: 0.999999 0.00167941 0.000279661 -0.00167859 0.999987 -0.00496748 -0.000287341 0.00496652 0.999987 0.00572385 0.722741 -0.21431
FixedParameters: 0 0 0

#Transform 24
Transform: AffineTransform_float_3_3
Parameters: 0.999999 0.00144546 0.000117509 -0.00144554 0.999991 -0.00379917 -0.000123492 0.00379882 0.999993 0.000592208 0.627646 -0.241416
FixedParameters: 0 0 0

#Transform 25
Transform: AffineTransform_float_3_3
Parameters: 1 0.00112788 -2.58777e-05 -0.00112812 0.999986 -0.00521098 2.01216e-05 0.00521103 0.999987 -0.00221891 0.724401 -0.183101
FixedParameters: 0 0 0

#Transform 26
Transform: AffineTransform_float_3_3
Parameters: 0.999998 0.00171168 0.0010992 -0.00170532 0.999986 -0.00515089 -0.0011078 0.00514812 0.999986 -0.0133692 0.711774 -0.172526
FixedParameters: 0 0 0

#Transform 27
Transform: AffineTransform_float_3_3
Parameters: 0.999998 0.00162128 5.39995e-05 -0.00162071 0.999986 -0.00493509 -6.20005e-05 0.0049359 0.999988 0.016511 0.725378 -0.209434
FixedParameters: 0 0 0

#Transform 28
Transform: AffineTransform_float_3_3
Parameters: 0.999999 0.00178266 0.000301362 -0.00178134 0.999984 -0.00540955 -0.000311641 0.00540945 0.999986 0.00609106 0.74035 -0.202442
FixedParameters: 0 0 0

#Transform 29
Transform: AffineTransform_float_3_3
Parameters: 0.999997 0.00211448 0.000439222 -0.00211251 0.999982 -0.00557394 -0.000451781 0.00557306 0.999985 0.00935649 0.765334 -0.220102
FixedParameters: 0 0 0

#Transform 30
Transform: AffineTransform_float_3_3
Parameters: 0.999997 0.00219256 0.000256976 -0.00219043 0.99998 -0.00594258 -0.000270022 0.00594242 0.999983 0.0202512 0.771561 -0.20467
FixedParameters: 0 0 0

#Transform 31
Transform: AffineTransform_float_3_3
Parameters: 0.999998 0.0020513 0.000259894 -0.00204969 0.999986 -0.00492854 -0.000270104 0.00492745 0.999988 0.0201227 0.699267 -0.220607
FixedParameters: 0 0 0

#Transform 32
Transform: AffineTransform_float_3_3
Parameters: 0.999997 0.00237059 0.000255645 -0.00236941 0.999979 -0.00605762 -0.000270356 0.00605637 0.999981 0.0144796 0.775847 -0.18289
FixedParameters: 0 0 0

#Transform 33
Transform: AffineTransform_float_3_3
Parameters: 0.999997 0.00224222 0.00072305 -0.00223778 0.999981 -0.00578163 -0.00073595 0.00578036 0.999983 -0.00673371 0.744409 -0.193934
FixedParameters: 0 0 0

#Transform 34
Transform: AffineTransform_float_3_3
Parameters: 0.999997 0.00236598 0.00071982 -0.00236101 0.999974 -0.00684672 -0.000736181 0.00684528 0.999977 -0.00285018 0.838475 -0.171409
FixedParameters: 0 0 0

#Transform 35
Transform: AffineTransform_float_3_3
Parameters: 0.999996 0.00266285 0.000879476 -0.00265615 0.999975 -0.00658936 -0.000896518 0.00658664 0.999978 -0.00930594 0.823219 -0.196983
FixedParameters: 0 0 0

#Transform 36
Transform: AffineTransform_float_3_3
Parameters: 0.999996 0.00264014 0.000138835 -0.00263887 0.999968 -0.00763939 -0.000158165 0.00763961 0.999971 0.0309845 0.908123 -0.169411
FixedParameters: 0 0 0

#Transform 37
Transform: AffineTransform_float_3_3
Parameters: 0.999996 0.00275281 9.84416e-05 -0.00275219 0.999969 -0.0074693 -0.000119562 0.0074697 0.999972 0.032526 0.864998 -0.179395
FixedParameters: 0 0 0

#Transform 38
Transform: AffineTransform_float_3_3
Parameters: 0.999995 0.00289273 0.000482134 -0.00288927 0.999967 -0.00756443 -0.00050387 0.00756358 0.999972 0.0150392 0.912944 -0.1678
FixedParameters: 0 0 0

#Transform 39
Transform: AffineTransform_float_3_3
Parameters: 0.999995 0.00294564 0.000498955 -0.00294236 0.99997 -0.0071495 -0.000520046 0.0071475 0.999975 0.0198499 0.857208 -0.183932
FixedParameters: 0 0 0

#Transform 40
Transform: AffineTransform_float_3_3
Parameters: 0.999995 0.00298039 0.000287212 -0.00297861 0.999963 -0.00798489 -0.000310793 0.00798411 0.999968 0.0331305 0.922612 -0.172342
FixedParameters: 0 0 0

#Transform 41
Transform: AffineTransform_float_3_3
Parameters: 0.999996 0.0027607 -4.97033e-05 -0.0027603 0.999966 -0.0078609 2.73047e-05 0.00786011 0.999969 0.0342871 0.89794 -0.16352
FixedParameters: 0 0 0

#Transform 42
Transform: AffineTransform_float_3_3
Parameters: 0.999996 0.0028403 0.00017169 -0.0028387 0.999971 -0.00715252 -0.00019231 0.00715249 0.999975 0.0231957 0.892999 -0.15607
FixedParameters: 0 0 0

#Transform 43
Transform: AffineTransform_float_3_3
Parameters: 0.999996 0.00306765 7.51078e-05 -0.00306636 0.999968 -0.00746327 -9.78897e-05 0.00746374 0.999972 0.0363522 0.874357 -0.153845
FixedParameters: 0 0 0

#Transform 44
Transform: AffineTransform_float_3_3
Parameters: 0.999994 0.00328637 0.000284808 -0.00328362 0.999963 -0.00797298 -0.000311189 0.00797202 0.999968 0.0245503 0.922393 -0.151303
FixedParameters: 0 0 0

#Transform 45
Transform: AffineTransform_float_3_3
Parameters: 0.999993 0.0036477 -0.000449605 -0.00365129 0.999964 -0.00756341 0.000421391 0.00756559 0.999972 0.0838691 0.889734 -0.192655
FixedParameters: 0 0 0

#Transform 46
Transform: AffineTransform_float_3_3
Parameters: 0.999994 0.00361894 -0.000477834 -0.00362306 0.999955 -0.00879033 0.000446164 0.00879267 0.999961 0.0881518 1.01952 -0.148007
FixedParameters: 0 0 0

#Transform 47
Transform: AffineTransform_float_3_3
Parameters: 0.999994 0.00366292 -2.47804e-05 -0.00366208 0.999958 -0.00840296 -5.77284e-06 0.00840303 0.999964 0.0618539 0.963565 -0.15954
FixedParameters: 0 0 0

#Transform 48
Transform: AffineTransform_float_3_3
Parameters: 0.999993 0.00378859 -0.000182091 -0.0037904 0.999957 -0.00846837 0.000149907 0.00846863 0.999964 0.0753916 0.982831 -0.158618
FixedParameters: 0 0 0

#Transform 49
Transform: AffineTransform_float_3_3
Parameters: 0.999994 0.00333346 -0.00020743 -0.00333553 0.999963 -0.00792635 0.000180567 0.00792664 0.999968 0.0534832 0.918414 -0.185005
FixedParameters: 0 0 0

#Transform 50
Transform: AffineTransform_float_3_3
Parameters: 0.999992 0.00380206 0.000226807 -0.00379994 0.999957 -0.00846992 -0.000259193 0.00846908 0.999964 0.0509376 0.969065 -0.166139
FixedParameters: 0 0 0

#Transform 51
Transform: AffineTransform_float_3_3
Parameters: 0.999993 0.0035426 -6.24233e-05 -0.0035424 0.999959 -0.00830484 3.35811e-05 0.00830518 0.999966 0.047396 0.970318 -0.201643
FixedParameters: 0 0 0

#Transform 52
Transform: AffineTransform_float_3_3
Parameters: 0.999993 0.00356108 0.000228567 -0.00355891 0.999957 -0.00854887 -0.00025943 0.00854714 0.999964 0.0370902 0.995656 -0.176271
FixedParameters: 0 0 0

#Transform 53
Transform: AffineTransform_float_3_3
Parameters: 0.999995 0.0033784 -8.59994e-05 -0.0033786 0.99996 -0.00828675 5.80064e-05 0.00828624 0.999965 0.0549317 0.986873 -0.174513
FixedParameters: 0 0 0

#Transform 54
Transform: AffineTransform_float_3_3
Parameters: 0.999994 0.00324061 -0.000192932 -0.00324239 0.999965 -0.00769142 0.000168064 0.00769259 0.999971 0.0629705 0.923959 -0.180709
FixedParameters: 0 0 0

#Transform 55
Transform: AffineTransform_float_3_3
Parameters: 0.999993 0.00360373 -0.000166316 -0.00360528 0.999958 -0.00841045 0.00013668 0.00841155 0.999964 0.0630532 0.985671 -0.207126
FixedParameters: 0 0 0

#Transform 56
Transform: AffineTransform_float_3_3
Parameters: 0.999994 0.00364208 -0.000368138 -0.00364492 0.999959 -0.00827071 0.000337862 0.00827228 0.999965 0.0765259 0.938944 -0.187454
FixedParameters: 0 0 0

#Transform 57
Transform: AffineTransform_float_3_3
Parameters: 0.999993 0.00373482 -0.000371495 -0.00373817 0.999953 -0.00896367 0.000337502 0.00896532 0.99996 0.0850798 1.02805 -0.190521
FixedParameters: 0 0 0

#Transform 58
Transform: AffineTransform_float_3_3
Parameters: 0.999994 0.00347045 -0.000433442 -0.00347355 0.999958 -0.00847855 0.00040456 0.00848046 0.999964 0.0852653 0.985083 -0.230974
FixedParameters: 0 0 0

#Transform 59
Transform: AffineTransform_float_3_3
Parameters: 0.999991 0.00421133 -0.000381014 -0.00421467 0.999939 -0.0102085 0.000337987 0.0102105 0.999948 0.104364 1.09841 -0.223565
FixedParameters: 0 0 0

#Transform 60
Transform: AffineTransform_float_3_3
Parameters: 0.99999 0.00444342 -0.00038217 -0.00444758 0.999941 -0.00993539 0.000337822 0.00993759 0.99995 0.10425 1.05881 -0.26637
FixedParameters: 0 0 0

#Transform 61
Transform: AffineTransform_float_3_3
Parameters: 0.999991 0.0041964 -7.85353e-05 -0.00419661 0.999933 -0.0108498 3.34681e-05 0.0108502 0.999941 0.0873537 1.14892 -0.242319
FixedParameters: 0 0 0

#Transform 62
Transform: AffineTransform_float_3_3
Parameters: 0.99999 0.00447139 -0.000462047 -0.00447661 0.999934 -0.010515 0.000414947 0.010517 0.999944 0.11287 1.10474 -0.241249
FixedParameters: 0 0 0

#Transform 63
Transform: AffineTransform_float_3_3
Parameters: 0.99999 0.00442592 -0.00057768 -0.00443208 0.99993 -0.0109896 0.000529318 0.0109925 0.99994 0.120854 1.18265 -0.243664
FixedParameters: 0 0 0

#Transform 64
Transform: AffineTransform_float_3_3
Parameters: 0.99999 0.00461727 -0.000266449 -0.00462073 0.999925 -0.0113549 0.000214543 0.0113561 0.999935 0.104905 1.1541 -0.244998
FixedParameters: 0 0 0

#Transform 65
Transform: AffineTransform_float_3_3
Parameters: 0.999987 0.00495679 -0.000341763 -0.00496021 0.999895 -0.0136635 0.000274245 0.0136655 0.999907 0.104814 1.30617 -0.204987
FixedParameters: 0 0 0

#Transform 66
Transform: AffineTransform_float_3_3
Parameters: 0.999989 0.0046845 -0.000138702 -0.0046855 0.999887 -0.0142355 7.23076e-05 0.0142355 0.999898 0.0838837 1.32873 -0.199032
FixedParameters: 0 0 0

#Transform 67
Transform: AffineTransform_float_3_3
Parameters: 0.999989 0.00483964 -0.000258343 -0.00484235 0.999873 -0.0151479 0.000184671 0.0151481 0.999885 0.100277 1.40547 -0.195442
FixedParameters: 0 0 0

#Transform 68
Transform: AffineTransform_float_3_3
Parameters: 0.999991 0.00405559 0.000306231 -0.00405041 0.999856 -0.0164744 -0.000372779 0.0164736 0.999864 0.0368614 1.46753 -0.180932
FixedParameters: 0 0 0

#Transform 69
Transform: AffineTransform_float_3_3
Parameters: 0.99999 0.00447266 7.6555e-05 -0.00447135 0.999877 -0.0150815 -0.000143448 0.0150805 0.999887 0.0571663 1.41122 -0.239816
FixedParameters: 0 0 0

#Transform 70
Transform: AffineTransform_float_3_3
Parameters: 0.99999 0.00461264 0.00013161 -0.00460936 0.999866 -0.0156978 -0.000204382 0.0156972 0.999877 0.0582347 1.4329 -0.242228
FixedParameters: 0 0 0

#Transform 71
Transform: AffineTransform_float_3_3
Parameters: 0.999988 0.00475078 0.000203411 -0.00474721 0.999866 -0.0157061 -0.000278592 0.0157049 0.999876 0.0702245 1.44657 -0.229804
FixedParameters: 0 0 0

#Transform 72
Transform: AffineTransform_float_3_3
Parameters: 0.999988 0.00488119 0.00016407 -0.00487781 0.999864 -0.015765 -0.000240927 0.015764 0.999875 0.0763988 1.44502 -0.218043
FixedParameters: 0 0 0

#Transform 73
Transform: AffineTransform_float_3_3
Parameters: 0.999987 0.0049563 0.000239257 -0.0049527 0.999868 -0.0154904 -0.000315752 0.0154886 0.99988 0.0734985 1.43394 -0.232345
FixedParameters: 0 0 0

#Transform 74
Transform: AffineTransform_float_3_3
Parameters: 0.999988 0.00491445 0.000163089 -0.00491055 0.999845 -0.016876 -0.000245903 0.016875 0.999857 0.0703452 1.51631 -0.192429
FixedParameters: 0 0 0

#Transform 75
Transform: AffineTransform_float_3_3
Parameters: 0.999987 0.00507941 0.000160868 -0.00507559 0.999846 -0.016765 -0.000246125 0.016764 0.99986 0.0719098 1.53276 -0.170432
FixedParameters: 0 0 0

#Transform 76
Transform: AffineTransform_float_3_3
Parameters: 0.999989 0.00475549 0.00058872 -0.00474553 0.99985 -0.01669 -0.000667289 0.016687 0.99986 0.0330609 1.51397 -0.152374
FixedParameters: 0 0 0

#Transform 77
Transform: AffineTransform_float_3_3
Parameters: 0.999988 0.00476135 0.000169114 -0.00475865 0.999858 -0.016153 -0.000245897 0.016152 0.99987 0.0527697 1.48693 -0.20389
FixedParameters: 0 0 0

#Transform 78
Transform: AffineTransform_float_3_3
Parameters: 0.999988 0.00485157 0.000160857 -0.00484843 0.999834 -0.017555 -0.00024615 0.017554 0.999846 0.0558421 1.58147 -0.166434
FixedParameters: 0 0 0

#Transform 79
Transform: AffineTransform_float_3_3
Parameters: 0.999988 0.00473381 0.000356934 -0.00472719 0.999842 -0.0171369 -0.00043807 0.0171351 0.999853 0.0433067 1.51709 -0.176504
FixedParameters: 0 0 0

#Transform 80
Transform: AffineTransform_float_3_3
Parameters: 0.999987 0.00506958 0.000155778 -0.00506642 0.999828 -0.017802 -0.000246229 0.017801 0.999841 0.0683063 1.59253 -0.151567
FixedParameters: 0 0 0

#Transform 81
Transform: AffineTransform_float_3_3
Parameters: 0.999988 0.00501091 0.000251028 -0.00500609 0.999847 -0.0167655 -0.000334976 0.0167645 0.99986 0.0692493 1.51477 -0.188562
FixedParameters: 0 0 0

#Transform 82
Transform: AffineTransform_float_3_3
Parameters: 0.999987 0.00514549 0.000156972 -0.00514151 0.999837 -0.017307 -0.000246019 0.017306 0.99985 0.0657491 1.56128 -0.175053
FixedParameters: 0 0 0

#Transform 83
Transform: AffineTransform_float_3_3
Parameters: 0.999987 0.00499029 9.41492e-05 -0.00498771 0.999847 -0.0168057 -0.000177847 0.0168053 0.999859 0.0643873 1.53877 -0.19342
FixedParameters: 0 0 0

#Transform 84
Transform: AffineTransform_float_3_3
Parameters: 0.999988 0.00503684 0.000171595 -0.00503315 0.999829 -0.0177561 -0.000261408 0.0177549 0.999843 0.0628635 1.61695 -0.166616
FixedParameters: 0 0 0

#Transform 85
Transform: AffineTransform_float_3_3
Parameters: 0.999987 0.00495154 -0.000306425 -0.00495645 0.999846 -0.0168387 0.000222571 0.0168393 0.999858 0.084167 1.54451 -0.198542
FixedParameters: 0 0 0

#Transform 86
Transform: AffineTransform_float_3_3
Parameters: 0.999987 0.00518706 -0.00020851 -0.00518993 0.99982 -0.0182132 0.000113487 0.0182148 0.999834 0.0727791 1.67037 -0.159745
FixedParameters: 0 0 0

#Transform 87
Transform: AffineTransform_float_3_3
Parameters: 0.999987 0.00509234 -0.000311768 -0.00509666 0.999835 -0.0174216 0.000223236 0.0174234 0.999848 0.0821949 1.59084 -0.177247
FixedParameters: 0 0 0

#Transform 88
Transform: AffineTransform_float_3_3
Parameters: 0.99999 0.0044893 0.000103536 -0.0044877 0.999856 -0.0163676 -0.000177473 0.0163664 0.999866 0.0655845 1.54525 -0.180021
FixedParameters: 0 0 0

#Transform 89
Transform: AffineTransform_float_3_3
Parameters: 0.999989 0.00478998 -0.000737545 -0.00480103 0.999865 -0.0157506 0.000662453 0.0157544 0.999875 0.115358 1.48682 -0.189701
FixedParameters: 0 0 0

#Transform 90
Transform: AffineTransform_float_3_3
Parameters: 0.999986 0.00527761 -0.000252317 -0.0052814 0.999856 -0.0161589 0.000167676 0.0161601 0.99987 0.123181 1.51719 -0.148515
FixedParameters: 0 0 0

#Transform 91
Transform: AffineTransform_float_3_3
Parameters: 0.999988 0.00487815 0.000352296 -0.00487184 0.999865 -0.0157339 -0.000429703 0.0157321 0.999876 0.130063 1.45188 -0.0364902
FixedParameters: 0 0 0

#Transform 92
Transform: AffineTransform_float_3_3
Parameters: 0.999988 0.00487914 0.000360875 -0.00487286 0.99987 -0.015407 -0.000436124 0.0154051 0.999881 0.113704 1.44184 -0.0651594
FixedParameters: 0 0 0

#Transform 93
Transform: AffineTransform_float_3_3
Parameters: 0.999989 0.00470244 6.2113e-05 -0.00470056 0.999878 -0.0148634 -0.000131878 0.0148625 0.999889 0.118352 1.37323 -0.0821986
FixedParameters: 0 0 0

#Transform 94
Transform: AffineTransform_float_3_3
Parameters: 0.999987 0.00497028 -2.12654e-05 -0.00497071 0.999863 -0.0157461 -5.72762e-05 0.0157459 0.999876 0.131534 1.48001 -0.0770962
FixedParameters: 0 0 0

#Transform 95
Transform: AffineTransform_float_3_3
Parameters: 0.999989 0.00452519 0.000651825 -0.00451481 0.99988 -0.0148621 -0.000719172 0.0148589 0.99989 0.0763304 1.4158 -0.0989373
FixedParameters: 0 0 0

#Transform 96
Transform: AffineTransform_float_3_3
Parameters: 0.999987 0.00519523 0.000302684 -0.00518978 0.99987 -0.0152748 -0.000381315 0.0152732 0.999884 0.120028 1.46053 -0.0675636
FixedParameters: 0 0 0

#Transform 97
Transform: AffineTransform_float_3_3
Parameters: 0.999988 0.0047479 0.000239164 -0.0047441 0.999886 -0.0142933 -0.000306836 0.0142917 0.999898 0.103231 1.36247 -0.0835769
FixedParameters: 0 0 0

#Transform 98
Transform: AffineTransform_float_3_3
Parameters: 0.999983 0.00569366 -0.000398726 -0.00569834 0.999913 -0.0118889 0.000331269 0.0118911 0.999929 0.166275 1.30737 -0.091005
FixedParameters: 0 0 0

#Transform 99
Transform: AffineTransform_float_3_3
Parameters: 0.999988 0.00498318 -0.000796877 -0.00499482 0.999886 -0.0142052 0.000726112 0.0142088 0.999899 0.189607 1.361 -0.014064
FixedParameters: 0 0 0

#Transform 100
Transform: AffineTransform_float_3_3
Parameters: 0.999987 0.00497381 -0.000330549 -0.00497819 0.999887 -0.0141765 0.000260446 0.0141785 0.9999 0.154954 1.40094 -0.0370136
FixedParameters: 0 0 0

#Transform 101
Transform: AffineTransform_float_3_3
Parameters: 0.999987 0.00492216 -0.000597514 -0.00492984 0.999891 -0.0139062 0.000529485 0.0139098 0.999903 0.164858 1.35882 -0.0423459
FixedParameters: 0 0 0

#Transform 102
Transform: AffineTransform_float_3_3
Parameters: 0.999986 0.00538527 -0.000647289 -0.00539472 0.999882 -0.0143377 0.0005697 0.0143413 0.999897 0.182753 1.41693 -0.0604985
FixedParameters: 0 0 0

#Transform 103
Transform: AffineTransform_float_3_3
Parameters: 0.999986 0.00539844 -0.000415143 -0.00540357 0.999876 -0.014836 0.000334864 0.014838 0.99989 0.166979 1.40072 -0.080665
FixedParameters: 0 0 0

#Transform 104
Transform: AffineTransform_float_3_3
Parameters: 0.999984 0.00559198 -0.000934567 -0.00560503 0.999878 -0.014566 0.000853433 0.014571 0.999894 0.190744 1.41981 -0.0922681
FixedParameters: 0 0 0

#Transform 105
Transform: AffineTransform_float_3_3
Parameters: 0.999984 0.0054694 -0.00094413 -0.0054816 0.999889 -0.0139 0.000867875 0.013905 0.999903 0.188063 1.36749 -0.0957415
FixedParameters: 0 0 0

#Transform 106
Transform: AffineTransform_float_3_3
Parameters: 0.999984 0.00552781 -0.000972225 -0.00554119 0.999885 -0.0141308 0.000893777 0.0141352 0.999899 0.191783 1.39956 -0.0962896
FixedParameters: 0 0 0

#Transform 107
Transform: AffineTransform_float_3_3
Parameters: 0.999984 0.00548297 -0.000823155 -0.00549403 0.999886 -0.0140547 0.000745842 0.0140593 0.999901 0.172397 1.3695 -0.0774381
FixedParameters: 0 0 0

#Transform 108
Transform: AffineTransform_float_3_3
Parameters: 0.999984 0.00570762 -0.000746224 -0.00571838 0.999875 -0.01474 0.000661771 0.014744 0.999891 0.175021 1.44046 -0.106366
FixedParameters: 0 0 0

#Transform 109
Transform: AffineTransform_float_3_3
Parameters: 0.999986 0.00535895 -0.000724712 -0.00536906 0.999878 -0.0146713 0.00064629 0.0146747 0.999892 0.154281 1.42296 -0.099672
FixedParameters: 0 0 0

#Transform 110
Transform: AffineTransform_float_3_3
Parameters: 0.999984 0.00550927 -0.000813824 -0.00552173 0.99987 -0.0151957 0.000730163 0.0152003 0.999884 0.16313 1.48319 -0.0877341
FixedParameters: 0 0 0

#Transform 111
Transform: AffineTransform_float_3_3
Parameters: 0.999987 0.00510869 -0.000508016 -0.00511531 0.999899 -0.0133036 0.000439978 0.0133064 0.999912 0.133596 1.29805 -0.0742071
FixedParameters: 0 0 0

#Transform 112
Transform: AffineTransform_float_3_3
Parameters: 0.999986 0.00541981 -0.00012161 -0.00542119 0.99988 -0.0145016 4.23901e-05 0.0145014 0.999895 0.117455 1.42146 -0.0615699
FixedParameters: 0 0 0

#Transform 113
Transform: AffineTransform_float_3_3
Parameters: 0.999986 0.0051482 -0.000245228 -0.00515179 0.999899 -0.0132479 0.000176761 0.0132491 0.999912 0.111562 1.33144 -0.0625398
FixedParameters: 0 0 0

#Transform 114
Transform: AffineTransform_float_3_3
Parameters: 0.999985 0.00536477 -0.000263773 -0.00536823 0.999884 -0.0143048 0.000187223 0.0143062 0.999897 0.120738 1.41205 -0.0694346
FixedParameters: 0 0 0

#Transform 115
Transform: AffineTransform_float_3_3
Parameters: 0.999989 0.00482062 -0.000210372 -0.00482238 0.9999 -0.0133491 0.000145637 0.0133499 0.999911 0.0930619 1.32493 -0.0890723
FixedParameters: 0 0 0

#Transform 116
Transform: AffineTransform_float_3_3
Parameters: 0.999987 0.00522018 -0.000373887 -0.00522481 0.999883 -0.0143372 0.000298118 0.0143387 0.999897 0.113441 1.4347 -0.085865
FixedParameters: 0 0 0

#Transform 117
Transform: AffineTransform_float_3_3
Parameters: 0.999985 0.00534131 -0.000539543 -0.00534869 0.999867 -0.0154403 0.000456463 0.0154427 0.99988 0.131108 1.46401 -0.0735147
FixedParameters: 0 0 0

#Transform 118
Transform: AffineTransform_float_3_3
Parameters: 0.999985 0.00551436 -0.000273943 -0.00551763 0.99986 -0.0157597 0.000187061 0.0157613 0.999876 0.123036 1.50368 -0.0667229
FixedParameters: 0 0 0

#Transform 119
Transform: AffineTransform_float_3_3
Parameters: 0.999986 0.00524381 -0.000248514 -0.00524721 0.999869 -0.0153479 0.000168482 0.0153491 0.999882 0.106259 1.48732 -0.0899287
FixedParameters: 0 0 0

#Transform 120
Transform: AffineTransform_float_3_3
Parameters: 0.999983 0.00580124 -0.000888967 -0.00581476 0.99985 -0.0163471 0.000794037 0.0163519 0.999866 0.155083 1.56118 -0.110044
FixedParameters: 0 0 0

#Transform 121
Transform: AffineTransform_float_3_3
Parameters: 0.999986 0.00527097 -4.29008e-05 -0.00527103 0.999866 -0.015537 -3.89014e-05 0.015537 0.99988 0.0833342 1.50275 -0.06569
FixedParameters: 0 0 0

#Transform 122
Transform: AffineTransform_float_3_3
Parameters: 0.999985 0.00541561 0.000476613 -0.0054064 0.999849 -0.0165188 -0.000565379 0.0165162 0.999864 0.0694831 1.5534 -0.029865
FixedParameters: 0 0 0

#Transform 123
Transform: AffineTransform_float_3_3
Parameters: 0.999984 0.00552757 0.000616925 -0.00551643 0.999834 -0.0173997 -0.000713084 0.0173963 0.999849 0.0604858 1.61169 -0.00622731
FixedParameters: 0 0 0

#Transform 124
Transform: AffineTransform_float_3_3
Parameters: 0.999987 0.00506326 0.000615514 -0.00505173 0.999841 -0.0171003 -0.000702479 0.0170967 0.999853 0.0541554 1.56814 0.0063214
FixedParameters: 0 0 0

#Transform 125
Transform: AffineTransform_float_3_3
Parameters: 0.999986 0.00531955 0.000441931 -0.00531144 0.999832 -0.0175096 -0.000535079 0.0175074 0.999846 0.0672704 1.63905 0.0221615
FixedParameters: 0 0 0

#Transform 126
Transform: AffineTransform_float_3_3
Parameters: 0.999984 0.00551158 0.000577635 -0.00550041 0.999841 -0.0169564 -0.000671352 0.0169526 0.999856 0.0786811 1.58209 -0.018778
FixedParameters: 0 0 0

#Transform 127
Transform: AffineTransform_float_3_3
Parameters: 0.999984 0.00560341 0.000408636 -0.00559559 0.999817 -0.0182816 -0.000511372 0.0182784 0.999833 0.116009 1.69376 0.0245634
FixedParameters: 0 0 0

#Transform 128
Transform: AffineTransform_float_3_3
Parameters: 0.999984 0.00562757 0.000840744 -0.00561145 0.999812 -0.018554 -0.000944264 0.018549 0.999828 0.0709602 1.65969 0.0218107
FixedParameters: 0 0 0

#Transform 129
Transform: AffineTransform_float_3_3
Parameters: 0.999984 0.00557855 0.000835206 -0.00556046 0.99979 -0.019713 -0.000944784 0.0197081 0.999806 0.063703 1.76948 0.0338722
FixedParameters: 0 0 0

#Transform 130
Transform: AffineTransform_float_3_3
Parameters: 0.999985 0.0055606 0.000699332 -0.0055464 0.999796 -0.0193882 -0.00080668 0.0193848 0.999812 0.069508 1.73084 0.026202
FixedParameters: 0 0 0

#Transform 131
Transform: AffineTransform_float_3_3
Parameters: 0.999984 0.00569943 0.000833442 -0.00568158 0.999791 -0.0196041 -0.00094455 0.0195989 0.999808 0.0709024 1.78271 0.0312185
FixedParameters: 0 0 0

#Transform 132
Transform: AffineTransform_float_3_3
Parameters: 0.999986 0.00536088 0.000780822 -0.00534512 0.999804 -0.0190885 -0.000883183 0.0190845 0.999817 0.0653127 1.7193 0.00996644
FixedParameters: 0 0 0

#Transform 133
Transform: AffineTransform_float_3_3
Parameters: 0.999985 0.00538221 0.000783769 -0.00536481 0.999775 -0.0205135 -0.000893225 0.0205085 0.99979 0.0578939 1.85382 0.0259443
FixedParameters: 0 0 0

#Transform 134
Transform: AffineTransform_float_3_3
Parameters: 0.999986 0.00518227 0.000845194 -0.00516474 0.9998 -0.0192916 -0.000944802 0.0192874 0.999813 0.0421405 1.7497 0.00783047
FixedParameters: 0 0 0

#Transform 135
Transform: AffineTransform_float_3_3
Parameters: 0.999984 0.00558093 0.000832632 -0.00556309 0.999781 -0.020167 -0.00094437 0.0201621 0.999797 0.059845 1.83214 0.0292433
FixedParameters: 0 0 0

#Transform 136
Transform: AffineTransform_float_3_3
Parameters: 0.999986 0.00535714 0.000842402 -0.00534086 0.999801 -0.0191828 -0.00094461 0.0191772 0.999815 0.0463147 1.76265 -0.0390807
FixedParameters: 0 0 0

#Transform 137
Transform: AffineTransform_float_3_3
Parameters: 0.999986 0.00525956 0.000862174 -0.00524043 0.99976 -0.0213008 -0.000974835 0.0212962 0.999772 0.0354255 1.926 0.0352775
FixedParameters: 0 0 0

#Transform 138
Transform: AffineTransform_float_3_3
Parameters: 0.999984 0.00552931 0.000340753 -0.00552168 0.999767 -0.0208572 -0.00045626 0.0208548 0.999783 0.0764165 1.86414 0.00580092
FixedParameters: 0 0 0

#Transform 139
Transform: AffineTransform_float_3_3
Parameters: 0.999985 0.00557837 0.000338599 -0.00557062 0.999762 -0.0210602 -0.000456419 0.0210588 0.999778 0.0731631 1.87506 0.0312402
FixedParameters: 0 0 0

#Transform 140
Transform: AffineTransform_float_3_3
Parameters: 0.999986 0.00538328 0.000344833 -0.00537472 0.999772 -0.0206652 -0.000456161 0.0206629 0.999787 0.0745881 1.84228 0.00979932
FixedParameters: 0 0 0

#Transform 141
Transform: AffineTransform_float_3_3
Parameters: 0.999986 0.00524109 0.000292781 -0.0052339 0.999777 -0.0204698 -0.000400213 0.0204672 0.999791 0.0673669 1.87332 0.021963
FixedParameters: 0 0 0

#Transform 142
Transform: AffineTransform_float_3_3
Parameters: 0.999985 0.00543983 0.000177777 -0.00543517 0.999773 -0.0206373 -0.000290225 0.0206357 0.999787 0.0832048 1.88887 0.0151744
FixedParameters: 0 0 0

#Transform 143
Transform: AffineTransform_float_3_3
Parameters: 0.999986 0.00538881 0.000179622 -0.00538418 0.999775 -0.0204903 -0.00029038 0.0204887 0.99979 0.0794977 1.87204 0.0274209
FixedParameters: 0 0 0

#Transform 144
Transform: AffineTransform_float_3_3
Parameters: 0.999984 0.00552309 0.000326975 -0.0055149 0.999764 -0.0210211 -0.000443027 0.0210199 0.999779 0.0763946 1.92555 0.023741
FixedParameters: 0 0 0

#Transform 145
Transform: AffineTransform_float_3_3
Parameters: 0.999984 0.00552112 0.000228331 -0.00551486 0.999758 -0.0213226 -0.000346669 0.0213214 0.999772 0.0929526 1.92412 0.0725815
FixedParameters: 0 0 0

#Transform 146
Transform: AffineTransform_float_3_3
Parameters: 0.999987 0.00508288 0.000682688 -0.00506711 0.999755 -0.0215387 -0.000792315 0.0215353 0.999768 0.038244 1.93097 0.0311535
FixedParameters: 0 0 0

#Transform 147
Transform: AffineTransform_float_3_3
Parameters: 0.999988 0.00498198 0.00077861 -0.00496402 0.999755 -0.0215942 -0.000886391 0.0215899 0.999767 0.0302825 1.92812 0.0467027
FixedParameters: 0 0 0

#Transform 148
Transform: AffineTransform_float_3_3
Parameters: 0.999981 0.00585413 0.0015852 -0.00582285 0.999803 -0.0189796 -0.00169679 0.0189694 0.999818 0.0144045 1.68749 0.266147
FixedParameters: 0 0 0

#Transform 149
Transform: AffineTransform_float_3_3
Parameters: 0.999984 0.00528306 0.00173559 -0.00523692 0.999659 -0.0255535 -0.00187041 0.0255445 0.999672 0.0392319 2.04645 0.418044
FixedParameters: 0 0 0

#Transform 150
Transform: AffineTransform_float_3_3
Parameters: 0.999982 0.00512244 0.00316712 -0.00502856 0.999562 -0.0291405 -0.0033149 0.0291235 0.999571 -0.0179552 2.17131 0.703976
FixedParameters: 0 0 0

#Transform 151
Transform: AffineTransform_float_3_3
Parameters: 0.99998 0.00526768 0.00331356 -0.0051703 0.999571 -0.0288277 -0.00346444 0.0288103 0.999579 -0.020119 2.18116 0.634029
FixedParameters: 0 0 0

#Transform 152
Transform: AffineTransform_float_3_3
Parameters: 0.999981 0.00523708 0.00328091 -0.00513992 0.999568 -0.0289294 -0.00343108 0.0289116 0.999576 -0.0241512 2.18493 0.62135
FixedParameters: 0 0 0

#Transform 153
Transform: AffineTransform_float_3_3
Parameters: 0.999977 0.005653 0.00375111 -0.005545 0.999587 -0.0282044 -0.00390889 0.0281826 0.999595 -0.0452776 2.17317 0.566989
FixedParameters: 0 0 0

#Transform 154
Transform: AffineTransform_float_3_3
Parameters: 0.999981 0.00496168 0.00379315 -0.00485433 0.999599 -0.027889 -0.00392987 0.02787 0.999604 -0.0740014 2.13777 0.562743
FixedParameters: 0 0 0

#Transform 155
Transform: AffineTransform_float_3_3
Parameters: 0.99998 0.00562984 0.00290622 -0.00554516 0.99958 -0.0284197 -0.00306478 0.0284023 0.999592 -0.0130214 2.20831 0.555149
FixedParameters: 0 0 0

#Transform 156
Transform: AffineTransform_float_3_3
Parameters: 0.999984 0.00557213 0.000945027 -0.00554488 0.999631 -0.0266187 -0.00109297 0.0266123 0.999645 0.122263 2.10311 0.527893
FixedParameters: 0 0 0

#Transform 157
Transform: AffineTransform_float_3_3
Parameters: 0.999984 0.00557135 0.000949597 -0.00554464 0.999652 -0.0257987 -0.0010934 0.0257933 0.999666 0.110097 2.07386 0.455806
FixedParameters: 0 0 0

#Transform 158
Transform: AffineTransform_float_3_3
Parameters: 0.999986 0.00510405 0.00126366 -0.00506997 0.999659 -0.0256208 -0.00139334 0.0256142 0.999671 0.0598795 2.03387 0.449328
FixedParameters: 0 0 0

#Transform 159
Transform: AffineTransform_float_3_3
Parameters: 0.999984 0.00558179 0.00131792 -0.00554422 0.999635 -0.0264357 -0.00146506 0.0264283 0.999649 0.0732626 2.11366 0.485228
FixedParameters: 0 0 0

#Transform 160
Transform: AffineTransform_float_3_3
Parameters: 0.999983 0.00559057 0.00166613 -0.00554442 0.999642 -0.0261997 -0.00181286 0.0261903 0.999656 0.058529 2.07776 0.489029
FixedParameters: 0 0 0

#Transform 161
Transform: AffineTransform_float_3_3
Parameters: 0.999983 0.00559751 0.00193964 -0.00554449 0.999644 -0.0260912 -0.00208534 0.0260798 0.999657 0.0356037 2.08373 0.494786
FixedParameters: 0 0 0

#Transform 162
Transform: AffineTransform_float_3_3
Parameters: 0.999984 0.00514485 0.00234157 -0.00508215 0.999647 -0.0260953 -0.00247544 0.0260837 0.999656 -0.00265005 2.09438 0.499998
FixedParameters: 0 0 0

#Transform 163
Transform: AffineTransform_float_3_3
Parameters: 0.999984 0.0051828 0.00223656 -0.00512522 0.999672 -0.0251169 -0.00236545 0.0251052 0.999682 0.00769556 2.01916 0.500792
FixedParameters: 0 0 0

#Transform 164
Transform: AffineTransform_float_3_3
Parameters: 0.999983 0.00519884 0.00255127 -0.00513015 0.999642 -0.0262845 -0.00268774 0.0262715 0.999651 -0.0101023 2.08804 0.515937
FixedParameters: 0 0 0

#Transform 165
Transform: AffineTransform_float_3_3
Parameters: 0.999984 0.00492735 0.00250243 -0.00486165 0.999653 -0.0258636 -0.00262859 0.0258514 0.999663 -0.0274995 2.04246 0.526976
FixedParameters: 0 0 0

#Transform 166
Transform: AffineTransform_float_3_3
Parameters: 0.999985 0.0048609 0.0025738 -0.00478809 0.999608 -0.0276108 -0.0027072 0.0275973 0.999616 -0.0190135 2.16779 0.557738
FixedParameters: 0 0 0

#Transform 167
Transform: AffineTransform_float_3_3
Parameters: 0.999983 0.00494244 0.00288793 -0.00486156 0.999609 -0.0275565 -0.00302308 0.0275415 0.999616 -0.0413085 2.15598 0.533709
FixedParameters: 0 0 0

#Transform 168
Transform: AffineTransform_float_3_3
Parameters: 0.999981 0.0054904 0.00288244 -0.00540659 0.999588 -0.0281841 -0.00303654 0.0281679 0.999598 -0.00799223 2.21499 0.53606
FixedParameters: 0 0 0

#Transform 169
Transform: AffineTransform_float_3_3
Parameters: 0.999982 0.00542019 0.00282584 -0.00534181 0.999621 -0.0269786 -0.00297115 0.0269624 0.999632 0.0229807 2.11392 0.472283
FixedParameters: 0 0 0

#Transform 170
Transform: AffineTransform_float_3_3
Parameters: 0.999983 0.00547637 0.00232494 -0.00540663 0.999569 -0.0288631 -0.00248205 0.0288499 0.99958 0.0388703 2.22875 0.54344
FixedParameters: 0 0 0

#Transform 171
Transform: AffineTransform_float_3_3
Parameters: 0.999982 0.00548113 0.00264353 -0.00540687 0.999614 -0.0272748 -0.00279247 0.0272602 0.999625 0.0276739 2.19305 0.541215
FixedParameters: 0 0 0

#Transform 172
Transform: AffineTransform_float_3_3
Parameters: 0.999983 0.00546313 0.00212285 -0.00540686 0.999657 -0.0256029 -0.00226214 0.0255911 0.99967 0.0446218 2.05288 0.51513
FixedParameters: 0 0 0

#Transform 173
Transform: AffineTransform_float_3_3
Parameters: 0.999983 0.00546807 0.0022638 -0.00540694 0.999644 -0.0261527 -0.0024062 0.0261403 0.999656 0.0353517 2.11738 0.485276
FixedParameters: 0 0 0

#Transform 174
Transform: AffineTransform_float_3_3
Parameters: 0.999984 0.00531265 0.00228255 -0.00525134 0.999642 -0.0262144 -0.00242146 0.0262016 0.999653 0.0353228 2.08665 0.498989
FixedParameters: 0 0 0

#Transform 175
Transform: AffineTransform_float_3_3
Parameters: 0.999984 0.00510291 0.00236051 -0.00504008 0.999651 -0.0259293 -0.00249249 0.0259167 0.999661 0.0149524 2.08535 0.492112
FixedParameters: 0 0 0

#Transform 176
Transform: AffineTransform_float_3_3
Parameters: 0.999983 0.00506878 0.00265316 -0.00499719 0.999639 -0.0263967 -0.00278685 0.0263833 0.999648 -0.00639186 2.11863 0.507251
FixedParameters: 0 0 0

#Transform 177
Transform: AffineTransform_float_3_3
Parameters: 0.999984 0.00507233 0.00270975 -0.00500067 0.999648 -0.026063 -0.00284126 0.026049 0.999656 -0.0129874 2.08668 0.479271
FixedParameters: 0 0 0

#Transform 178
Transform: AffineTransform_float_3_3
Parameters: 0.999983 0.00526578 0.0024704 -0.0051972 0.99962 -0.0270683 -0.0026126 0.0270547 0.99963 0.0154022 2.15927 0.506384
FixedParameters: 0 0 0

#Transform 179
Transform: AffineTransform_float_3_3
Parameters: 0.999984 0.00520281 0.00212082 -0.00514219 0.999614 -0.0272933 -0.00226216 0.0272817 0.999625 0.0309019 2.19691 0.503882
FixedParameters: 0 0 0

#Transform 180
Transform: AffineTransform_float_3_3
Parameters: 0.999983 0.00522801 0.00232691 -0.00516097 0.999596 -0.0279315 -0.00247208 0.0279185 0.999607 0.0179924 2.25454 0.539387
FixedParameters: 0 0 0

#Transform 181
Transform: AffineTransform_float_3_3
Parameters: 0.999984 0.00511665 0.00212599 -0.00505734 0.999629 -0.0267362 -0.00226199 0.0267248 0.999641 0.00594247 2.18563 0.458517
FixedParameters: 0 0 0

#Transform 182
Transform: AffineTransform_float_3_3
Parameters: 0.999985 0.00517657 0.00190317 -0.00512343 0.999618 -0.0271522 -0.00204284 0.0271418 0.999629 0.0252483 2.19319 0.475363
FixedParameters: 0 0 0

#Transform 183
Transform: AffineTransform_float_3_3
Parameters: 0.999986 0.00485289 0.00219171 -0.0047891 0.999589 -0.0282709 -0.0023283 0.0282601 0.999598 0.00958905 2.25422 0.522605
FixedParameters: 0 0 0

#Transform 184
Transform: AffineTransform_float_3_3
Parameters: 0.999986 0.00484975 0.00212864 -0.00478927 0.999605 -0.0276716 -0.00226136 0.0276604 0.999615 0.00812499 2.22811 0.493092
FixedParameters: 0 0 0

#Transform 185
Transform: AffineTransform_float_3_3
Parameters: 0.999982 0.00545015 0.002278 -0.00538585 0.999602 -0.0276888 -0.00242803 0.0276763 0.999614 0.0149976 2.25258 0.499219
FixedParameters: 0 0 0

#Transform 186
Transform: AffineTransform_float_3_3
Parameters: 0.999986 0.00497236 0.00212604 -0.00491165 0.99961 -0.0275109 -0.00226196 0.0275002 0.999619 0.0122953 2.21621 0.48686
FixedParameters: 0 0 0

#Transform 187
Transform: AffineTransform_float_3_3
Parameters: 0.999984 0.00525206 0.00205496 -0.00518997 0.999563 -0.0291201 -0.00220604 0.0291099 0.999574 0.035378 2.35605 0.552633
FixedParameters: 0 0 0

#Transform 188
Transform: AffineTransform_float_3_3
Parameters: 0.999986 0.00484758 0.00213358 -0.00478944 0.999634 -0.0266526 -0.00226143 0.0266424 0.999643 0.00690012 2.17353 0.50924
FixedParameters: 0 0 0

#Transform 189
Transform: AffineTransform_float_3_3
Parameters: 0.999985 0.00485306 0.00222528 -0.00478894 0.999598 -0.0279431 -0.00235971 0.0279319 0.999607 0.0107404 2.26917 0.537622
FixedParameters: 0 0 0

#Transform 190
