# transform file /out/sourcedata/freesurfer/sub-v1s23x0050623_ses-1/mri/transforms/cc_up.lta
# created by oesteban on Mon Mar  9 22:28:41 2026

type      = 0 # LINEAR_VOX_TO_VOX
nxforms   = 1
mean      = 129.0000 151.0000 116.0000
sigma     = 10000.0000
1 4 4
9.957496523857117e-01 7.441310584545135e-02 5.427076667547226e-02 -1.622560119628906e+01 
-7.430282980203629e-02 9.972275495529175e-01 -4.049684386700392e-03 1.040624713897705e+01 
-5.442165210843086e-02 0.000000000000000e+00 9.985180497169495e-01 2.319569396972656e+01 
0.000000000000000e+00 0.000000000000000e+00 0.000000000000000e+00 1.000000000000000e+00 
src volume info
valid = 1  # volume info valid
filename = /out/sourcedata/freesurfer/sub-v1s23x0050623_ses-1/mri/norm.mgz
volume = 256 256 256
voxelsize = 1.000000000000000e+00 1.000000000000000e+00 1.000000000000000e+00
xras   = -1.000000000000000e+00 0.000000000000000e+00 0.000000000000000e+00
yras   = 0.000000000000000e+00 0.000000000000000e+00 -1.000000000000000e+00
zras   = 0.000000000000000e+00 1.000000000000000e+00 0.000000000000000e+00
cras   = 3.144020080566406e+01 -4.959556579589844e+01 2.076396179199219e+01
dst volume info
valid = 1  # volume info valid
filename = /out/sourcedata/freesurfer/sub-v1s23x0050623_ses-1/mri/norm.mgz
volume = 256 256 256
voxelsize = 1.000000000000000e+00 1.000000000000000e+00 1.000000000000000e+00
xras   = -1.000000000000000e+00 0.000000000000000e+00 0.000000000000000e+00
yras   = 0.000000000000000e+00 0.000000000000000e+00 -1.000000000000000e+00
zras   = 0.000000000000000e+00 1.000000000000000e+00 0.000000000000000e+00
cras   = 3.144020080566406e+01 -4.959556579589844e+01 2.076396179199219e+01
