# transform file /out/sourcedata/freesurfer/sub-v1s23x0050610_ses-1/mri/transforms/cc_up.lta
# created by oesteban on Mon Mar  9 22:41:32 2026

type      = 0 # LINEAR_VOX_TO_VOX
nxforms   = 1
mean      = 127.0000 125.0000 123.0000
sigma     = 10000.0000
1 4 4
9.997384548187256e-01 -2.068696310743690e-03 -2.277662046253681e-02 4.399702548980713e+00 
2.068159636110067e-03 9.999979138374329e-01 -4.711801011580974e-05 2.374408531188965e+01 
2.277666889131069e-02 0.000000000000000e+00 9.997406005859375e-01 1.014931774139404e+01 
0.000000000000000e+00 0.000000000000000e+00 0.000000000000000e+00 1.000000000000000e+00 
src volume info
valid = 1  # volume info valid
filename = /out/sourcedata/freesurfer/sub-v1s23x0050610_ses-1/mri/norm.mgz
volume = 256 256 256
voxelsize = 1.000000000000000e+00 1.000000000000000e+00 1.000000000000000e+00
xras   = -1.000000000000000e+00 0.000000000000000e+00 0.000000000000000e+00
yras   = 0.000000000000000e+00 0.000000000000000e+00 -1.000000000000000e+00
zras   = 0.000000000000000e+00 1.000000000000000e+00 0.000000000000000e+00
cras   = 1.512298583984375e+00 -4.522056579589844e+01 1.803749084472656e+01
dst volume info
valid = 1  # volume info valid
filename = /out/sourcedata/freesurfer/sub-v1s23x0050610_ses-1/mri/norm.mgz
volume = 256 256 256
voxelsize = 1.000000000000000e+00 1.000000000000000e+00 1.000000000000000e+00
xras   = -1.000000000000000e+00 0.000000000000000e+00 0.000000000000000e+00
yras   = 0.000000000000000e+00 0.000000000000000e+00 -1.000000000000000e+00
zras   = 0.000000000000000e+00 1.000000000000000e+00 0.000000000000000e+00
cras   = 1.512298583984375e+00 -4.522056579589844e+01 1.803749084472656e+01
