#Insight Transform File V1.0
#Transform 0
Transform: AffineTransform_float_3_3
Parameters: 1 -0.000108 1.4148e-07 0.000108 0.999999 -0.00131 1.4148e-07 0.00131 0.999999 0.00480867 0.0261652 0.381685
FixedParameters: 0 0 0

#Transform 1
Transform: AffineTransform_float_3_3
Parameters: 1 0.000658989 -3.81878e-05 -0.00065901 0.999999 -0.000284975 3.78122e-05 0.000285025 1 -0.0134635 0.0946472 0.00810322
FixedParameters: 0 0 0

#Transform 2
Transform: AffineTransform_float_3_3
Parameters: 1 0.000488945 -0.000388069 -0.000489055 1 -0.00014181 0.00038793 0.00014219 1 -0.0181958 0.103573 -0.0324636
FixedParameters: 0 0 0

#Transform 3
Transform: AffineTransform_float_3_3
Parameters: 1 0.000399915 -0.000450075 -0.000400085 1 -0.00018882 0.000449924 0.00018918 1 -0.0138333 0.106393 -0.0912451
FixedParameters: 0 0 0

#Transform 4
Transform: AffineTransform_float_3_3
Parameters: 0.999999 0.000697873 -0.00032727 -0.000698126 0.999999 -0.000386771 0.00032673 0.000386228 1 -0.0212286 0.12385 -0.0829879
FixedParameters: 0 0 0

#Transform 5
Transform: AffineTransform_float_3_3
Parameters: 0.999999 0.000565645 -0.000584343 -0.000566354 0.999999 -0.000606669 0.000583656 0.00060733 0.999999 -0.0184716 0.133188 -0.107775
FixedParameters: 0 0 0

#Transform 6
Transform: AffineTransform_float_3_3
Parameters: 0.999999 0.000539198 -0.000637679 -0.000539803 0.999999 -0.00125866 0.000637321 0.00125834 0.999999 -0.00914734 0.126361 -0.120542
FixedParameters: 0 0 0

#Transform 7
Transform: AffineTransform_float_3_3
Parameters: 1 0.000223289 -0.00111235 -0.000224711 0.999999 -0.00153775 0.00111266 0.00153825 0.999998 -0.00539349 0.177924 -0.110084
FixedParameters: 0 0 0

#Transform 8
Transform: AffineTransform_float_3_3
Parameters: 0.999999 0.000368534 -0.000704244 -0.000369466 0.999999 -0.00066174 0.000704755 0.000661259 0.999999 -0.0141857 0.129198 -0.0905395
FixedParameters: 0 0 0

#Transform 9
Transform: AffineTransform_float_3_3
Parameters: 0.999999 0.000250892 -0.000690039 -0.000251108 1 -0.000156827 0.00068996 0.000156173 0.999999 -0.0227903 0.0871642 -0.100627
FixedParameters: 0 0 0

#Transform 10
Transform: AffineTransform_float_3_3
Parameters: 0.999999 0.000496258 -0.000743827 -0.000496742 1 0.000347369 0.000743172 -0.000346631 0.999999 -0.00838179 0.0644983 -0.102605
FixedParameters: 0 0 0

#Transform 11
Transform: AffineTransform_float_3_3
Parameters: 0.999999 0.000405048 -0.000861977 -0.000404951 1 5.63491e-05 0.000862022 -5.56508e-05 0.999999 -0.01259 0.121192 -0.102183
FixedParameters: 0 0 0

#Transform 12
Transform: AffineTransform_float_3_3
Parameters: 0.999999 0.000510125 -0.000861925 -0.000510874 1 0.00014644 0.000862074 -0.00014556 0.999999 -0.0367991 0.0993888 -0.0664488
FixedParameters: 0 0 0

#Transform 13
Transform: AffineTransform_float_3_3
Parameters: 1 0.000632186 -0.000861863 -0.000631814 1 0.000216545 0.000862136 -0.000215455 0.999999 -0.0471698 0.103661 -0.0720984
FixedParameters: 0 0 0

#Transform 14
Transform: AffineTransform_float_3_3
Parameters: 0.999999 0.000556773 -0.00116211 -0.000557227 1 -0.000195353 0.00116189 0.000195647 1 -0.0671766 0.106799 -0.0961557
FixedParameters: 0 0 0

#Transform 15
Transform: AffineTransform_float_3_3
Parameters: 0.999991 0.00213412 -0.00367335 -0.00213288 0.999997 0.000309838 0.00367465 -0.000302161 0.999993 0.0659449 0.162665 -0.223109
FixedParameters: 0 0 0

#Transform 16
Transform: AffineTransform_float_3_3
Parameters: 0.999999 0.000194595 -0.00136706 -0.000194404 1 -0.000295735 0.00136694 0.000296266 0.999999 -0.0552956 0.140166 -0.165449
FixedParameters: 0 0 0

#Transform 17
Transform: AffineTransform_float_3_3
Parameters: 0.999999 -1.85912e-05 -0.00136698 1.74088e-05 1 -0.00116403 0.00136702 0.00116398 0.999999 -0.0817117 0.206154 -0.142972
FixedParameters: 0 0 0

#Transform 18
Transform: AffineTransform_float_3_3
Parameters: 0.999999 -0.000105702 -0.000970924 0.000104298 0.999999 -0.000723102 0.000971075 0.000722898 1 -0.100592 0.198749 -0.136547
FixedParameters: 0 0 0

#Transform 19
Transform: AffineTransform_float_3_3
Parameters: 1 0.000547885 -0.000891071 -0.000548115 1 -0.000128512 0.000890929 0.000129488 0.999999 -0.0958945 0.164657 -0.0974294
FixedParameters: 0 0 0

#Transform 20
Transform: AffineTransform_float_3_3
Parameters: 0.999999 0.000133972 -0.000955003 -0.000134028 1 -2.8872e-05 0.000954995 2.91279e-05 0.999999 -0.106731 0.124151 -0.0916639
FixedParameters: 0 0 0

#Transform 21
Transform: AffineTransform_float_3_3
Parameters: 1 0.00024049 -0.000600804 -0.000239509 0.999999 0.000816144 0.000601196 -0.000815856 1 -0.106169 0.125546 -0.0871528
FixedParameters: 0 0 0

#Transform 22
Transform: AffineTransform_float_3_3
Parameters: 1 0.000356137 -0.000340857 -0.000355863 1 0.000400121 0.000341143 -0.000400878 1 -0.10444 0.181004 -0.109872
FixedParameters: 0 0 0

#Transform 23
Transform: AffineTransform_float_3_3
Parameters: 1 3.01074e-05 -0.000202984 -2.98926e-05 1 0.000529006 0.000203016 -0.000528994 1 -0.096941 0.138956 -0.114375
FixedParameters: 0 0 0

#Transform 24
Transform: AffineTransform_float_3_3
Parameters: 0.999999 0.000414469 -0.000719307 -0.000415531 0.999999 -0.000738701 0.000718694 0.000738298 1 -0.0669149 0.231191 -0.103959
FixedParameters: 0 0 0

#Transform 25
Transform: AffineTransform_float_3_3
Parameters: 1 0.00021983 -0.00034111 -0.00022017 1 -0.000498925 0.00034089 0.000499075 1 -0.0907019 0.195824 -0.0886561
FixedParameters: 0 0 0

#Transform 26
Transform: AffineTransform_float_3_3
Parameters: 1 0.000177638 -0.000341189 -0.000178362 1 -0.00106094 0.000340811 0.00106106 1 -0.0932698 0.1975 -0.098229
FixedParameters: 0 0 0

#Transform 27
Transform: AffineTransform_float_3_3
Parameters: 1 -0.000232714 0.000142468 0.000232287 0.999998 -0.00201197 -0.000142533 0.00201203 0.999998 -0.135792 0.2471 -0.0971966
FixedParameters: 0 0 0

#Transform 28
Transform: AffineTransform_float_3_3
Parameters: 1 -4.3102e-05 -8.5949e-05 4.2898e-05 1 -0.001186 8.6051e-05 0.001186 1 -0.121364 0.2116 -0.0815676
FixedParameters: 0 0 0

#Transform 29
Transform: AffineTransform_float_3_3
Parameters: 1 -0.000302124 -0.000184797 0.000301875 0.999999 -0.000673055 0.000185203 0.000672944 1 -0.102251 0.222567 -0.103006
FixedParameters: 0 0 0

#Transform 30
Transform: AffineTransform_float_3_3
Parameters: 1 -0.000301995 7.22529e-06 0.000302005 0.999999 -0.000745997 -6.7747e-06 0.000746002 0.999999 -0.108005 0.243913 -0.110706
FixedParameters: 0 0 0

#Transform 31
Transform: AffineTransform_float_3_3
Parameters: 1 0.000182006 -1.69323e-05 -0.000181994 1 0.000372003 1.70677e-05 -0.000371997 1 -0.0870098 0.167705 -0.115943
FixedParameters: 0 0 0

#Transform 32
Transform: AffineTransform_float_3_3
Parameters: 1 0.000218042 -0.000136933 -0.000217958 1 0.00030803 0.000137067 -0.00030797 1 -0.0809783 0.16257 -0.107227
FixedParameters: 0 0 0

#Transform 33
Transform: AffineTransform_float_3_3
Parameters: 1 0.000157831 -0.000426063 -0.000158169 1 -0.000396933 0.000425937 0.000396067 1 -0.0845243 0.22253 -0.124297
FixedParameters: 0 0 0

#Transform 34
Transform: AffineTransform_float_3_3
Parameters: 1 -7.88278e-05 0.000232058 7.91721e-05 0.999999 -0.000741981 -0.000231941 0.000742018 0.999999 -0.113602 0.249567 -0.141791
FixedParameters: 0 0 0

#Transform 35
Transform: AffineTransform_float_3_3
Parameters: 1 2.10758e-05 0.000126987 -2.09242e-05 1 -0.000597002 -0.000127012 0.000596997 1 -0.113442 0.225837 -0.11625
FixedParameters: 0 0 0

#Transform 36
Transform: AffineTransform_float_3_3
Parameters: 1 0.000344253 0.00029971 -0.000343747 0.999999 -0.000843102 -0.00030029 0.000842896 0.999999 -0.11241 0.263857 -0.148025
FixedParameters: 0 0 0

#Transform 37
Transform: AffineTransform_float_3_3
Parameters: 1 0.000374075 8.16547e-05 -0.000373925 0.999999 -0.00092303 -8.13451e-05 0.000922969 0.999999 -0.10087 0.285024 -0.170513
FixedParameters: 0 0 0

#Transform 38
Transform: AffineTransform_float_3_3
Parameters: 1 0.000360276 0.000491797 -0.000359723 1 -0.000562177 -0.000492202 0.000561822 0.999999 -0.109578 0.258284 -0.184117
FixedParameters: 0 0 0

#Transform 39
Transform: AffineTransform_float_3_3
Parameters: 1 0.000263977 -7.00861e-05 -0.000264023 1 -0.000325981 6.99139e-05 0.000326018 1 -0.096358 0.214353 -0.138512
FixedParameters: 0 0 0

#Transform 40
Transform: AffineTransform_float_3_3
Parameters: 1 5.13496e-05 -0.000652132 -5.265e-05 0.999997 -0.00253096 0.000651868 0.00253103 0.999996 -0.0539858 0.315108 -0.0980025
FixedParameters: 0 0 0

#Transform 41
Transform: AffineTransform_float_3_3
Parameters: 1 0.000420597 -0.000394431 -0.000421403 1 -0.00102283 0.000393569 0.00102317 1 -0.0686535 0.25097 -0.111794
FixedParameters: 0 0 0

#Transform 42
Transform: AffineTransform_float_3_3
Parameters: 1 0.00010002 1.3858e-05 -9.998e-05 0.999999 -0.00142 -1.4142e-05 0.00142 0.999999 -0.107477 0.294174 -0.0988832
FixedParameters: 0 0 0

#Transform 43
Transform: AffineTransform_float_3_3
Parameters: 1 0.000245 -2.50635e-07 -0.000245001 1 -0.001023 7.49365e-07 0.001023 1 -0.100213 0.277322 -0.0807213
FixedParameters: 0 0 0

#Transform 44
Transform: AffineTransform_float_3_3
Parameters: 1 0.000405119 0.000354863 -0.00040488 1 -0.000337144 -0.000355136 0.000336856 1 -0.117515 0.25129 -0.0935541
FixedParameters: 0 0 0

#Transform 45
Transform: AffineTransform_float_3_3
Parameters: 1 0.000251012 3.59159e-05 -0.000250988 1 -0.000335009 -3.60841e-05 0.000334991 1 -0.102179 0.233249 -0.0882937
FixedParameters: 0 0 0

#Transform 46
Transform: AffineTransform_float_3_3
Parameters: 1 0.00019092 -0.000364042 -0.00019108 1 -0.00021993 0.000363958 0.000220069 1 -0.0719168 0.263749 -0.108316
FixedParameters: 0 0 0

#Transform 47
Transform: AffineTransform_float_3_3
Parameters: 1 0.000591002 -0.000175994 -0.000590998 1 1.0104e-05 0.000176006 -9.89598e-06 1 -0.0829732 0.215656 -0.0968302
FixedParameters: 0 0 0

#Transform 48
Transform: AffineTransform_float_3_3
Parameters: 1 0.000241013 2.98968e-05 -0.000240987 1 -0.000428007 -3.01031e-05 0.000427993 1 -0.0722616 0.209285 -0.118036
FixedParameters: 0 0 0

#Transform 49
Transform: AffineTransform_float_3_3
Parameters: 1 0.000365786 -0.000243322 -0.000365214 0.999999 -0.00088091 0.000242678 0.000881088 0.999999 -0.0645186 0.279124 -0.0758397
FixedParameters: 0 0 0

#Transform 50
Transform: AffineTransform_float_3_3
Parameters: 1 0.000568936 -0.000134271 -0.000569063 0.999999 -0.000475923 0.000133729 0.000476076 1 -0.0687717 0.235506 -0.0823273
FixedParameters: 0 0 0

#Transform 51
Transform: AffineTransform_float_3_3
Parameters: 1 0.000192706 -0.000255222 -0.000193294 1 -0.00115195 0.000254778 0.00115105 1 -0.0776924 0.285569 -0.0809743
FixedParameters: 0 0 0

#Transform 52
Transform: AffineTransform_float_3_3
Parameters: 1 0.000276948 -0.00028805 -0.000277052 1 -0.00018192 0.00028795 0.00018208 1 -0.0892816 0.241491 -0.0534945
FixedParameters: 0 0 0

#Transform 53
Transform: AffineTransform_float_3_3
Parameters: 1 0.000101984 -0.000265006 -0.000102017 1 -6.2973e-05 0.000264994 6.2027e-05 1 -0.0945097 0.217408 -0.0460683
FixedParameters: 0 0 0

#Transform 54
Transform: AffineTransform_float_3_3
Parameters: 1 0.000411949 -0.000285074 -0.000412051 1 -0.000180883 0.000284926 0.000180117 1 -0.0744014 0.216417 -0.0723243
FixedParameters: 0 0 0

#Transform 55
Transform: AffineTransform_float_3_3
Parameters: 1 0.00042 -2.89962e-05 -0.00042 1 9.01218e-06 2.90038e-05 -8.98782e-06 1 -0.0741938 0.254763 -0.0726246
FixedParameters: 0 0 0

#Transform 56
Transform: AffineTransform_float_3_3
Parameters: 1 0.000415151 -0.000478869 -0.000414849 1 0.000315199 0.00047813 -0.000314801 1 -0.063453 0.244816 -0.0686157
FixedParameters: 0 0 0

#Transform 57
Transform: AffineTransform_float_3_3
Parameters: 1 0.000320024 -2.87328e-05 -0.000319976 0.999999 0.000835009 2.92672e-05 -0.00083499 0.999999 -0.0818761 0.224347 -0.0862541
FixedParameters: 0 0 0

#Transform 58
Transform: AffineTransform_float_3_3
Parameters: 1 -0.000139994 4.80175e-05 0.000140006 1 -0.000124993 -4.79825e-05 0.000125007 1 -0.0897055 0.269816 -0.0765819
FixedParameters: 0 0 0

#Transform 59
Transform: AffineTransform_float_3_3
Parameters: 1 0.000498002 -2.89616e-05 -0.000497998 1 7.70144e-05 2.90383e-05 -7.69855e-05 1 -0.0728486 0.291281 -0.121556
FixedParameters: 0 0 0

#Transform 60
Transform: AffineTransform_float_3_3
Parameters: 1 0.000397044 0.000337948 -0.000397956 1 -0.000131134 -0.000338052 0.000130866 1 -0.0793871 0.289199 -0.107731
FixedParameters: 0 0 0

#Transform 61
Transform: AffineTransform_float_3_3
Parameters: 1 0.000469001 0.000177997 -0.000468999 1 -6.08348e-06 -0.000178003 5.91652e-06 1 -0.081641 0.272315 -0.0774556
FixedParameters: 0 0 0

#Transform 62
Transform: AffineTransform_float_3_3
Parameters: 1 0.000435963 0.000386041 -0.000436037 1 9.48317e-05 -0.000385958 -9.51683e-05 1 -0.0908818 0.293236 -0.104899
FixedParameters: 0 0 0

#Transform 63
Transform: AffineTransform_float_3_3
Parameters: 1 0.000356791 0.000444168 -0.000357209 1 0.000470841 -0.000443832 -0.000471158 1 -0.0953459 0.284784 -0.124677
FixedParameters: 0 0 0

#Transform 64
Transform: AffineTransform_float_3_3
Parameters: 1 0.000528939 0.000367088 -0.000529061 1 0.000165806 -0.000366912 -0.000166194 1 -0.0869227 0.29872 -0.13129
FixedParameters: 0 0 0

#Transform 65
Transform: AffineTransform_float_3_3
Parameters: 0.999999 0.000697905 0.000434153 -0.000698095 0.999999 0.000218697 -0.000433848 -0.000218303 1 -0.0797771 0.266272 -0.117507
FixedParameters: 0 0 0

#Transform 66
Transform: AffineTransform_float_3_3
Parameters: 1 0.000298625 0.000484615 -0.000298374 0.999999 -0.00129015 -0.000485385 0.00128986 0.999999 -0.098831 0.339773 -0.108254
FixedParameters: 0 0 0

#Transform 67
Transform: AffineTransform_float_3_3
Parameters: 1 0.000380342 0.000379658 -0.000379658 0.999999 -0.000900143 -0.000380342 0.000899855 0.999999 -0.0930888 0.349839 -0.0812845
FixedParameters: 0 0 0

#Transform 68
Transform: AffineTransform_float_3_3
Parameters: 1 0.000631087 0.000245775 -0.000630912 0.999999 -0.000357155 -0.000246225 0.000356845 1 -0.0733033 0.287415 -0.0503897
FixedParameters: 0 0 0

#Transform 69
Transform: AffineTransform_float_3_3
Parameters: 0.999999 0.000726061 0.000155712 -0.000725938 0.999999 -0.000397113 -0.000156288 0.000396886 1 -0.0740951 0.310878 -0.0396273
FixedParameters: 0 0 0

#Transform 70
Transform: AffineTransform_float_3_3
Parameters: 1 0.000666992 -2.91841e-05 -0.000667008 0.999999 -0.000275981 2.88159e-05 0.000276019 1 -0.0605574 0.320091 -0.0746519
FixedParameters: 0 0 0

#Transform 71
Transform: AffineTransform_float_3_3
Parameters: 0.999999 0.000858 0.000276999 -0.000857999 0.999999 -1.23766e-06 -0.000277001 7.62333e-07 1 -0.0791086 0.297121 -0.0721273
FixedParameters: 0 0 0

#Transform 72
Transform: AffineTransform_float_3_3
Parameters: 1 0.000489049 0.00034193 -0.000488951 1 -0.000143167 -0.00034207 0.000142833 1 -0.0911607 0.303048 -0.0898607
FixedParameters: 0 0 0

#Transform 73
Transform: AffineTransform_float_3_3
Parameters: 1 0.000347994 -2.90668e-05 -0.000348006 1 -0.00019199 2.89332e-05 0.00019201 1 -0.0533984 0.310099 -0.090012
FixedParameters: 0 0 0

#Transform 74
Transform: AffineTransform_float_3_3
Parameters: 1 0.00044492 -8.8404e-05 -0.00044508 1 -0.000907961 8.75958e-05 0.000908039 0.999999 -0.0614297 0.316985 -0.0780477
FixedParameters: 0 0 0

#Transform 75
Transform: AffineTransform_float_3_3
Parameters: 1 0.000294967 -2.9331e-05 -0.000295032 1 -0.00112199 2.8669e-05 0.00112201 1 -0.066237 0.342283 -0.0559037
FixedParameters: 0 0 0

#Transform 76
Transform: AffineTransform_float_3_3
Parameters: 1 0.000407318 -0.000352788 -0.000407682 0.999998 -0.00193386 0.000352212 0.00193414 0.999998 -0.0695983 0.382487 -0.0221723
FixedParameters: 0 0 0

#Transform 77
Transform: AffineTransform_float_3_3
Parameters: 1 0.000293748 -0.00043385 -0.000295252 0.999996 -0.00288887 0.000433149 0.00288813 0.999995 -0.0470907 0.401555 -0.0226291
FixedParameters: 0 0 0

#Transform 78
Transform: AffineTransform_float_3_3
Parameters: 1 0.000294277 -0.000433491 -0.000294722 0.999998 -0.00166887 0.000432508 0.00166913 0.999998 -0.0549621 0.379971 -0.0271135
FixedParameters: 0 0 0

#Transform 79
Transform: AffineTransform_float_3_3
Parameters: 1 3.80386e-05 4.09641e-05 -3.79613e-05 0.999999 -0.000943001 -4.10358e-05 0.000942998 0.999999 -0.111286 0.353938 -0.0730659
FixedParameters: 0 0 0

#Transform 80
Transform: AffineTransform_float_3_3
Parameters: 1 0.000160566 -0.000433161 -0.000160433 0.999999 -0.00100093 0.00043284 0.00100107 1 -0.076231 0.338212 -0.0582619
FixedParameters: 0 0 0

#Transform 81
Transform: AffineTransform_float_3_3
Parameters: 1 9.66791e-05 -0.000229136 -9.73207e-05 0.999999 -0.00140098 0.000228864 0.00140102 0.999999 -0.0743655 0.341877 -0.0214679
FixedParameters: 0 0 0

#Transform 82
Transform: AffineTransform_float_3_3
Parameters: 1 -5.6973e-05 1.21279e-05 5.70268e-05 0.999998 -0.002244 -1.18721e-05 0.002244 0.999998 -0.116769 0.402355 -0.0134485
FixedParameters: 0 0 0

#Transform 83
Transform: AffineTransform_float_3_3
Parameters: 1 0.000341177 -0.000433649 -0.000341822 0.999998 -0.00189885 0.000432352 0.00189915 0.999998 -0.0789763 0.38448 0.00400877
FixedParameters: 0 0 0

#Transform 84
Transform: AffineTransform_float_3_3
Parameters: 1 0.000316105 -0.000511554 -0.000316894 0.999999 -0.00174984 0.000510446 0.00175016 0.999999 -0.0570962 0.351123 0.00489244
FixedParameters: 0 0 0

#Transform 85
Transform: AffineTransform_float_3_3
Parameters: 1 0.000305686 -0.000183524 -0.000306313 0.999999 -0.00171394 0.000182475 0.00171406 0.999998 -0.0660147 0.383944 -0.0203366
FixedParameters: 0 0 0

#Transform 86
Transform: AffineTransform_float_3_3
Parameters: 1 0.000420857 -0.000100601 -0.000421142 0.999999 -0.00142896 9.93983e-05 0.00142904 0.999999 -0.0765013 0.34678 0.012939
FixedParameters: 0 0 0

#Transform 87
Transform: AffineTransform_float_3_3
Parameters: 1 0.000330419 -0.000433443 -0.00033058 0.999999 -0.00134086 0.000432557 0.00134114 0.999999 -0.0707356 0.330252 -0.0126866
FixedParameters: 0 0 0

#Transform 88
Transform: AffineTransform_float_3_3
Parameters: 0.999999 0.000625919 -0.000718941 -0.00062708 0.999998 -0.00150355 0.000718057 0.00150445 0.999998 -0.0357753 0.390171 0.00807438
FixedParameters: 0 0 0

#Transform 89
Transform: AffineTransform_float_3_3
Parameters: 0.999999 0.000606273 -0.000660668 -0.000606727 0.999999 -0.0011016 0.000659332 0.0011014 0.999999 -0.0479515 0.364488 -0.00298283
FixedParameters: 0 0 0

#Transform 90
Transform: AffineTransform_float_3_3
Parameters: 1 0.000194995 -0.000433002 -0.000195005 1 -1.19156e-05 0.000432998 1.20844e-05 1 -0.0677075 0.287238 -0.00672783
FixedParameters: 0 0 0

#Transform 91
Transform: AffineTransform_float_3_3
Parameters: 1 -0.000313428 -0.000432691 0.000313573 1 -0.000988137 0.00043231 0.000987866 1 -0.0981344 0.343675 0.0113938
FixedParameters: 0 0 0

#Transform 92
Transform: AffineTransform_float_3_3
Parameters: 1 -6.34818e-05 -0.000599845 6.15178e-05 0.999997 -0.00247004 0.000600154 0.00246996 0.999997 -0.0494369 0.347876 -0.00714359
FixedParameters: 0 0 0

#Transform 93
Transform: AffineTransform_float_3_3
Parameters: 1 -4.95787e-05 -0.000522853 4.84208e-05 0.999996 -0.00301903 0.000523149 0.00301898 0.999996 -0.0608492 0.437096 0.0157776
FixedParameters: 0 0 0

#Transform 94
Transform: AffineTransform_float_3_3
Parameters: 1 -0.000129218 -0.000432638 0.000127783 0.999996 -0.00281506 0.000432361 0.00281494 0.999996 -0.0641665 0.411027 0.00259023
FixedParameters: 0 0 0

#Transform 95
Transform: AffineTransform_float_3_3
Parameters: 0.999999 0.000635057 -0.000434382 -0.000635942 0.999998 -0.00217473 0.000432619 0.00217428 0.999998 -0.0689442 0.39704 -0.00138226
FixedParameters: 0 0 0

#Transform 96
Transform: AffineTransform_float_3_3
Parameters: 1 0.000130629 -0.000675072 -0.000131372 1 -0.000550911 0.000674927 0.000550088 0.999999 -0.0816366 0.351251 -0.041273
FixedParameters: 0 0 0

#Transform 97
Transform: AffineTransform_float_3_3
Parameters: 1 0.000566705 -0.00032851 -0.000567295 1 -0.000899814 0.00032749 0.000899186 0.999999 -0.0897913 0.365627 -0.00895809
FixedParameters: 0 0 0

#Transform 98
Transform: AffineTransform_float_3_3
Parameters: 1 -0.000208743 0.000196274 0.000209257 0.999999 -0.00131196 -0.000195726 0.00131204 0.999999 -0.111297 0.391416 -0.0748804
FixedParameters: 0 0 0

#Transform 99
Transform: AffineTransform_float_3_3
Parameters: 1 -0.00044486 -0.000432116 0.00044414 0.999998 -0.00198919 0.000432884 0.00198881 0.999998 -0.0813718 0.434018 -0.0859873
FixedParameters: 0 0 0

#Transform 100
Transform: AffineTransform_float_3_3
Parameters: 1 -0.000378156 -0.000431991 0.000376844 0.999997 -0.00267317 0.000433009 0.00267284 0.999997 -0.0795857 0.434708 -0.0326554
FixedParameters: 0 0 0

#Transform 101
Transform: AffineTransform_float_3_3
Parameters: 1 -0.000322946 -0.000432295 0.000322054 0.999997 -0.00218814 0.000432706 0.00218786 0.999998 -0.0735431 0.4366 -0.0543341
FixedParameters: 0 0 0

#Transform 102
Transform: AffineTransform_float_3_3
Parameters: 1 -0.000273746 -0.000432529 0.000273255 0.999999 -0.00172312 0.000432472 0.00172388 0.999999 -0.0861334 0.440282 -0.0594217
FixedParameters: 0 0 0

#Transform 103
Transform: AffineTransform_float_3_3
Parameters: 1 -0.000126166 -0.000148859 0.000125835 1 -0.00111602 0.000148141 0.00111598 1 -0.130339 0.381722 -0.0816028
FixedParameters: 0 0 0

#Transform 104
Transform: AffineTransform_float_3_3
Parameters: 1 6.26743e-05 -0.000433047 -6.33256e-05 0.999999 -0.000751972 0.000432952 0.000752027 0.999999 -0.0963971 0.361571 -0.0209213
FixedParameters: 0 0 0

#Transform 105
Transform: AffineTransform_float_3_3
Parameters: 1 -1.32879e-05 -0.000432991 1.2712e-05 1 -0.000665005 0.000433008 0.000664994 0.999999 -0.0876964 0.371442 -0.0203413
FixedParameters: 0 0 0

#Transform 106
Transform: AffineTransform_float_3_3
Parameters: 1 0.000128979 -0.000175016 -0.000129021 1 -0.000120977 0.000174984 0.000121023 1 -0.0883844 0.334217 -0.0510735
FixedParameters: 0 0 0

#Transform 107
Transform: AffineTransform_float_3_3
Parameters: 1 5.69784e-05 0.000146008 -5.70216e-05 1 0.000147992 -0.000145992 -0.000148008 1 -0.096003 0.3439 -0.0678048
FixedParameters: 0 0 0

#Transform 108
Transform: AffineTransform_float_3_3
Parameters: 1 0.000147044 -6.99072e-05 -0.000146956 1 0.00063101 7.00927e-05 -0.000630989 1 -0.0676555 0.336415 -0.0845407
FixedParameters: 0 0 0

#Transform 109
Transform: AffineTransform_float_3_3
Parameters: 1 0.000395866 0.000138385 -0.000395135 1 0.000972945 -0.000138616 -0.000973055 0.999999 -0.0951822 0.27665 -0.0932966
FixedParameters: 0 0 0

#Transform 110
Transform: AffineTransform_float_3_3
Parameters: 1 0.000435025 9.68864e-05 -0.000434975 1 -0.000261042 -9.71139e-05 0.000261958 1 -0.0921674 0.347514 -0.0279818
FixedParameters: 0 0 0

#Transform 111
Transform: AffineTransform_float_3_3
Parameters: 1 0.000162923 0.000234054 -0.000163077 1 0.000330962 -0.000233946 -0.000331038 1 -0.0857734 0.323857 -0.0471433
FixedParameters: 0 0 0

#Transform 112
Transform: AffineTransform_float_3_3
Parameters: 1 2.78729e-05 0.000186019 -2.8127e-05 1 0.000682994 -0.000185981 -0.000683005 0.999999 -0.0618465 0.328053 -0.108447
FixedParameters: 0 0 0

#Transform 113
Transform: AffineTransform_float_3_3
Parameters: 1 9.20905e-05 -0.000194957 -9.19095e-05 1 0.000464018 0.000195043 -0.000463982 1 -0.0503063 0.294359 -0.0701541
FixedParameters: 0 0 0

#Transform 114
Transform: AffineTransform_float_3_3
Parameters: 1 0.000160119 -0.000198904 -0.000159881 1 0.000600032 0.000199096 -0.000599968 1 -0.0363424 0.308256 -0.0430695
FixedParameters: 0 0 0

#Transform 115
Transform: AffineTransform_float_3_3
Parameters: 1 0.00035126 -0.000432789 -0.00035074 1 0.000601152 0.000433211 -0.000600848 0.999999 -0.0474101 0.345802 -0.054223
FixedParameters: 0 0 0

#Transform 116
Transform: AffineTransform_float_3_3
Parameters: 1 0.00036294 -0.00043305 -0.00036306 1 -0.000138843 0.000432949 0.000139157 1 -0.0410669 0.337958 -0.0389609
FixedParameters: 0 0 0

#Transform 117
Transform: AffineTransform_float_3_3
Parameters: 1 0.000222587 -0.000433213 -0.000223413 0.999999 -0.000953903 0.000432787 0.000954096 1 -0.0560185 0.414878 -0.00218572
FixedParameters: 0 0 0

#Transform 118
Transform: AffineTransform_float_3_3
Parameters: 1 0.000522052 -0.000432937 -0.000521948 1 0.000120226 0.000433062 -0.000119774 1 -0.0530578 0.371277 -0.020735
FixedParameters: 0 0 0

#Transform 119
Transform: AffineTransform_float_3_3
Parameters: 1 0.000492035 -0.000222923 -0.000491965 1 0.00015611 0.000223077 -0.00015689 1 -0.064689 0.352029 -0.0106693
FixedParameters: 0 0 0

#Transform 120
Transform: AffineTransform_float_3_3
Parameters: 1 0.000410949 -0.000226092 -0.000411051 1 -0.000224907 0.000225907 0.000225093 1 -0.0767197 0.370981 0.00743031
FixedParameters: 0 0 0

#Transform 121
Transform: AffineTransform_float_3_3
Parameters: 0.999999 0.000778788 -0.000433379 -0.00077921 0.999999 -0.000486662 0.00043262 0.000487337 1 -0.056274 0.422931 0.025509
FixedParameters: 0 0 0

#Transform 122
Transform: AffineTransform_float_3_3
Parameters: 0.999999 0.000724914 -0.000222278 -0.000725085 0.999999 -0.000383839 0.000221721 0.000384161 1 -0.0902807 0.416842 0.0337017
FixedParameters: 0 0 0

#Transform 123
Transform: AffineTransform_float_3_3
Parameters: 1 0.000625058 0.000211827 -0.000624941 1 -0.000276132 -0.000212172 0.000275867 1 -0.0952365 0.370772 0.0236338
FixedParameters: 0 0 0

#Transform 124
Transform: AffineTransform_float_3_3
Parameters: 1 -0.00012174 0.00035109 0.00012126 0.999999 -0.000740957 -0.00035091 0.000741042 0.999999 -0.121762 0.395177 0.036836
FixedParameters: 0 0 0

#Transform 125
Transform: AffineTransform_float_3_3
Parameters: 1 0.000325052 0.000105841 -0.000324949 1 -0.000488034 -0.000105159 0.000487966 1 -0.0984975 0.41022 0.0208973
FixedParameters: 0 0 0

#Transform 126
Transform: AffineTransform_float_3_3
Parameters: 1 0.000600019 3.8709e-05 -0.000599981 0.999999 -0.000485023 -3.9291e-05 0.000484976 1 -0.116036 0.405025 0.0189891
FixedParameters: 0 0 0

#Transform 127
Transform: AffineTransform_float_3_3
Parameters: 1 0.000544999 1.10278e-05 -0.000545 1 5.0994e-05 -1.09722e-05 -5.1006e-05 1 -0.094183 0.371712 -0.0122651
FixedParameters: 0 0 0

#Transform 128
Transform: AffineTransform_float_3_3
Parameters: 1 0.000340007 1.98803e-05 -0.000339993 1 -0.000352007 -2.01197e-05 0.000351993 1 -0.0973713 0.4031 -0.0392891
FixedParameters: 0 0 0

#Transform 129
Transform: AffineTransform_float_3_3
Parameters: 1 -0.000122096 -0.000162928 0.000121904 1 -0.00058702 0.000163072 0.00058698 1 -0.0890563 0.431057 -0.0109588
FixedParameters: 0 0 0

#Transform 130
Transform: AffineTransform_float_3_3
Parameters: 1 0.000260006 -5.19691e-05 -0.000259994 1 0.000119014 5.20309e-05 -0.000118986 1 -0.0847072 0.41998 -0.0243543
FixedParameters: 0 0 0

#Transform 131
Transform: AffineTransform_float_3_3
Parameters: 1 2.89998e-05 0.000194 -2.90002e-05 1 9.94374e-07 -0.000194 -1.00563e-06 1 -0.0907844 0.357063 -0.0103529
FixedParameters: 0 0 0

#Transform 132
Transform: AffineTransform_float_3_3
Parameters: 1 -0.00012201 0.000110989 0.00012199 1 9.20135e-05 -0.000111011 -9.19865e-05 1 -0.100803 0.405361 -0.00838094
FixedParameters: 0 0 0

#Transform 133
Transform: AffineTransform_float_3_3
Parameters: 1 0.000341934 0.000126178 -0.000342066 1 0.000521957 -0.000125821 -0.000522043 1 -0.0858396 0.391852 -0.0286825
FixedParameters: 0 0 0

#Transform 134
Transform: AffineTransform_float_3_3
Parameters: 1 0.000378966 7.41709e-05 -0.000379033 1 0.000450972 -7.3829e-05 -0.000451028 1 -0.0840432 0.396149 -0.0242114
FixedParameters: 0 0 0

#Transform 135
Transform: AffineTransform_float_3_3
Parameters: 1 0.000273801 0.000330165 -0.000274199 1 0.000601909 -0.000330835 -0.00060209 1 -0.10075 0.416033 -0.0513527
FixedParameters: 0 0 0

#Transform 136
Transform: AffineTransform_float_3_3
Parameters: 1 0.00030672 0.00033026 -0.000306281 0.999999 0.000848898 -0.00033074 -0.000849101 0.999999 -0.100019 0.381314 -0.0372081
FixedParameters: 0 0 0

#Transform 137
Transform: AffineTransform_float_3_3
Parameters: 1 0.000287861 0.000167239 -0.000288138 0.999999 0.000829951 -0.000166761 -0.000830047 0.999999 -0.0933659 0.370656 -0.0284665
FixedParameters: 0 0 0

#Transform 138
Transform: AffineTransform_float_3_3
Parameters: 1 0.000187932 0.000135094 -0.000188068 1 0.000500974 -0.000135906 -0.000501025 1 -0.0895217 0.403937 -0.0365868
FixedParameters: 0 0 0

#Transform 139
Transform: AffineTransform_float_3_3
Parameters: 1 0.000648032 -6.7687e-05 -0.000647967 0.999999 0.000483044 6.83129e-05 -0.000482956 1 -0.0669329 0.407747 -0.0184314
FixedParameters: 0 0 0

#Transform 140
Transform: AffineTransform_float_3_3
Parameters: 1 0.000905762 0.000184178 -0.000906239 0.999998 0.00129983 -0.000182823 -0.00129917 0.999999 -0.0711292 0.367037 -0.0244217
FixedParameters: 0 0 0

#Transform 141
Transform: AffineTransform_float_3_3
Parameters: 0.999999 0.000762643 0.000330824 -0.000762357 0.999999 0.00107975 -0.000330177 -0.00108025 1 -0.0459002 0.298182 -0.0346853
FixedParameters: 0 0 0

#Transform 142
Transform: AffineTransform_float_3_3
Parameters: 0.999999 0.000762601 0.000330921 -0.000762399 0.999999 0.00120675 -0.000330081 -0.00120625 0.999999 -0.0620924 0.359698 -0.0229094
FixedParameters: 0 0 0

#Transform 143
Transform: AffineTransform_float_3_3
Parameters: 1 0.0010967 0.00033101 -0.0010973 0.999999 0.000920637 -0.00032999 -0.000920362 0.999999 -0.0619259 0.392561 -0.018887
FixedParameters: 0 0 0

#Transform 144
Transform: AffineTransform_float_3_3
Parameters: 1 0.000480082 -0.000221822 -0.000479917 1 0.000371106 0.000222178 -0.000370893 1 -0.0477637 0.37155 -0.0272042
FixedParameters: 0 0 0

#Transform 145
Transform: AffineTransform_float_3_3
Parameters: 0.999999 0.000762988 1.85135e-05 -0.000763012 1 0.000672986 -1.74865e-05 -0.000673014 1 -0.0566525 0.392743 -0.0349306
FixedParameters: 0 0 0

#Transform 146
Transform: AffineTransform_float_3_3
Parameters: 1 0.000926021 -1.58601e-05 -0.00092598 0.999999 0.00123102 1.71399e-05 -0.00123098 0.999999 -0.0401667 0.39255 -0.0491623
FixedParameters: 0 0 0

#Transform 147
Transform: AffineTransform_float_3_3
Parameters: 0.999999 0.000762653 0.000171549 -0.000762345 0.999997 0.00203087 -0.000169453 -0.00203013 0.999998 -0.0782377 0.369907 -0.0895887
FixedParameters: 0 0 0

#Transform 148
Transform: AffineTransform_float_3_3
Parameters: 0.999999 0.000586539 0.000462586 -0.000586462 1 0.00099773 -0.000462416 -0.000997272 1 -0.0777983 0.400047 -0.0643525
FixedParameters: 0 0 0

#Transform 149
Transform: AffineTransform_float_3_3
Parameters: 0.999999 0.000763138 -9.28683e-05 -0.000762861 0.999998 0.00148307 9.41314e-05 -0.00148293 0.999999 -0.0604694 0.391215 -0.0396462
FixedParameters: 0 0 0

#Transform 150
Transform: AffineTransform_float_3_3
Parameters: 0.999999 0.000762019 0.00042078 -0.000762981 0.999997 0.00233468 -0.000419219 -0.00233532 0.999997 -0.0819118 0.341712 -0.053635
FixedParameters: 0 0 0

#Transform 151
Transform: AffineTransform_float_3_3
Parameters: 0.999999 0.00125239 0.000862349 -0.00125361 0.999998 0.00187392 -0.000859651 -0.00187508 0.999998 -0.108554 0.311436 -0.0293632
FixedParameters: 0 0 0

#Transform 152
Transform: AffineTransform_float_3_3
Parameters: 1 0.000762259 0.000870651 -0.000762743 1 0.000852337 -0.000870351 -0.000852665 1 -0.113001 0.393902 -0.00396155
FixedParameters: 0 0 0

#Transform 153
Transform: AffineTransform_float_3_3
Parameters: 0.999999 0.00135727 0.000411404 -0.00135772 0.999997 0.00177044 -0.000408597 -0.00177056 0.999999 -0.0843909 0.365737 -0.011355
FixedParameters: 0 0 0

#Transform 154
Transform: AffineTransform_float_3_3
Parameters: 0.999999 0.000903751 9.92921e-05 -0.000904248 0.999997 0.00253591 -9.6707e-05 -0.00253609 0.999997 -0.0763885 0.300551 0.02059
FixedParameters: 0 0 0

#Transform 155
Transform: AffineTransform_float_3_3
Parameters: 0.999999 0.000896769 0.000140483 -0.000897232 0.999998 0.00165387 -0.000139517 -0.00165313 0.999998 -0.0927136 0.388129 0.0037421
FixedParameters: 0 0 0

#Transform 156
Transform: AffineTransform_float_3_3
Parameters: 0.999999 0.000762639 0.00010564 -0.000762362 0.999993 0.00346092 -0.000103362 -0.00346108 0.999994 -0.0970598 0.332371 -0.0127667
FixedParameters: 0 0 0

#Transform 157
Transform: AffineTransform_float_3_3
Parameters: 1 0.000628936 2.19284e-05 -0.000629064 0.999995 0.00306599 -2.00714e-05 -0.00306601 0.999996 -0.0903109 0.314149 -0.00292137
FixedParameters: 0 0 0

#Transform 158
Transform: AffineTransform_float_3_3
Parameters: 0.999999 0.000761943 0.000290785 -0.000763058 0.999993 0.00365278 -0.000288214 -0.00365322 0.999994 -0.10358 0.310334 0.012858
FixedParameters: 0 0 0

#Transform 159
Transform: AffineTransform_float_3_3
Parameters: 0.999999 0.00086803 0.000444864 -0.00086997 0.999989 0.00444661 -0.000441136 -0.00444638 0.99999 -0.117528 0.272171 0.0137713
FixedParameters: 0 0 0

#Transform 160
Transform: AffineTransform_float_3_3
Parameters: 1 0.00102391 0.000445832 -0.00102609 0.999989 0.00471355 -0.000440168 -0.00471445 0.999989 -0.10787 0.238034 0.0206125
FixedParameters: 0 0 0

#Transform 161
Transform: AffineTransform_float_3_3
Parameters: 0.999999 0.00136197 0.000447218 -0.00136402 0.999988 0.0045614 -0.000440782 -0.00456261 0.99999 -0.107301 0.265641 0.01401
FixedParameters: 0 0 0

#Transform 162
Transform: AffineTransform_float_3_3
Parameters: 1 0.000946281 0.000514178 -0.000948719 0.999994 0.00335451 -0.000510821 -0.00335449 0.999994 -0.108327 0.327894 0.00830784
FixedParameters: 0 0 0

#Transform 163
Transform: AffineTransform_float_3_3
Parameters: 0.999999 0.000602293 0.000443328 -0.000603705 0.999993 0.00385974 -0.000440673 -0.00386027 0.999993 -0.105127 0.304652 -0.00899044
FixedParameters: 0 0 0

#Transform 164
Transform: AffineTransform_float_3_3
Parameters: 1 0.000231942 0.000441557 -0.000233056 0.999997 0.0023969 -0.000440443 -0.0023971 0.999997 -0.114033 0.299373 -0.0356025
FixedParameters: 0 0 0

#Transform 165
Transform: AffineTransform_float_3_3
Parameters: 1 0.000292048 0.000496561 -0.000292953 0.999998 0.00191886 -0.000496439 -0.00191815 0.999998 -0.153876 0.390394 0.0248512
FixedParameters: 0 0 0

#Transform 166
Transform: AffineTransform_float_3_3
Parameters: 1 0.000231395 0.000520717 -0.000232607 0.999995 0.00308588 -0.000520285 -0.00308512 0.999995 -0.152349 0.357943 0.00558728
FixedParameters: 0 0 0

#Transform 167
Transform: AffineTransform_float_3_3
Parameters: 1 0.0002314 0.000441842 -0.000232597 0.999994 0.0036249 -0.00044016 -0.0036251 0.999994 -0.15374 0.313197 0.0245338
FixedParameters: 0 0 0

#Transform 168
Transform: AffineTransform_float_3_3
Parameters: 1 0.000359646 0.000323512 -0.000360352 0.999991 0.00419589 -0.000321491 -0.00419612 0.999991 -0.122093 0.303688 0.0354369
FixedParameters: 0 0 0

#Transform 169
Transform: AffineTransform_float_3_3
Parameters: 1 0.000230524 0.0004423 -0.000232475 0.999985 0.0056069 -0.000440703 -0.0056071 0.999984 -0.111578 0.2345 0.0150443
FixedParameters: 0 0 0

#Transform 170
Transform: AffineTransform_float_3_3
Parameters: 0.999999 0.000646141 0.000443718 -0.000647855 0.999991 0.00420071 -0.000440282 -0.00420129 0.999991 -0.100272 0.258212 0.0539775
FixedParameters: 0 0 0

#Transform 171
Transform: AffineTransform_float_3_3
Parameters: 1 0.000372069 0.00044263 -0.000373928 0.999991 0.00436984 -0.00044037 -0.00437017 0.999991 -0.115472 0.2634 0.0427699
FixedParameters: 0 0 0

#Transform 172
Transform: AffineTransform_float_3_3
Parameters: 1 0.00023114 0.000441977 -0.00023286 0.999991 0.0042119 -0.000441023 -0.0042121 0.999991 -0.122815 0.273043 0.0289648
FixedParameters: 0 0 0

#Transform 173
Transform: AffineTransform_float_3_3
Parameters: 0.999999 0.000596127 0.000748103 -0.000599872 0.999987 0.00518756 -0.000744898 -0.00518745 0.999987 -0.130618 0.234951 0.0425751
FixedParameters: 0 0 0

#Transform 174
Transform: AffineTransform_float_3_3
Parameters: 1 0.000230895 0.000442106 -0.000233105 0.999988 0.0047679 -0.000440894 -0.0047681 0.999989 -0.104702 0.281197 0.065418
FixedParameters: 0 0 0

#Transform 175
Transform: AffineTransform_float_3_3
Parameters: 1 0.000962605 0.000446205 -0.000965395 0.999985 0.00539957 -0.000440794 -0.00539943 0.999986 -0.078551 0.272386 0.0292551
FixedParameters: 0 0 0

#Transform 176
Transform: AffineTransform_float_3_3
Parameters: 0.999999 0.000968395 0.000120945 -0.000968605 0.999987 0.00510489 -0.000116057 -0.00510512 0.999987 -0.0895283 0.247792 0.0400967
FixedParameters: 0 0 0

#Transform 177
Transform: AffineTransform_float_3_3
Parameters: 1 0.00110575 5.51899e-05 -0.00110625 0.999989 0.00469294 -4.98089e-05 -0.00469306 0.999989 -0.0878399 0.263427 0.0981524
FixedParameters: 0 0 0

#Transform 178
Transform: AffineTransform_float_3_3
Parameters: 0.999999 0.000967875 2.61388e-05 -0.00096813 0.999986 0.00530898 -2.18605e-05 -0.00530903 0.999986 -0.0932692 0.263491 0.0882071
FixedParameters: 0 0 0

#Transform 179
Transform: AffineTransform_float_3_3
Parameters: 1 0.000669552 -9.9345e-05 -0.000669444 0.999985 0.00546107 0.000103657 -0.00546093 0.999985 -0.0935742 0.270775 0.0729291
FixedParameters: 0 0 0

#Transform 180
Transform: AffineTransform_float_3_3
Parameters: 1 0.000560122 0.00016894 -0.000560879 0.999986 0.00524491 -0.00016606 -0.0052451 0.999986 -0.129125 0.225214 0.111019
FixedParameters: 0 0 0

#Transform 181
Transform: AffineTransform_float_3_3
Parameters: 1 0.000496716 5.94252e-05 -0.000496282 0.999988 0.00488097 -5.65783e-05 -0.00488103 0.999988 -0.112403 0.259281 0.104755
FixedParameters: 0 0 0

#Transform 182
Transform: AffineTransform_float_3_3
Parameters: 1 0.000561236 -4.40911e-05 -0.000560765 0.999987 0.00518403 4.69076e-05 -0.00518397 0.999986 -0.112891 0.284456 0.0850929
FixedParameters: 0 0 0

#Transform 183
Transform: AffineTransform_float_3_3
Parameters: 1 0.000560873 2.77015e-05 -0.000561124 0.999988 0.00481599 -2.42979e-05 -0.00481602 0.999989 -0.109139 0.258309 0.0830219
FixedParameters: 0 0 0

#Transform 184
Transform: AffineTransform_float_3_3
Parameters: 1 0.00056017 0.000185524 -0.000560831 0.999989 0.00450189 -0.000183477 -0.0045021 0.99999 -0.118973 0.311767 0.0984989
FixedParameters: 0 0 0

#Transform 185
Transform: AffineTransform_float_3_3
Parameters: 1 0.000560902 2.08295e-05 -0.000561099 0.999987 0.00504399 -1.817e-05 -0.00504401 0.999988 -0.122733 0.255489 0.112173
FixedParameters: 0 0 0

#Transform 186
Transform: AffineTransform_float_3_3
Parameters: 1 0.000392005 0.000519512 -0.000393993 0.999993 0.0038458 -0.000517489 -0.00384621 0.999993 -0.148229 0.255777 0.106391
FixedParameters: 0 0 0

#Transform 187
Transform: AffineTransform_float_3_3
Parameters: 1 1.4871e-05 0.000441039 -1.61289e-05 0.999996 0.00255999 -0.00044096 -0.00256001 0.999996 -0.190754 0.307484 0.157305
FixedParameters: 0 0 0

#Transform 188
Transform: AffineTransform_float_3_3
Parameters: 1 1.52944e-05 0.000441025 -1.57056e-05 0.999998 0.00159999 -0.000440975 -0.00160001 0.999998 -0.198541 0.295 0.148441
FixedParameters: 0 0 0

#Transform 189
Transform: AffineTransform_float_3_3
Parameters: 1 1.58804e-05 8.10235e-05 -1.61195e-05 0.999999 0.001476 -8.09763e-05 -0.001476 0.999999 -0.170456 0.379817 0.21959
FixedParameters: 0 0 0

#Transform 190
Transform: AffineTransform_float_3_3
Parameters: 0.999999 0.000455142 -0.00060314 -0.000453858 0.999998 0.00189227 0.00060386 -0.00189173 0.999998 -0.104571 0.338895 0.181218
FixedParameters: 0 0 0

#Transform 191
Transform: AffineTransform_float_3_3
Parameters: 1 0.00045397 -0.000372822 -0.00045303 0.999997 0.00259717 0.000374178 -0.00259683 0.999996 -0.112671 0.344545 0.172089
FixedParameters: 0 0 0

#Transform 192
Transform: AffineTransform_float_3_3
Parameters: 0.999999 0.000667279 -0.000478221 -0.000665722 0.999996 0.00266932 0.000479778 -0.00266868 0.999997 -0.0966877 0.316673 0.18035
FixedParameters: 0 0 0

#Transform 193
Transform: AffineTransform_float_3_3
Parameters: 1 0.000927126 -0.00039034 -0.000925877 0.999996 0.00287136 0.000392661 -0.00287164 0.999996 -0.111099 0.301781 0.221408
FixedParameters: 0 0 0

#Transform 194
