#Insight Transform File V1.0
#Transform 0
Transform: AffineTransform_float_3_3
Parameters: 1 -5.2896e-08 -9.6e-05 -5.2896e-08 1 -0.000551 9.6e-05 0.000551 1 0.00450304 -0.00305418 0.419946
FixedParameters: 0 0 0

#Transform 1
Transform: AffineTransform_float_3_3
Parameters: 1 0.000125131 0.000173906 -0.000124869 0.999999 -0.000751021 -0.000174094 0.000750978 0.999999 -0.0032656 -0.00570768 -0.0591162
FixedParameters: 0 0 0

#Transform 2
Transform: AffineTransform_float_3_3
Parameters: 1 0.000227522 0.000479753 -0.000226478 1 -0.00108811 -0.000480247 0.00108789 1 0.0106525 0.0415733 -0.11137
FixedParameters: 0 0 0

#Transform 3
Transform: AffineTransform_float_3_3
Parameters: 1 0.00017556 0.000456785 -0.00017444 0.999999 -0.00122508 -0.000457214 0.00122492 0.999999 0.00762216 0.0341173 -0.174993
FixedParameters: 0 0 0

#Transform 4
Transform: AffineTransform_float_3_3
Parameters: 1 0.000379648 0.000521528 -0.000379352 0.999999 -0.0012432 -0.000521472 0.0012428 0.999999 0.0124469 0.0400722 -0.173635
FixedParameters: 0 0 0

#Transform 5
Transform: AffineTransform_float_3_3
Parameters: 1 0.000182876 0.000531699 -0.000182123 0.999998 -0.0016471 -0.0005323 0.0016469 0.999998 0.0118688 0.0642773 -0.181714
FixedParameters: 0 0 0

#Transform 6
Transform: AffineTransform_float_3_3
Parameters: 0.999999 0.000286346 0.000681435 -0.000285652 0.999998 -0.00197519 -0.000682565 0.0019748 0.999998 0.0148392 0.0435388 -0.178641
FixedParameters: 0 0 0

#Transform 7
Transform: AffineTransform_float_3_3
Parameters: 0.999999 1.25627e-06 0.000918998 2.56274e-07 0.999999 -0.001367 -0.000919 0.001367 0.999998 0.038778 0.022281 -0.14828
FixedParameters: 0 0 0

#Transform 8
Transform: AffineTransform_float_3_3
Parameters: 1 1.81076e-06 0.001015 -1.89236e-07 0.999999 -0.001784 -0.001015 0.001784 0.999998 0.0389691 0.0603071 -0.13532
FixedParameters: 0 0 0

#Transform 9
Transform: AffineTransform_float_3_3
Parameters: 1 0.000138576 0.0010808 -0.000136424 0.999999 -0.00145815 -0.0010812 0.00145785 0.999999 0.0360822 0.0485942 -0.169107
FixedParameters: 0 0 0

#Transform 10
Transform: AffineTransform_float_3_3
Parameters: 0.999999 1.78882e-06 0.001034 -2.11176e-07 0.999998 -0.00173 -0.001034 0.00173 0.999998 0.031604 0.00794693 -0.181171
FixedParameters: 0 0 0

#Transform 11
Transform: AffineTransform_float_3_3
Parameters: 1 1.29902e-06 0.001116 2.99025e-07 1 -0.001164 -0.001116 0.001164 0.999998 0.0332586 0.0906008 -0.157451
FixedParameters: 0 0 0

#Transform 12
Transform: AffineTransform_float_3_3
Parameters: 1 1.34784e-06 0.001113 3.47844e-07 1 -0.001211 -0.001113 0.001211 0.999998 0.0389354 0.0593712 -0.183797
FixedParameters: 0 0 0

#Transform 13
Transform: AffineTransform_float_3_3
Parameters: 0.999999 1.09112e-06 0.000919999 9.1121e-08 1 -0.001186 -0.00092 0.001186 0.999999 0.038817 0.0433138 -0.151843
FixedParameters: 0 0 0

#Transform 14
Transform: AffineTransform_float_3_3
Parameters: 1 -0.000323233 0.0011395 0.000325769 0.999998 -0.00155163 -0.0011395 0.00155137 0.999998 0.0600695 0.0926382 -0.15511
FixedParameters: 0 0 0

#Transform 15
Transform: AffineTransform_float_3_3
Parameters: 0.999999 -0.000414338 0.00134351 0.000415662 0.999999 -0.00123744 -0.00134249 0.00123756 0.999999 0.0588029 0.0490407 -0.180136
FixedParameters: 0 0 0

#Transform 16
Transform: AffineTransform_float_3_3
Parameters: 1 -0.000371734 0.000977483 0.000373267 0.999999 -0.00129564 -0.000977517 0.00129636 0.999998 0.0540596 0.0503924 -0.165746
FixedParameters: 0 0 0

#Transform 17
Transform: AffineTransform_float_3_3
Parameters: 1 -0.000244196 0.00114239 0.000245804 0.999998 -0.00157872 -0.00114261 0.00157928 0.999998 0.0516489 0.0890419 -0.166395
FixedParameters: 0 0 0

#Transform 18
Transform: AffineTransform_float_3_3
Parameters: 0.999999 -0.000180398 0.00139521 0.000181601 1 -0.00114775 -0.00139479 0.00114825 0.999999 0.0454465 0.0612083 -0.170049
FixedParameters: 0 0 0

#Transform 19
Transform: AffineTransform_float_3_3
Parameters: 1 -0.000223874 0.000977259 0.000225126 1 -0.00115278 -0.000976742 0.00115222 0.999999 0.0512153 0.061394 -0.156821
FixedParameters: 0 0 0

#Transform 20
Transform: AffineTransform_float_3_3
Parameters: 1 -0.000173299 0.000977304 0.000174702 0.999998 -0.00174183 -0.000976698 0.00174117 0.999998 0.0457744 0.0857183 -0.148395
FixedParameters: 0 0 0

#Transform 21
Transform: AffineTransform_float_3_3
Parameters: 1 -0.000348459 0.00116146 0.00034954 0.999999 -0.0013266 -0.00116054 0.00132741 0.999999 0.051632 0.0571235 -0.160266
FixedParameters: 0 0 0

#Transform 22
Transform: AffineTransform_float_3_3
Parameters: 1 -0.00032081 0.00101938 0.000322192 1 -0.00116867 -0.00101962 0.00116833 0.999999 0.0341387 0.0455883 -0.146852
FixedParameters: 0 0 0

#Transform 23
Transform: AffineTransform_float_3_3
Parameters: 1 -0.000559665 0.00101973 0.000561337 0.999999 -0.00131043 -0.00101927 0.00131057 0.999998 0.0370968 0.0704448 -0.118754
FixedParameters: 0 0 0

#Transform 24
Transform: AffineTransform_float_3_3
Parameters: 1 -0.000448495 0.00111561 0.000449506 0.999999 -0.0013495 -0.0011154 0.0013495 0.999999 0.036801 0.0470134 -0.121344
FixedParameters: 0 0 0

#Transform 25
Transform: AffineTransform_float_3_3
Parameters: 1 -0.000399592 0.00101955 0.000400408 0.999999 -0.00138059 -0.00101945 0.00138141 0.999999 0.0366137 0.0327887 -0.138353
FixedParameters: 0 0 0

#Transform 26
Transform: AffineTransform_float_3_3
Parameters: 1 -0.000559445 0.00101986 0.000560556 0.999998 -0.00152543 -0.00101915 0.00152557 0.999999 0.037071 0.0771553 -0.140399
FixedParameters: 0 0 0

#Transform 27
Transform: AffineTransform_float_3_3
Parameters: 0.999999 -0.000559211 0.00114687 0.000560789 0.999998 -0.00156036 -0.00114613 0.00156064 0.999998 0.0427439 0.0707537 -0.124929
FixedParameters: 0 0 0

#Transform 28
Transform: AffineTransform_float_3_3
Parameters: 0.999999 -0.000370032 0.000817438 0.000370967 0.999999 -0.0011837 -0.000816561 0.0011843 0.999999 0.0420532 0.0415142 -0.166683
FixedParameters: 0 0 0

#Transform 29
Transform: AffineTransform_float_3_3
Parameters: 0.999999 -4.09703e-05 0.000942045 4.20305e-05 1 -0.00109396 -0.000941954 0.00109304 0.999999 0.0288801 0.0517722 -0.07702
FixedParameters: 0 0 0

#Transform 30
Transform: AffineTransform_float_3_3
Parameters: 0.999999 0.000191587 0.000793099 -0.000192413 1 0.000520847 -0.000792899 -0.000521152 0.999999 0.0188008 0.00154776 -0.0437296
FixedParameters: 0 0 0

#Transform 31
Transform: AffineTransform_float_3_3
Parameters: 0.999999 5.11431e-05 0.00140703 -5.18568e-05 1 0.000608927 -0.00140697 -0.000609072 0.999999 0.0208001 0.0104603 -0.0590409
FixedParameters: 0 0 0

#Transform 32
Transform: AffineTransform_float_3_3
Parameters: 0.999999 -5.49006e-05 0.00130405 5.60992e-05 0.999999 -0.000842927 -0.00130395 0.000843072 0.999999 0.0355519 0.0727478 -0.0763702
FixedParameters: 0 0 0

#Transform 33
Transform: AffineTransform_float_3_3
Parameters: 1 -5.60753e-05 0.001159 5.59246e-05 1 6.50649e-05 -0.001159 -6.49351e-05 1 0.0355153 0.0434086 -0.0728203
FixedParameters: 0 0 0

#Transform 34
Transform: AffineTransform_float_3_3
Parameters: 0.999999 -0.000165676 0.00105389 0.000165323 1 0.000642175 -0.00105411 -0.000641826 0.999999 0.0357333 0.0439707 -0.060649
FixedParameters: 0 0 0

#Transform 35
Transform: AffineTransform_float_3_3
Parameters: 1 -5.54947e-05 0.00120302 5.55052e-05 1 -0.000419934 -0.00120298 0.000420067 0.999999 0.0355291 0.0670097 -0.0746401
FixedParameters: 0 0 0

#Transform 36
Transform: AffineTransform_float_3_3
Parameters: 1 -0.000279776 0.00106506 0.000280225 1 -0.000210702 -0.00106494 0.000210298 1 0.036215 0.0499882 -0.0734704
FixedParameters: 0 0 0

#Transform 37
Transform: AffineTransform_float_3_3
Parameters: 0.999999 -0.000265285 0.00124194 0.000264715 1 0.000229329 -0.00124206 -0.000229671 0.999999 0.0362373 0.0252451 -0.0599386
FixedParameters: 0 0 0

#Transform 38
Transform: AffineTransform_float_3_3
Parameters: 0.999999 -0.000372236 0.00132422 0.000372765 1 -0.000577507 -0.00132379 0.000577493 0.999999 0.0431995 0.0637952 -0.0756545
FixedParameters: 0 0 0

#Transform 39
Transform: AffineTransform_float_3_3
Parameters: 0.999998 -0.00051579 0.00167106 0.000516209 1 -0.000125138 -0.00167093 0.000125862 0.999998 0.0372046 0.0264917 -0.0619302
FixedParameters: 0 0 0

#Transform 40
Transform: AffineTransform_float_3_3
Parameters: 0.999999 -0.000358817 0.00146404 0.000358184 1 -0.000125476 -0.00146395 0.000125525 0.999999 0.0366436 0.0378913 -0.0745102
FixedParameters: 0 0 0

#Transform 41
Transform: AffineTransform_float_3_3
Parameters: 0.999999 -0.00029126 0.00172313 0.000292741 1 -0.000429496 -0.00172288 0.000429503 0.999999 0.0364021 0.0800983 -0.123049
FixedParameters: 0 0 0

#Transform 42
Transform: AffineTransform_float_3_3
Parameters: 0.999999 -0.000329704 0.00183305 0.000330296 1 -0.000161395 -0.00183295 0.000161605 0.999999 0.0366898 0.0228538 -0.102276
FixedParameters: 0 0 0

#Transform 43
Transform: AffineTransform_float_3_3
Parameters: 0.999998 -0.000354739 0.00161806 0.000355261 1 -0.000161425 -0.00161794 0.000161574 0.999998 0.0365357 0.0639919 -0.101599
FixedParameters: 0 0 0

#Transform 44
Transform: AffineTransform_float_3_3
Parameters: 0.999998 -0.00051507 0.00162729 0.000515929 0.999999 -0.000571161 -0.0016267 0.000571838 0.999998 0.0371356 0.0616902 -0.103169
FixedParameters: 0 0 0

#Transform 45
Transform: AffineTransform_float_3_3
Parameters: 0.999998 -0.000279725 0.00166205 0.000280275 1 -0.000165534 -0.00166195 0.000165465 0.999998 0.0362947 0.0376946 -0.101808
FixedParameters: 0 0 0

#Transform 46
Transform: AffineTransform_float_3_3
Parameters: 0.999998 -0.00051534 0.00160321 0.00051566 1 -0.000411174 -0.00160379 0.000411827 0.999998 0.0370907 0.056744 -0.0939564
FixedParameters: 0 0 0

#Transform 47
Transform: AffineTransform_float_3_3
Parameters: 0.999998 -0.000365481 0.00163834 0.000366518 0.999999 -0.000926401 -0.00163866 0.0009276 0.999998 0.0365634 0.0740867 -0.114566
FixedParameters: 0 0 0

#Transform 48
Transform: AffineTransform_float_3_3
Parameters: 0.999999 -0.000154007 0.00180909 0.000154993 1 -0.000548721 -0.00180892 0.00054928 0.999998 0.03606 0.0372417 -0.1258
FixedParameters: 0 0 0

#Transform 49
Transform: AffineTransform_float_3_3
Parameters: 0.999999 -0.000367553 0.0017521 0.000367448 1 -0.000255357 -0.00175191 0.000255644 0.999999 0.0368098 0.0549099 -0.102359
FixedParameters: 0 0 0

#Transform 50
Transform: AffineTransform_float_3_3
Parameters: 0.999998 -0.000350465 0.00166732 0.000351533 0.999999 -0.000919415 -0.00166668 0.000920585 0.999998 0.0404557 0.0656921 -0.116903
FixedParameters: 0 0 0

#Transform 51
Transform: AffineTransform_float_3_3
Parameters: 0.999999 -0.000278091 0.00176115 0.00027891 1 -0.00051651 -0.00176086 0.000516491 0.999999 0.0341499 0.0406833 -0.112268
FixedParameters: 0 0 0

#Transform 52
Transform: AffineTransform_float_3_3
Parameters: 0.999999 -0.000515657 0.0016961 0.000516344 1 -0.000202124 -0.0016959 0.000202875 0.999998 0.0342283 0.0463368 -0.106802
FixedParameters: 0 0 0

#Transform 53
Transform: AffineTransform_float_3_3
Parameters: 0.999998 -0.000514853 0.00156138 0.000516145 0.999999 -0.000733194 -0.00156162 0.000734804 0.999998 0.0370352 0.0745454 -0.137934
FixedParameters: 0 0 0

#Transform 54
Transform: AffineTransform_float_3_3
Parameters: 0.999999 -0.000301442 0.0017631 0.000302558 1 -0.000316467 -0.00176291 0.000316532 0.999999 0.0364719 0.0358561 -0.11239
FixedParameters: 0 0 0

#Transform 55
Transform: AffineTransform_float_3_3
Parameters: 0.999999 -0.000514758 0.00174837 0.000516243 0.999999 -0.000710098 -0.00174863 0.000710901 0.999998 0.037208 0.0821603 -0.115072
FixedParameters: 0 0 0

#Transform 56
Transform: AffineTransform_float_3_3
Parameters: 0.999998 -0.000517029 0.00166968 0.00051597 0.999999 0.000616863 -0.00167032 -0.000616137 0.999999 0.0371327 0.0265578 -0.0862132
FixedParameters: 0 0 0

#Transform 57
Transform: AffineTransform_float_3_3
Parameters: 0.999998 -0.000348617 0.00160608 0.000349383 1 -0.000238439 -0.00160592 0.00023856 0.999998 0.03654 0.0334944 -0.0840859
FixedParameters: 0 0 0

#Transform 58
Transform: AffineTransform_float_3_3
Parameters: 0.999998 -0.000425453 0.00153071 0.000428548 0.999999 -0.00166435 -0.00153029 0.00166465 0.999998 0.0343477 0.0499266 -0.111557
FixedParameters: 0 0 0

#Transform 59
Transform: AffineTransform_float_3_3
Parameters: 0.999999 -0.000344995 0.00150623 0.000346004 0.999999 -0.000666479 -0.00150577 0.00066752 0.999998 0.036492 0.023048 -0.103205
FixedParameters: 0 0 0

#Transform 60
Transform: AffineTransform_float_3_3
Parameters: 0.999998 -0.000363729 0.00163128 0.000364271 0.999999 -0.000779407 -0.00163072 0.000779594 0.999999 0.0366446 0.0445228 -0.103813
FixedParameters: 0 0 0

#Transform 61
Transform: AffineTransform_float_3_3
Parameters: 0.999998 -8.648e-05 0.00167213 8.85194e-05 0.999999 -0.00150685 -0.00167187 0.00150715 0.999998 0.031184 0.0285379 -0.10655
FixedParameters: 0 0 0

#Transform 62
Transform: AffineTransform_float_3_3
Parameters: 0.999999 -0.000112604 0.00131112 0.000113396 1 -0.00106485 -0.00131088 0.00106515 0.999998 0.00932689 0.0497328 -0.0966246
FixedParameters: 0 0 0

#Transform 63
Transform: AffineTransform_float_3_3
Parameters: 0.999999 -0.00034021 0.00127915 0.000336791 0.999997 0.00250843 -0.00127985 -0.00250857 0.999996 0.0219388 -0.0271868 -0.00840405
FixedParameters: 0 0 0

#Transform 64
Transform: AffineTransform_float_3_3
Parameters: 0.999999 0.000126645 0.00176954 -0.000134357 0.999992 0.00415677 -0.00176946 -0.00415723 0.99999 0.028538 0.0624239 0.0951509
FixedParameters: 0 0 0

#Transform 65
Transform: AffineTransform_float_3_3
Parameters: 0.999997 -2.73844e-05 0.00243589 1.46149e-05 0.999987 0.00508405 -0.00243611 -0.00508395 0.999984 0.019072 0.00208469 0.069379
FixedParameters: 0 0 0

#Transform 66
Transform: AffineTransform_float_3_3
Parameters: 0.999998 -0.000271427 0.00222352 0.000259572 0.999985 0.00558659 -0.00222549 -0.00558641 0.999982 0.0381631 0.0485707 0.0765389
FixedParameters: 0 0 0

#Transform 67
Transform: AffineTransform_float_3_3
Parameters: 0.999996 0.000110776 0.00261098 -0.000132223 0.999967 0.00812968 -0.00261001 -0.00813031 0.999963 0.030484 0.0866965 0.169045
FixedParameters: 0 0 0

#Transform 68
Transform: AffineTransform_float_3_3
Parameters: 0.999995 0.000281858 0.00295014 -0.000313151 0.999944 0.0105611 -0.00294786 -0.0105619 0.99994 0.0317072 0.0178134 0.338863
FixedParameters: 0 0 0

#Transform 69
Transform: AffineTransform_float_3_3
Parameters: 0.999995 0.000307375 0.00337683 -0.000337627 0.999962 0.00877591 -0.00337417 -0.00877709 0.999956 0.0211141 0.00673153 0.222965
FixedParameters: 0 0 0

#Transform 70
Transform: AffineTransform_float_3_3
Parameters: 0.999995 0.000531236 0.00332655 -0.000558761 0.999965 0.00835119 -0.00332145 -0.00835281 0.999959 0.00503835 0.0133335 0.200031
FixedParameters: 0 0 0

#Transform 71
Transform: AffineTransform_float_3_3
Parameters: 0.999995 0.000894533 0.00305118 -0.000912467 0.999983 0.00572825 -0.00304582 -0.00573075 0.999979 -0.00769903 0.0106833 0.12921
FixedParameters: 0 0 0

#Transform 72
Transform: AffineTransform_float_3_3
Parameters: 0.999998 0.00047101 0.00193746 -0.000480988 0.999986 0.00515908 -0.00193454 -0.00515992 0.999985 0.0136961 -0.00598792 0.121875
FixedParameters: 0 0 0

#Transform 73
Transform: AffineTransform_float_3_3
Parameters: 0.999996 0.00116574 0.00261505 -0.00117726 0.99999 0.00430994 -0.00260995 -0.00431306 0.999988 -0.0168419 0.0517684 0.0570275
FixedParameters: 0 0 0

#Transform 74
Transform: AffineTransform_float_3_3
Parameters: 0.999997 0.000521699 0.00238805 -0.000530301 0.999993 0.00389574 -0.00238595 -0.00389726 0.999989 0.0135026 0.00533008 0.034226
FixedParameters: 0 0 0

#Transform 75
Transform: AffineTransform_float_3_3
Parameters: 0.999998 0.000645505 0.00201177 -0.000650495 0.999996 0.0027317 -0.00201023 -0.0027333 0.999994 0.0129135 0.0356118 0.0153641
FixedParameters: 0 0 0

#Transform 76
Transform: AffineTransform_float_3_3
Parameters: 0.999997 0.000308349 0.00217095 -0.00031465 0.999996 0.00306332 -0.00217005 -0.00306468 0.999993 0.0140802 0.00266844 0.0177543
FixedParameters: 0 0 0

#Transform 77
Transform: AffineTransform_float_3_3
Parameters: 0.999996 0.000306889 0.00284289 -0.000314109 0.999996 0.00285312 -0.00284111 -0.00285388 0.999992 0.0259923 0.0367198 0.0265194
FixedParameters: 0 0 0

#Transform 78
Transform: AffineTransform_float_3_3
Parameters: 0.999996 0.000519689 0.00252131 -0.000525312 0.999996 0.00250368 -0.00251969 -0.00250432 0.999993 0.0134946 0.00805885 0.00552603
FixedParameters: 0 0 0

#Transform 79
Transform: AffineTransform_float_3_3
Parameters: 0.999996 0.000308292 0.00258381 -0.000314708 0.999996 0.0025962 -0.00258319 -0.0025968 0.999994 0.0141635 -0.00491712 0.0117244
FixedParameters: 0 0 0

#Transform 80
Transform: AffineTransform_float_3_3
Parameters: 0.999998 0.000311638 0.00219848 -0.000314362 0.999999 0.00152931 -0.00219752 -0.00152969 0.999997 0.0220569 0.0271157 -0.00836306
FixedParameters: 0 0 0

#Transform 81
Transform: AffineTransform_float_3_3
Parameters: 0.999997 0.000310741 0.00235557 -0.000314258 0.999999 0.00180726 -0.00235544 -0.00180874 0.999995 0.0331439 -0.00530671 -0.000419811
FixedParameters: 0 0 0

#Transform 82
Transform: AffineTransform_float_3_3
Parameters: 0.999998 -0.000161028 0.00200676 0.000157971 0.999999 0.00150932 -0.00200724 -0.00150868 0.999997 0.0513744 0.00509115 -0.000510656
FixedParameters: 0 0 0

#Transform 83
Transform: AffineTransform_float_3_3
Parameters: 0.999998 -0.00024941 0.00200682 0.00024759 0.999999 0.000702498 -0.00200717 -0.0007025 0.999997 0.051752 0.0313284 0.000627684
FixedParameters: 0 0 0

#Transform 84
Transform: AffineTransform_float_3_3
Parameters: 0.999997 -0.000160748 0.0021948 0.000158251 0.999999 0.00125235 -0.0021952 -0.00125165 0.999997 0.0390617 -0.0153509 -0.0125134
FixedParameters: 0 0 0

#Transform 85
Transform: AffineTransform_float_3_3
Parameters: 0.999998 -0.00015859 0.00163894 0.00015841 1 0.00036026 -0.00163906 -0.00035974 0.999998 0.0378253 0.0449384 -0.0108257
FixedParameters: 0 0 0

#Transform 86
Transform: AffineTransform_float_3_3
Parameters: 0.999998 0.000106831 0.00158108 -0.00010817 0.999999 0.00073983 -0.00158092 -0.00073917 0.999999 0.0304953 -0.0126278 -0.0130601
FixedParameters: 0 0 0

#Transform 87
Transform: AffineTransform_float_3_3
Parameters: 0.999998 2.61794e-05 0.00158101 -2.68205e-05 1 0.000518958 -0.00158099 -0.000519042 0.999998 0.033214 0.0312082 0.00455564
FixedParameters: 0 0 0

#Transform 88
Transform: AffineTransform_float_3_3
Parameters: 0.999998 -3.05043e-05 0.00158099 2.94956e-05 1 0.000319047 -0.00158101 -0.000318952 0.999998 0.0357321 -0.0107547 -0.00684156
FixedParameters: 0 0 0

#Transform 89
Transform: AffineTransform_float_3_3
Parameters: 0.999998 -0.000158537 0.00158095 0.000158462 1 0.000340251 -0.00158105 -0.00033975 0.999998 0.0356087 -0.00249388 -0.0114588
FixedParameters: 0 0 0

#Transform 90
Transform: AffineTransform_float_3_3
Parameters: 0.999998 -0.000158642 0.00158093 0.000158358 1 0.000406251 -0.00158106 -0.00040575 0.999998 0.0400889 0.0362495 -0.0112322
FixedParameters: 0 0 0

#Transform 91
Transform: AffineTransform_float_3_3
Parameters: 0.999998 -7.13319e-05 0.00158098 7.06679e-05 1 0.000210112 -0.00158101 -0.000209887 0.999998 0.0408084 0.00164729 -0.0199199
FixedParameters: 0 0 0

#Transform 92
Transform: AffineTransform_float_3_3
Parameters: 0.999998 -0.00015851 0.00158095 0.000158489 1 0.000323251 -0.00158105 -0.00032275 0.999998 0.0372317 0.0152053 -0.0261335
FixedParameters: 0 0 0

#Transform 93
Transform: AffineTransform_float_3_3
Parameters: 0.999998 -0.000156803 0.00158112 0.000158197 0.999999 -0.000756751 -0.00158188 0.000757249 0.999999 0.0320408 0.0609639 -0.0644953
FixedParameters: 0 0 0

#Transform 94
Transform: AffineTransform_float_3_3
Parameters: 0.999998 -3.31234e-05 0.00196903 3.48764e-05 0.999999 -0.000952932 -0.00196897 0.000953066 0.999997 0.0308248 0.039884 -0.0863734
FixedParameters: 0 0 0

#Transform 95
Transform: AffineTransform_float_3_3
Parameters: 0.999998 -6.3782e-08 0.001757 1.93621e-06 1 -0.001102 -0.001757 0.001102 0.999998 0.0314649 0.0376251 -0.0739981
FixedParameters: 0 0 0

#Transform 96
Transform: AffineTransform_float_3_3
Parameters: 0.999998 -0.000155125 0.00190024 0.000157876 0.999999 -0.0015137 -0.00189976 0.0015133 0.999997 0.0376899 0.0640248 -0.0792719
FixedParameters: 0 0 0

#Transform 97
Transform: AffineTransform_float_3_3
Parameters: 0.999999 -7.32083e-05 0.00179412 7.57913e-05 0.999999 -0.00155587 -0.00179389 0.00155613 0.999997 0.0359037 0.0385424 -0.0692506
FixedParameters: 0 0 0

#Transform 98
Transform: AffineTransform_float_3_3
Parameters: 0.999998 -0.000155745 0.00186519 0.000158254 1 -0.00120871 -0.00186481 0.00120929 0.999997 0.0384051 0.0248017 -0.0461266
FixedParameters: 0 0 0

#Transform 99
Transform: AffineTransform_float_3_3
Parameters: 0.999999 -0.000155136 0.00178225 0.000157865 0.999998 -0.00160772 -0.00178175 0.00160728 0.999997 0.0418827 0.0555895 -0.0571179
FixedParameters: 0 0 0

#Transform 100
Transform: AffineTransform_float_3_3
Parameters: 0.999998 -0.000155282 0.00158127 0.000158719 0.999998 -0.00171875 -0.00158173 0.00171925 0.999998 0.0407618 0.0346058 -0.0570481
FixedParameters: 0 0 0

#Transform 101
Transform: AffineTransform_float_3_3
Parameters: 0.999998 -5.4718e-05 0.00188907 5.72818e-05 1 -0.00120789 -0.00188893 0.00120811 0.999998 0.0373213 0.0221639 -0.0599653
FixedParameters: 0 0 0

#Transform 102
Transform: AffineTransform_float_3_3
Parameters: 0.999998 -0.000154354 0.00158136 0.000158647 0.999998 -0.00230575 -0.00158164 0.00230625 0.999996 0.0395326 0.0487204 -0.064612
FixedParameters: 0 0 0

#Transform 103
Transform: AffineTransform_float_3_3
Parameters: 0.999998 -0.000155015 0.00158129 0.000157986 0.999998 -0.00188775 -0.0015817 0.00188825 0.999997 0.0391363 0.0310399 -0.0577055
FixedParameters: 0 0 0

#Transform 104
Transform: AffineTransform_float_3_3
Parameters: 0.999996 0.000662653 0.00274978 -0.000669349 0.999996 0.00267217 -0.00274822 -0.00267383 0.999992 0.0255957 -0.00554073 0.0292282
FixedParameters: 0 0 0

#Transform 105
Transform: AffineTransform_float_3_3
Parameters: 0.999998 0.000347604 0.00226837 -0.000350394 1 0.00105521 -0.00226763 -0.00105679 0.999997 0.0308787 0.0313248 0.00152283
FixedParameters: 0 0 0

#Transform 106
Transform: AffineTransform_float_3_3
Parameters: 0.999996 0.000408567 0.00271483 -0.000413434 0.999998 0.00200189 -0.00271318 -0.00200212 0.999995 0.0269742 0.0352853 0.0129142
FixedParameters: 0 0 0

#Transform 107
Transform: AffineTransform_float_3_3
Parameters: 0.999996 0.000343906 0.00300171 -0.000350095 0.999998 0.00202996 -0.0030013 -0.00203104 0.999994 0.0258235 0.00178561 0.00765511
FixedParameters: 0 0 0

#Transform 108
Transform: AffineTransform_float_3_3
Parameters: 0.999997 0.00034723 0.00271436 -0.00034977 1 0.00102005 -0.00271364 -0.00102095 0.999996 0.0378222 0.0437549 0.00107176
FixedParameters: 0 0 0

#Transform 109
Transform: AffineTransform_float_3_3
Parameters: 0.999998 0.000205368 0.00230224 -0.000207631 1 0.00114253 -0.00230176 -0.00114348 0.999996 0.0369665 0.0131107 -0.00908219
FixedParameters: 0 0 0

#Transform 110
Transform: AffineTransform_float_3_3
Parameters: 0.999997 0.000347057 0.00246242 -0.000349944 0.999999 0.00119514 -0.00246258 -0.00119586 0.999997 0.0408534 0.0127166 -0.0132348
FixedParameters: 0 0 0

#Transform 111
Transform: AffineTransform_float_3_3
Parameters: 0.999998 0.000101097 0.00230204 -0.000101904 1 0.000392767 -0.00230196 -0.000392234 0.999998 0.041725 0.0397992 0.00200391
FixedParameters: 0 0 0

#Transform 112
Transform: AffineTransform_float_3_3
Parameters: 0.999997 0.000160839 0.00242808 -0.00016116 1 0.00047761 -0.00242792 -0.000478392 0.999997 0.0390533 0.0153248 -0.00120139
FixedParameters: 0 0 0

#Transform 113
Transform: AffineTransform_float_3_3
Parameters: 0.999997 0.00020012 0.00247015 -0.000201881 0.999999 0.000761503 -0.00246985 -0.000761496 0.999996 0.0371028 0.0130635 -0.0113045
FixedParameters: 0 0 0

#Transform 114
Transform: AffineTransform_float_3_3
Parameters: 0.999997 -0.0001737 0.00245695 0.000172302 1 0.000284424 -0.00245705 -0.000284574 0.999997 0.0432089 0.0426957 -0.0128949
FixedParameters: 0 0 0

#Transform 115
Transform: AffineTransform_float_3_3
Parameters: 0.999997 8.00166e-05 0.002398 -7.9983e-05 1 -7.19182e-06 -0.002398 6.80814e-06 0.999997 0.038228 0.0131436 -0.0217205
FixedParameters: 0 0 0

#Transform 116
Transform: AffineTransform_float_3_3
Parameters: 0.999997 -0.000172908 0.00213501 0.000173091 1 -4.26305e-05 -0.00213499 4.33692e-05 0.999997 0.0429593 0.0180746 -0.0131212
FixedParameters: 0 0 0

#Transform 117
Transform: AffineTransform_float_3_3
Parameters: 0.999998 -3.71393e-05 0.00204902 3.78605e-05 1 -0.000419923 -0.00204898 0.000420077 0.999998 0.0388439 0.0380031 -0.0319174
FixedParameters: 0 0 0

#Transform 118
Transform: AffineTransform_float_3_3
Parameters: 0.999997 -0.000173474 0.00234997 0.000172527 1 0.000201406 -0.00235004 -0.000201593 0.999997 0.0462683 0.0139078 -0.0356252
FixedParameters: 0 0 0

#Transform 119
Transform: AffineTransform_float_3_3
Parameters: 0.999998 -0.000172832 0.00223602 0.000172167 1 -7.46153e-05 -0.00223599 7.53867e-05 0.999998 0.0516727 0.0340238 -0.0135034
FixedParameters: 0 0 0

#Transform 120
Transform: AffineTransform_float_3_3
Parameters: 0.999997 -0.000172143 0.00249806 0.000172859 1 -0.000343569 -0.00249794 0.000343431 0.999997 0.0516384 0.0137585 -0.038588
FixedParameters: 0 0 0

#Transform 121
Transform: AffineTransform_float_3_3
Parameters: 0.999997 -0.000173315 0.00238998 0.000172686 1 0.000131413 -0.00239002 -0.000131586 0.999997 0.0458049 -0.00788265 -0.0262464
FixedParameters: 0 0 0

#Transform 122
Transform: AffineTransform_float_3_3
Parameters: 0.999998 -0.000172242 0.00231106 0.00017276 1 -0.000328602 -0.00231094 0.000328399 0.999998 0.0516619 0.0351606 -0.0294831
FixedParameters: 0 0 0

#Transform 123
Transform: AffineTransform_float_3_3
Parameters: 0.999998 -0.000172148 0.00232706 0.000172854 1 -0.000366599 -0.00232694 0.000366402 0.999997 0.0275601 0.01529 -0.0410075
FixedParameters: 0 0 0

#Transform 124
Transform: AffineTransform_float_3_3
Parameters: 0.999998 -0.000173081 0.002325 0.000172918 1 3.54021e-05 -0.00232501 -3.45977e-05 0.999998 0.0426973 0.00961571 -0.025517
FixedParameters: 0 0 0

#Transform 125
Transform: AffineTransform_float_3_3
Parameters: 0.999997 -0.000172339 0.00247205 0.000172659 1 -0.000266574 -0.00247195 0.000267427 0.999997 0.0516785 0.0328709 -0.0277089
FixedParameters: 0 0 0

#Transform 126
Transform: AffineTransform_float_3_3
Parameters: 0.999997 -0.000172304 0.00244905 0.000172697 1 -0.000284578 -0.00244895 0.000284423 0.999997 0.0466988 0.0278844 -0.0448363
FixedParameters: 0 0 0

#Transform 127
Transform: AffineTransform_float_3_3
Parameters: 0.999998 -7.39383e-05 0.002278 7.40613e-05 1 -2.68314e-05 -0.002278 2.71685e-05 0.999998 0.0449142 0.0145048 -0.0299314
FixedParameters: 0 0 0

#Transform 128
Transform: AffineTransform_float_3_3
Parameters: 0.999997 -0.00017207 0.00245806 0.000172929 1 -0.000377576 -0.00245793 0.000378424 0.999997 0.0485144 0.0384002 -0.0201118
FixedParameters: 0 0 0

#Transform 129
Transform: AffineTransform_float_3_3
Parameters: 0.999996 -0.000171796 0.00254908 0.000172205 1 -0.000472562 -0.00254892 0.000472439 0.999996 0.0516526 0.00930679 -0.0218408
FixedParameters: 0 0 0

#Transform 130
Transform: AffineTransform_float_3_3
Parameters: 0.999996 -0.000171766 0.00255308 0.000172235 1 -0.000483562 -0.00255292 0.00048344 0.999996 0.0516836 0.00931023 -0.0158234
FixedParameters: 0 0 0

#Transform 131
Transform: AffineTransform_float_3_3
Parameters: 0.999997 -4.3329e-05 0.00217101 4.36707e-05 1 -0.000308906 -0.00217098 0.000309095 0.999997 0.0430598 0.0179499 -0.00558367
FixedParameters: 0 0 0

#Transform 132
Transform: AffineTransform_float_3_3
Parameters: 0.999998 2.20314e-05 0.00187199 -2.09685e-05 1 -0.00055104 -0.00187201 0.00055096 0.999998 0.0464011 0.0340806 -0.017162
FixedParameters: 0 0 0

#Transform 133
Transform: AffineTransform_float_3_3
Parameters: 0.999998 -0.000172789 0.00197302 0.000172213 1 -0.00010766 -0.00197298 0.000107341 0.999998 0.0515543 0.0094335 -0.0129427
FixedParameters: 0 0 0

#Transform 134
Transform: AffineTransform_float_3_3
Parameters: 0.999997 -0.000171966 0.00212708 0.000173034 1 -0.000485633 -0.00212791 0.000486367 0.999997 0.0515173 0.0419673 -0.0147522
FixedParameters: 0 0 0

#Transform 135
Transform: AffineTransform_float_3_3
Parameters: 0.999998 -0.000171739 0.0022871 0.00017226 1 -0.000550608 -0.00228691 0.000551394 0.999997 0.0516843 0.0169116 -0.0232981
FixedParameters: 0 0 0

#Transform 136
Transform: AffineTransform_float_3_3
Parameters: 0.999998 -0.000172816 0.00187202 0.000172183 1 -9.76779e-05 -0.00187198 9.83237e-05 0.999998 0.0515233 0.00945478 -0.0126309
FixedParameters: 0 0 0

#Transform 137
Transform: AffineTransform_float_3_3
Parameters: 0.999998 -0.000172087 0.00207508 0.000172915 1 -0.000440642 -0.00207592 0.000440358 0.999997 0.0515134 0.0321125 -0.014398
FixedParameters: 0 0 0

#Transform 138
Transform: AffineTransform_float_3_3
Parameters: 0.999997 -0.000226851 0.00236311 0.00022815 1 -0.000486462 -0.00236289 0.000486537 0.999997 0.0518578 0.00952633 -0.00552929
FixedParameters: 0 0 0

#Transform 139
Transform: AffineTransform_float_3_3
Parameters: 0.999996 -0.000173407 0.00279198 0.000172592 1 0.000146482 -0.00279203 -0.000145516 0.999996 0.0549977 -0.00912577 0.00814003
FixedParameters: 0 0 0

#Transform 140
Transform: AffineTransform_float_3_3
Parameters: 0.999998 -0.000172338 0.00189206 0.000172662 1 -0.000349674 -0.00189194 0.000350327 0.999998 0.0515526 0.0163032 -0.00164001
FixedParameters: 0 0 0

#Transform 141
Transform: AffineTransform_float_3_3
Parameters: 0.999998 -0.000172199 0.00208607 0.000172803 1 -0.00038464 -0.00208593 0.00038436 0.999998 0.0515698 0.019883 0.00267006
FixedParameters: 0 0 0

#Transform 142
Transform: AffineTransform_float_3_3
Parameters: 0.999997 -0.000172567 0.00216103 0.000172434 1 -0.000200628 -0.00216096 0.000200373 0.999997 0.0515894 0.00858603 0.00874263
FixedParameters: 0 0 0

#Transform 143
Transform: AffineTransform_float_3_3
Parameters: 0.999998 -0.000172744 0.00209102 0.000172257 1 -0.00012264 -0.00209098 0.000122361 0.999998 0.0485547 0.0139208 0.00920722
FixedParameters: 0 0 0

#Transform 144
Transform: AffineTransform_float_3_3
Parameters: 0.999997 -0.000171872 0.00239308 0.000172129 1 -0.000471589 -0.00239392 0.000471413 0.999997 0.0517042 0.0425736 0.00711422
FixedParameters: 0 0 0

#Transform 145
Transform: AffineTransform_float_3_3
Parameters: 0.999998 -0.000172315 0.00207506 0.000172684 1 -0.000329642 -0.00207494 0.000330358 0.999998 0.0515046 0.0085955 -0.0152643
FixedParameters: 0 0 0

#Transform 146
Transform: AffineTransform_float_3_3
Parameters: 0.999996 -0.000174405 0.0025799 0.000172596 1 0.000544447 -0.00258009 -0.000544551 0.999996 0.0682005 0.00515456 0.00531515
FixedParameters: 0 0 0

#Transform 147
Transform: AffineTransform_float_3_3
Parameters: 0.999999 0.000289293 0.00179711 -0.000289706 1 0.00039248 -0.00179689 -0.000393521 0.999999 0.0577625 0.0871255 -0.0355854
FixedParameters: 0 0 0

#Transform 148
Transform: AffineTransform_float_3_3
Parameters: 0.999998 0.000415596 0.00185931 -0.000417404 0.999999 0.000755225 -0.00185869 -0.000755774 0.999998 0.0525649 -0.0227243 0.0104612
FixedParameters: 0 0 0

#Transform 149
Transform: AffineTransform_float_3_3
Parameters: 0.999998 -0.000176733 0.00225871 0.000172265 0.999998 0.00165339 -0.00225929 -0.0016526 0.999996 0.0516889 0.0258183 0.0373428
FixedParameters: 0 0 0

#Transform 150
Transform: AffineTransform_float_3_3
Parameters: 0.999998 0.00182617 0.000842809 -0.00182783 0.999998 0.000989461 -0.00084119 -0.000991538 0.999999 -0.0276195 0.0251032 0.0233912
FixedParameters: 0 0 0

#Transform 151
Transform: AffineTransform_float_3_3
Parameters: 0.999998 0.00131204 0.00135191 -0.00131396 0.999998 0.00145123 -0.00134909 -0.00145277 0.999998 -0.0166486 -0.00424024 0.0412531
FixedParameters: 0 0 0

#Transform 152
Transform: AffineTransform_float_3_3
Parameters: 0.999999 0.00128339 0.0012926 -0.00128361 0.999999 0.000468342 -0.0012924 -0.000469659 0.999999 -0.0108485 0.0414139 0.0201951
FixedParameters: 0 0 0

#Transform 153
Transform: AffineTransform_float_3_3
Parameters: 0.999998 0.00116251 0.00131244 -0.00116349 1 0.000375474 -0.00131256 -0.000376527 0.999999 -0.0104873 0.02897 0.00552
FixedParameters: 0 0 0

#Transform 154
Transform: AffineTransform_float_3_3
Parameters: 0.999998 0.000859351 0.00135105 -0.000860648 0.999999 0.00121984 -0.00134995 -0.00122116 0.999999 -0.00939255 0.0319929 0.00488045
FixedParameters: 0 0 0

#Transform 155
Transform: AffineTransform_float_3_3
Parameters: 0.999998 0.000976606 0.00132529 -0.000977396 1 0.000297705 -0.00132571 -0.000298295 0.999999 -0.00988523 0.0152975 0.00745393
FixedParameters: 0 0 0

#Transform 156
Transform: AffineTransform_float_3_3
Parameters: 0.999999 0.000977064 0.00147496 -0.000976935 0.999999 -4.4441e-05 -0.00147504 4.25588e-05 0.999999 -0.000109046 0.0342977 0.000269187
FixedParameters: 0 0 0

#Transform 157
Transform: AffineTransform_float_3_3
Parameters: 0.999998 0.00091875 0.00134517 -0.00091825 0.999999 0.000185765 -0.00134483 -0.000186236 0.999999 -0.00971031 7.98242e-05 0.00680834
FixedParameters: 0 0 0

#Transform 158
Transform: AffineTransform_float_3_3
Parameters: 0.999998 0.000976545 0.00124636 -0.000977455 1 0.000364782 -0.00124564 -0.000366217 0.999999 -0.00988672 -0.00863126 0.0183525
FixedParameters: 0 0 0

#Transform 159
Transform: AffineTransform_float_3_3
Parameters: 0.999998 0.000976486 0.00128039 -0.000976514 1 0.00040075 -0.00127961 -0.00040225 0.999999 -0.0098566 0.00207711 0.0190738
FixedParameters: 0 0 0

#Transform 160
Transform: AffineTransform_float_3_3
Parameters: 0.999998 0.000976942 0.00137804 -0.000977056 0.999999 4.06536e-05 -0.00137796 -4.23462e-05 0.999999 -0.00983667 0.0316795 0.0115314
FixedParameters: 0 0 0

#Transform 161
Transform: AffineTransform_float_3_3
Parameters: 0.999999 0.000976555 0.00148829 -0.000977448 1 0.000299546 -0.00148771 -0.000300453 0.999999 -0.00971316 0.0109957 0.0190168
FixedParameters: 0 0 0

#Transform 162
Transform: AffineTransform_float_3_3
Parameters: 0.999999 0.000976454 0.00150236 -0.000976546 1 0.000362534 -0.00150165 -0.000364467 0.999999 -0.00971374 0.00857479 0.00922812
FixedParameters: 0 0 0

#Transform 163
Transform: AffineTransform_float_3_3
Parameters: 0.999998 0.00092072 0.00147717 -0.000920277 0.999999 0.000187641 -0.00147683 -0.00018936 0.999999 -0.00563513 0.00878333 0.0186758
FixedParameters: 0 0 0

#Transform 164
Transform: AffineTransform_float_3_3
Parameters: 0.999999 0.00097694 0.00144604 -0.00097706 0.999999 4.05872e-05 -0.00144596 -4.24127e-05 0.999999 -0.00564836 0.0271582 0.0061913
FixedParameters: 0 0 0

#Transform 165
Transform: AffineTransform_float_3_3
Parameters: 0.999999 0.000976819 0.00150812 -0.00097718 0.999999 0.000118526 -0.00150788 -0.000120473 0.999999 -0.00597629 0.00851309 0.0183639
FixedParameters: 0 0 0

#Transform 166
Transform: AffineTransform_float_3_3
Parameters: 0.999999 0.000976547 0.00157128 -0.000977455 1 0.000288465 -0.00157072 -0.000289534 0.999998 -0.00713197 0.0157008 0.000638002
FixedParameters: 0 0 0

#Transform 167
Transform: AffineTransform_float_3_3
Parameters: 0.999996 0.000976196 0.00267929 -0.000976806 1 0.000299384 -0.00267871 -0.000301616 0.999997 -0.0048052 0.0343453 0.00388898
FixedParameters: 0 0 0

#Transform 168
Transform: AffineTransform_float_3_3
Parameters: 0.999998 0.000823396 0.00190283 -0.000823604 0.999999 -0.000208568 -0.00190317 0.000207433 0.999998 -0.00459988 0.0420179 -0.00859741
FixedParameters: 0 0 0

#Transform 169
Transform: AffineTransform_float_3_3
Parameters: 0.999999 0.000837454 0.00166577 -0.000836546 0.999999 -0.000273394 -0.00166623 0.000271605 0.999998 -0.00365181 0.0294838 -0.00820387
FixedParameters: 0 0 0

#Transform 170
Transform: AffineTransform_float_3_3
Parameters: 0.999997 0.000915293 0.00223588 -0.000914707 0.999999 -0.000132046 -0.00223512 0.000129955 0.999998 -0.00622212 0.0409981 -0.00924531
FixedParameters: 0 0 0

#Transform 171
Transform: AffineTransform_float_3_3
Parameters: 0.999997 0.000977099 0.00199495 -0.000976899 0.999999 -5.0949e-05 -0.00199505 4.90507e-05 0.999998 -0.00954912 0.0218273 0.000757954
FixedParameters: 0 0 0

#Transform 172
Transform: AffineTransform_float_3_3
Parameters: 0.999998 0.000854043 0.00143097 -0.000853956 0.999999 -3.1222e-05 -0.00143103 2.97779e-05 0.999999 -0.00932604 0.0296127 0.0200203
FixedParameters: 0 0 0

#Transform 173
Transform: AffineTransform_float_3_3
Parameters: 0.999998 0.000820256 0.00190789 -0.000819744 0.999999 -0.000134564 -0.00190811 0.000133435 0.999998 0.000235172 0.00451538 0.041122
FixedParameters: 0 0 0

#Transform 174
Transform: AffineTransform_float_3_3
Parameters: 0.999998 0.000761739 0.00216744 -0.000762261 0.999999 0.000581349 -0.00216656 -0.000582651 0.999997 0.00871307 -0.0178953 0.0486814
FixedParameters: 0 0 0

#Transform 175
Transform: AffineTransform_float_3_3
Parameters: 0.999997 0.00097617 0.00205639 -0.000976827 0.999999 0.000401992 -0.0020556 -0.000404007 0.999998 -0.00954805 0.0676281 -0.0541201
FixedParameters: 0 0 0

#Transform 176
Transform: AffineTransform_float_3_3
Parameters: 0.999997 0.000977577 0.0019017 -0.000977424 1 -0.00030386 -0.0019013 0.000302142 0.999998 -0.00953931 0.0867501 -0.0645588
FixedParameters: 0 0 0

#Transform 177
Transform: AffineTransform_float_3_3
Parameters: 0.999998 0.000977301 0.00170183 -0.000976699 0.999999 -0.000177662 -0.00170217 0.000176337 0.999998 -0.00960561 0.041982 -0.0290874
FixedParameters: 0 0 0

#Transform 178
Transform: AffineTransform_float_3_3
Parameters: 0.999998 0.000588351 0.00188089 -0.000588649 1 -0.000187108 -0.00188111 0.000185894 0.999998 -0.0081417 0.0466698 -0.0295978
FixedParameters: 0 0 0

#Transform 179
Transform: AffineTransform_float_3_3
Parameters: 0.999997 0.000848565 0.00202576 -0.000848434 0.999999 -0.000279719 -0.00202624 0.000278281 0.999998 -0.00909152 0.0346286 -0.0303249
FixedParameters: 0 0 0

#Transform 180
Transform: AffineTransform_float_3_3
Parameters: 0.999998 0.000817891 0.00186761 -0.000817109 0.999999 -0.000477527 -0.00186739 0.000476474 0.999998 -0.0089519 0.0526024 -0.0304978
FixedParameters: 0 0 0

#Transform 181
Transform: AffineTransform_float_3_3
Parameters: 0.999998 0.000977686 0.00184864 -0.000977314 1 -0.000371808 -0.00184936 0.000370193 0.999998 -0.00957763 0.0511535 -0.030174
FixedParameters: 0 0 0

#Transform 182
Transform: AffineTransform_float_3_3
Parameters: 0.999997 0.00091156 0.00201975 -0.000911441 1 -0.000277842 -0.00202025 0.000276159 0.999998 -0.00648229 0.044432 -0.0303149
FixedParameters: 0 0 0

#Transform 183
Transform: AffineTransform_float_3_3
Parameters: 0.999997 0.000868505 0.00202378 -0.000867493 0.999999 -0.000250756 -0.00202422 0.000249242 0.999998 -0.00920878 0.0309567 -0.0242729
FixedParameters: 0 0 0

#Transform 184
Transform: AffineTransform_float_3_3
Parameters: 0.999998 0.000827856 0.0017786 -0.000827145 0.999999 -0.000481472 -0.0017784 0.000480529 0.999999 -0.0013208 0.0669237 -0.0236784
FixedParameters: 0 0 0

#Transform 185
Transform: AffineTransform_float_3_3
Parameters: 0.999998 0.000689706 0.00190738 -0.000688293 1 -0.000895315 -0.00190862 0.000893686 0.999998 0.00328136 0.0525879 -0.0369225
FixedParameters: 0 0 0

#Transform 186
Transform: AffineTransform_float_3_3
Parameters: 0.999998 0.00057579 0.00180675 -0.000575209 0.999999 -0.00043804 -0.00180725 0.00043696 0.999999 0.000751539 0.0529771 -0.0448632
FixedParameters: 0 0 0

#Transform 187
Transform: AffineTransform_float_3_3
Parameters: 0.999998 0.000576603 0.00216158 -0.000575399 0.999999 -0.000741246 -0.00216243 0.000740755 0.999998 0.000540526 0.0696142 -0.0535682
FixedParameters: 0 0 0

#Transform 188
Transform: AffineTransform_float_3_3
