# transform file /out/sourcedata/freesurfer/sub-v1s23x0050620_ses-1/mri/transforms/cc_up.lta
# created by oesteban on Mon Mar  9 22:30:31 2026

type      = 0 # LINEAR_VOX_TO_VOX
nxforms   = 1
mean      = 131.0000 103.0000 119.0000
sigma     = 10000.0000
1 4 4
9.922481775283813e-01 -7.517839968204498e-02 -9.895411133766174e-02 1.567867279052734e+01 
7.480732351541519e-02 9.971701502799988e-01 -7.460323162376881e-03 3.436606597900391e+01 
9.923493862152100e-02 0.000000000000000e+00 9.950640797615051e-01 1.662155866622925e+00 
0.000000000000000e+00 0.000000000000000e+00 0.000000000000000e+00 1.000000000000000e+00 
src volume info
valid = 1  # volume info valid
filename = /out/sourcedata/freesurfer/sub-v1s23x0050620_ses-1/mri/norm.mgz
volume = 256 256 256
voxelsize = 1.000000000000000e+00 1.000000000000000e+00 1.000000000000000e+00
xras   = -1.000000000000000e+00 0.000000000000000e+00 0.000000000000000e+00
yras   = 0.000000000000000e+00 0.000000000000000e+00 -1.000000000000000e+00
zras   = 0.000000000000000e+00 1.000000000000000e+00 0.000000000000000e+00
cras   = 4.620582580566406e+01 -4.522056579589844e+01 2.896708679199219e+01
dst volume info
valid = 1  # volume info valid
filename = /out/sourcedata/freesurfer/sub-v1s23x0050620_ses-1/mri/norm.mgz
volume = 256 256 256
voxelsize = 1.000000000000000e+00 1.000000000000000e+00 1.000000000000000e+00
xras   = -1.000000000000000e+00 0.000000000000000e+00 0.000000000000000e+00
yras   = 0.000000000000000e+00 0.000000000000000e+00 -1.000000000000000e+00
zras   = 0.000000000000000e+00 1.000000000000000e+00 0.000000000000000e+00
cras   = 4.620582580566406e+01 -4.522056579589844e+01 2.896708679199219e+01
