#Insight Transform File V1.0
#Transform 0
Transform: AffineTransform_float_3_3
Parameters: 1 -7.36e-08 -9.99999e-05 -7.36e-08 0.999999 -0.000736 9.99999e-05 0.000736 0.999999 -0.00127164 0.0164541 0.347207
FixedParameters: 0 0 0

#Transform 1
Transform: AffineTransform_float_3_3
Parameters: 1 0.00118612 -0.000180247 -0.00118589 0.999999 0.000635214 0.000180753 -0.000634786 1 0.0257255 0.0126843 -0.00333112
FixedParameters: 0 0 0

#Transform 2
Transform: AffineTransform_float_3_3
Parameters: 1 0.00114905 -9.53473e-05 -0.00114895 0.999999 0.00056811 9.56526e-05 -0.00056789 1 0.0205513 0.0995967 -0.0767319
FixedParameters: 0 0 0

#Transform 3
Transform: AffineTransform_float_3_3
Parameters: 1 0.00107776 0.000381684 -0.00107824 0.999999 0.000634589 -0.000381315 -0.000635411 0.999999 0.00706669 0.114027 -0.0887874
FixedParameters: 0 0 0

#Transform 4
Transform: AffineTransform_float_3_3
Parameters: 0.999999 0.000979995 4.94863e-06 -0.000980004 0.999999 0.000967995 -4.05135e-06 -0.000968004 0.999999 0.0183013 0.0980062 -0.0767856
FixedParameters: 0 0 0

#Transform 5
Transform: AffineTransform_float_3_3
Parameters: 1 0.000980218 -0.000270213 -0.000979784 0.999999 0.000803265 0.000270788 -0.000803735 0.999999 0.0220266 0.0881032 -0.054527
FixedParameters: 0 0 0

#Transform 6
Transform: AffineTransform_float_3_3
Parameters: 1 0.000980237 -0.000372378 -0.000979764 1 0.000635365 0.000372622 -0.000634635 0.999999 0.0294441 0.11436 -0.0491301
FixedParameters: 0 0 0

#Transform 7
Transform: AffineTransform_float_3_3
Parameters: 0.999999 0.0011943 -0.000278722 -0.0011937 0.999998 0.00107033 0.000280277 -0.00106967 1 0.0283181 0.129229 -0.0738463
FixedParameters: 0 0 0

#Transform 8
Transform: AffineTransform_float_3_3
Parameters: 1 0.0011723 -0.000295799 -0.0011717 0.999999 0.00102535 0.000297201 -0.00102465 1 0.0214796 0.128386 -0.0557674
FixedParameters: 0 0 0

#Transform 9
Transform: AffineTransform_float_3_3
Parameters: 0.999999 0.00137657 -0.000690857 -0.00137543 0.999998 0.000830951 0.000692143 -0.000830048 1 0.0490414 0.135284 -0.0374663
FixedParameters: 0 0 0

#Transform 10
Transform: AffineTransform_float_3_3
Parameters: 0.999999 0.00114395 -0.000690435 -0.00114306 0.999999 0.00136879 0.000691565 -0.00136821 0.999999 0.0422435 0.115053 -0.0720167
FixedParameters: 0 0 0

#Transform 11
Transform: AffineTransform_float_3_3
Parameters: 1 0.00115011 -9.96855e-05 -0.00114988 0.999998 0.00114312 0.000101314 -0.00114288 1 0.0116245 0.148065 -0.0674651
FixedParameters: 0 0 0

#Transform 12
Transform: AffineTransform_float_3_3
Parameters: 1 0.000980139 -0.000111791 -0.000979861 0.999999 0.00123411 0.000113209 -0.00123389 0.999999 0.00369311 0.165174 -0.0584987
FixedParameters: 0 0 0

#Transform 13
Transform: AffineTransform_float_3_3
Parameters: 1 0.00116132 -0.000312798 -0.00116168 0.999999 0.00103536 0.000314203 -0.00103464 1 0.0200206 0.1914 -0.060122
FixedParameters: 0 0 0

#Transform 14
Transform: AffineTransform_float_3_3
Parameters: 1 0.00119612 -7.21174e-05 -0.00119589 0.999998 0.00157409 7.38824e-05 -0.00157391 0.999999 0.0184774 0.150973 -0.08741
FixedParameters: 0 0 0

#Transform 15
Transform: AffineTransform_float_3_3
Parameters: 1 0.00118115 -0.00016494 -0.00118085 0.999999 0.000897195 0.000166059 -0.000896804 0.999999 0.0161733 0.170309 -0.0522413
FixedParameters: 0 0 0

#Transform 16
Transform: AffineTransform_float_3_3
Parameters: 1 0.000980381 -0.000287705 -0.000979619 0.999998 0.00132128 0.000289294 -0.00132072 0.999999 0.0200064 0.166378 -0.0562939
FixedParameters: 0 0 0

#Transform 17
Transform: AffineTransform_float_3_3
Parameters: 1 0.000652037 -3.22521e-05 -0.000651963 0.999999 0.00114702 3.27478e-05 -0.00114698 1 0.0244775 0.17931 -0.0553179
FixedParameters: 0 0 0

#Transform 18
Transform: AffineTransform_float_3_3
Parameters: 1 0.000554457 -0.000306174 -0.000554543 0.999998 0.00149017 0.000306826 -0.00148983 0.999999 0.0389984 0.163972 -0.0668074
FixedParameters: 0 0 0

#Transform 19
Transform: AffineTransform_float_3_3
Parameters: 1 0.000487473 -0.000259112 -0.000487527 0.999998 0.00182213 0.000259889 -0.00182187 0.999999 0.0355356 0.130308 -0.0907558
FixedParameters: 0 0 0

#Transform 20
Transform: AffineTransform_float_3_3
Parameters: 1 0.000487297 -0.00014702 -0.000487703 0.999998 0.00201107 0.000147981 -0.00201093 0.999998 0.0262524 0.135443 -0.0770599
FixedParameters: 0 0 0

#Transform 21
Transform: AffineTransform_float_3_3
Parameters: 1 0.000582028 -1.38598e-05 -0.000581971 0.999998 0.00195901 1.51401e-05 -0.00195899 0.999998 0.0171432 0.139435 -0.0826864
FixedParameters: 0 0 0

#Transform 22
Transform: AffineTransform_float_3_3
Parameters: 1 0.000487288 -0.000181227 -0.000487712 0.999998 0.00158709 0.000181775 -0.00158791 0.999998 0.0257713 0.156485 -0.0880469
FixedParameters: 0 0 0

#Transform 23
Transform: AffineTransform_float_3_3
Parameters: 1 0.000486762 0.000129896 -0.000487238 0.999998 0.00183994 -0.000129104 -0.00184006 0.999999 0.0134733 0.157668 -0.0932883
FixedParameters: 0 0 0

#Transform 24
Transform: AffineTransform_float_3_3
Parameters: 1 0.000486958 2.1952e-05 -0.000487042 0.999998 0.00195499 -2.10479e-05 -0.00195501 0.999998 0.0068693 0.171267 -0.0940437
FixedParameters: 0 0 0

#Transform 25
Transform: AffineTransform_float_3_3
Parameters: 1 0.000272232 0.000340616 -0.000272769 0.999998 0.00225791 -0.000340385 -0.00225809 0.999998 -0.00207917 0.127996 -0.108341
FixedParameters: 0 0 0

#Transform 26
Transform: AffineTransform_float_3_3
Parameters: 1 0.000139056 0.000367359 -0.000139946 0.999996 0.00257195 -0.000367641 -0.00257205 0.999996 -0.000633734 0.10744 -0.128872
FixedParameters: 0 0 0

#Transform 27
Transform: AffineTransform_float_3_3
Parameters: 1 -0.000154919 0.000434674 0.000154081 0.999998 0.00211207 -0.000435326 -0.00211293 0.999997 -0.00434764 0.154726 -0.116625
FixedParameters: 0 0 0

#Transform 28
Transform: AffineTransform_float_3_3
Parameters: 1 -0.000478838 0.0004451 0.000478162 0.999998 0.00188021 -0.0004459 -0.00187979 0.999998 -0.00279848 0.112405 -0.119972
FixedParameters: 0 0 0

#Transform 29
Transform: AffineTransform_float_3_3
Parameters: 1 -0.000194733 0.000556744 0.000193266 0.999999 0.00131711 -0.000557255 -0.00131689 0.999999 0.0011871 0.178433 -0.0957947
FixedParameters: 0 0 0

#Transform 30
Transform: AffineTransform_float_3_3
Parameters: 1 -0.000193025 0.000551642 0.000191974 0.999999 0.00185811 -0.000552358 -0.00185789 0.999998 0.0227972 0.243693 -0.200705
FixedParameters: 0 0 0

#Transform 31
Transform: AffineTransform_float_3_3
Parameters: 1 0.000105573 0.000375121 -0.000106428 1 0.00113896 -0.000375879 -0.00113904 1 0.0415814 0.216714 -0.0412378
FixedParameters: 0 0 0

#Transform 32
Transform: AffineTransform_float_3_3
Parameters: 1 -0.000361411 0.00030251 0.00036059 0.999999 0.00135711 -0.00030249 -0.00135689 0.999999 0.0358716 0.215266 -0.0520071
FixedParameters: 0 0 0

#Transform 33
Transform: AffineTransform_float_3_3
Parameters: 1 -0.000361291 0.000210501 0.000360708 0.999999 0.00138208 -0.000211499 -0.00138192 0.999999 0.0465622 0.239004 -0.0685263
FixedParameters: 0 0 0

#Transform 34
Transform: AffineTransform_float_3_3
Parameters: 1 -0.000496396 0.000394502 0.000495604 1 0.0010042 -0.000394498 -0.00100381 1 0.0367433 0.268296 -0.0378674
FixedParameters: 0 0 0

#Transform 35
Transform: AffineTransform_float_3_3
Parameters: 1 -0.000531146 0.000208627 0.000530853 0.999999 0.00070211 -0.000209373 -0.000701888 0.999999 0.0429886 0.264344 -0.0280012
FixedParameters: 0 0 0

#Transform 36
Transform: AffineTransform_float_3_3
Parameters: 1 -0.000361331 0.000299601 0.000360669 1 0.00110511 -0.000299399 -0.00110489 1 0.0528996 0.259831 -0.0360218
FixedParameters: 0 0 0

#Transform 37
Transform: AffineTransform_float_3_3
Parameters: 1 -0.000361326 0.00027958 0.000360675 1 0.0011641 -0.00027942 -0.0011639 1 0.0461887 0.255753 -0.0385492
FixedParameters: 0 0 0

#Transform 38
Transform: AffineTransform_float_3_3
Parameters: 1 -0.000311441 0.000435685 0.00031056 1 0.00101214 -0.000435315 -0.00101187 1 0.0386858 0.300705 -0.0379286
FixedParameters: 0 0 0

#Transform 39
Transform: AffineTransform_float_3_3
Parameters: 1 -0.000361685 0.000367326 0.000360315 0.999998 0.00186413 -0.000367672 -0.00186387 0.999998 0.0300122 0.270244 -0.0524766
FixedParameters: 0 0 0

#Transform 40
Transform: AffineTransform_float_3_3
Parameters: 0.999999 -0.000239569 0.000880574 0.000238431 0.999999 0.00178221 -0.000880426 -0.00178179 0.999998 0.0145321 0.271657 -0.0603183
FixedParameters: 0 0 0

#Transform 41
Transform: AffineTransform_float_3_3
Parameters: 0.999999 -0.000188209 0.000759702 0.00018679 0.999998 0.00159114 -0.000760298 -0.00159086 0.999999 0.018673 0.285083 -0.0565901
FixedParameters: 0 0 0

#Transform 42
Transform: AffineTransform_float_3_3
Parameters: 1 3.61004e-05 0.000681048 -3.68996e-05 0.999999 0.00132098 -0.000680952 -0.00132102 0.999999 0.035961 0.289703 -0.0654237
FixedParameters: 0 0 0

#Transform 43
Transform: AffineTransform_float_3_3
Parameters: 0.999999 3.23939e-05 0.000801066 -3.46059e-05 0.999998 0.00200497 -0.000800932 -0.00200503 0.999997 0.0247418 0.236207 -0.0624602
FixedParameters: 0 0 0

#Transform 44
Transform: AffineTransform_float_3_3
Parameters: 1 -0.000144088 0.000518699 0.000142911 0.999998 0.00209807 -0.000519301 -0.00209792 0.999997 0.0383727 0.319859 -0.104913
FixedParameters: 0 0 0

#Transform 45
Transform: AffineTransform_float_3_3
Parameters: 1 0.000164555 0.000142515 -0.000164443 0.999995 0.00312498 -0.000141487 -0.00312502 0.999995 0.0385714 0.206715 -0.109915
FixedParameters: 0 0 0

#Transform 46
Transform: AffineTransform_float_3_3
Parameters: 1 -0.000203384 0.000103248 0.000202614 0.999993 0.00370202 -0.000104751 -0.00370198 0.999993 0.0474305 0.155665 -0.0952757
FixedParameters: 0 0 0

#Transform 47
Transform: AffineTransform_float_3_3
Parameters: 1 0.000217225 -0.00032318 -0.000215776 0.999993 0.00378507 0.000323819 -0.00378493 0.999993 0.0790301 0.157052 -0.0904267
FixedParameters: 0 0 0

#Transform 48
Transform: AffineTransform_float_3_3
Parameters: 1 0.000177476 -0.000323194 -0.000175525 0.999989 0.00456005 0.000323804 -0.00455994 0.999989 0.0766405 0.114252 -0.0976068
FixedParameters: 0 0 0

#Transform 49
Transform: AffineTransform_float_3_3
Parameters: 1 0.000166653 -0.000323153 -0.000165348 0.999987 0.00510805 0.000323849 -0.00510795 0.999987 0.0721485 0.0964924 -0.139943
FixedParameters: 0 0 0

#Transform 50
Transform: AffineTransform_float_3_3
Parameters: 1 0.000235014 -0.000322542 -0.000232989 0.99998 0.00623007 0.000323458 -0.00622992 0.99998 0.0698043 0.0751601 -0.172096
FixedParameters: 0 0 0

#Transform 51
Transform: AffineTransform_float_3_3
Parameters: 1 0.000297087 -1.6494e-05 -0.00029691 0.999987 0.00507001 1.85056e-05 -0.00507 0.999987 0.0634436 0.127319 -0.133062
FixedParameters: 0 0 0

#Transform 52
Transform: AffineTransform_float_3_3
Parameters: 1 8.88066e-05 3.84499e-05 -8.81912e-05 0.999987 0.005061 -3.75542e-05 -0.00506101 0.999987 0.0596151 0.12058 -0.122283
FixedParameters: 0 0 0

#Transform 53
Transform: AffineTransform_float_3_3
Parameters: 1 0.000159103 -2.22795e-05 -0.000158894 0.999989 0.00453 2.372e-05 -0.00452999 0.999989 0.0723669 0.167143 -0.131449
FixedParameters: 0 0 0

#Transform 54
Transform: AffineTransform_float_3_3
Parameters: 1 0.000142613 -0.000138371 -0.000142389 0.99999 0.00441902 0.000138631 -0.00441898 0.99999 0.0772522 0.152894 -0.0998751
FixedParameters: 0 0 0

#Transform 55
Transform: AffineTransform_float_3_3
Parameters: 1 7.28149e-05 4.03362e-05 -7.21883e-05 0.99999 0.004611 -4.06677e-05 -0.00461001 0.99999 0.0647188 0.150236 -0.0917023
FixedParameters: 0 0 0

#Transform 56
Transform: AffineTransform_float_3_3
Parameters: 1 2.50471e-05 0.000215113 -2.59524e-05 0.99999 0.004431 -0.000214887 -0.00443101 0.99999 0.0631982 0.158819 -0.0769611
FixedParameters: 0 0 0

#Transform 57
Transform: AffineTransform_float_3_3
Parameters: 1 4.72947e-05 0.000176191 -4.87045e-05 0.999992 0.00400499 -0.000175806 -0.00400501 0.999992 0.0631164 0.188687 -0.0483723
FixedParameters: 0 0 0

#Transform 58
Transform: AffineTransform_float_3_3
Parameters: 1 0.00028807 0.000227183 -0.000289929 0.999991 0.00410193 -0.000225812 -0.00410206 0.999991 0.0586436 0.219574 -0.0552281
FixedParameters: 0 0 0

#Transform 59
Transform: AffineTransform_float_3_3
Parameters: 1 9.59228e-05 0.000233446 -9.70798e-05 0.99999 0.00461898 -0.000233554 -0.00461903 0.99999 0.0628814 0.177362 -0.0343441
FixedParameters: 0 0 0

#Transform 60
Transform: AffineTransform_float_3_3
Parameters: 1 -0.000105725 0.000382527 0.000103278 0.99999 0.00450604 -0.000382469 -0.00450596 0.99999 0.0434112 0.213316 -0.0364684
FixedParameters: 0 0 0

#Transform 61
Transform: AffineTransform_float_3_3
Parameters: 1 -1.48587e-05 0.00017593 1.41409e-05 0.999988 0.00488 -0.000176071 -0.00488 0.999988 0.0535543 0.202045 -0.0373712
FixedParameters: 0 0 0

#Transform 62
Transform: AffineTransform_float_3_3
Parameters: 1 0.000112139 0.00017655 -0.000112859 0.999988 0.00488698 -0.000175451 -0.00488702 0.999988 0.0654073 0.168102 -0.0119639
FixedParameters: 0 0 0

#Transform 63
Transform: AffineTransform_float_3_3
Parameters: 1 -0.000202023 0.000439075 0.000199978 0.99999 0.00460209 -0.000439925 -0.00460191 0.99999 0.0466779 0.226322 -0.00413288
FixedParameters: 0 0 0

#Transform 64
Transform: AffineTransform_float_3_3
Parameters: 1 -0.000136285 0.000475351 0.000134717 0.999989 0.00480307 -0.000475653 -0.00480294 0.999989 0.049744 0.215085 -0.0154213
FixedParameters: 0 0 0

#Transform 65
Transform: AffineTransform_float_3_3
Parameters: 1 -2.83838e-05 0.000302873 2.66156e-05 0.999989 0.004568 -0.000303125 -0.00456799 0.999989 0.0682214 0.219519 -0.0211012
FixedParameters: 0 0 0

#Transform 66
Transform: AffineTransform_float_3_3
Parameters: 1 -0.000117656 0.000391506 0.000115346 0.999991 0.00422805 -0.000391491 -0.00422795 0.999991 0.0568263 0.239257 -0.0324023
FixedParameters: 0 0 0

#Transform 67
Transform: AffineTransform_float_3_3
Parameters: 1 3.39768e-05 5.15529e-06 -3.4027e-05 0.999989 0.004569 -5.84459e-06 -0.004569 0.999989 0.0667 0.228375 -0.0122072
FixedParameters: 0 0 0

#Transform 68
Transform: AffineTransform_float_3_3
Parameters: 1 0.000157158 0.000176752 -0.000157838 0.999988 0.00477097 -0.000175249 -0.00477102 0.999988 0.0697795 0.199164 -0.0135222
FixedParameters: 0 0 0

#Transform 69
Transform: AffineTransform_float_3_3
Parameters: 1 0.000187163 0.000176889 -0.000187837 0.999988 0.00474196 -0.000176111 -0.00474203 0.999988 0.0665906 0.20574 -0.0159841
FixedParameters: 0 0 0

#Transform 70
Transform: AffineTransform_float_3_3
Parameters: 1 7.93112e-06 0.000235038 -9.06869e-06 0.999989 0.00454799 -0.000234961 -0.004548 0.999989 0.0608259 0.228682 -0.0420588
FixedParameters: 0 0 0

#Transform 71
Transform: AffineTransform_float_3_3
Parameters: 1 3.41823e-05 0.000176161 -3.48172e-05 0.999989 0.004645 -0.00017584 -0.00464401 0.999989 0.0583568 0.204849 -0.0405099
FixedParameters: 0 0 0

#Transform 72
Transform: AffineTransform_float_3_3
Parameters: 1 3.72703e-05 0.000176156 -3.7729e-05 0.999992 0.004144 -0.000175845 -0.00414401 0.999992 0.0623594 0.234542 -0.0491365
FixedParameters: 0 0 0

#Transform 73
Transform: AffineTransform_float_3_3
Parameters: 1 -2.08194e-05 0.000175905 2.01801e-05 0.999989 0.00465701 -0.000176096 -0.004657 0.999989 0.0605918 0.161988 -0.0739928
FixedParameters: 0 0 0

#Transform 74
Transform: AffineTransform_float_3_3
Parameters: 1 -9.22718e-05 0.000567635 9.07267e-05 0.999992 0.00400105 -0.000568367 -0.00400095 0.999992 0.036399 0.25559 -0.0414909
FixedParameters: 0 0 0

#Transform 75
Transform: AffineTransform_float_3_3
Parameters: 1 5.9458e-05 0.000633244 -6.2541e-05 0.999992 0.00401496 -0.000632754 -0.00401504 0.999991 0.0303284 0.24232 -0.0320631
FixedParameters: 0 0 0

#Transform 76
Transform: AffineTransform_float_3_3
Parameters: 1 0.00042413 -2.5953e-05 -0.00042387 0.999989 0.00482701 2.80464e-05 -0.00482699 0.999989 0.0741499 0.200779 -0.0138167
FixedParameters: 0 0 0

#Transform 77
Transform: AffineTransform_float_3_3
Parameters: 1 0.000306563 -0.00012159 -0.000305435 0.99999 0.00460304 0.000123407 -0.00460297 0.99999 0.0769186 0.191421 0.00489684
FixedParameters: 0 0 0

#Transform 78
Transform: AffineTransform_float_3_3
Parameters: 1 0.000344991 2.6377e-06 -0.00034501 0.999988 0.004747 -1.36225e-06 -0.004747 0.999988 0.070644 0.205549 -0.00136621
FixedParameters: 0 0 0

#Transform 79
Transform: AffineTransform_float_3_3
Parameters: 1 0.000353627 7.47857e-05 -0.000354374 0.999987 0.00504698 -7.32124e-05 -0.00504703 0.999988 0.067426 0.197399 -0.0111527
FixedParameters: 0 0 0

#Transform 80
Transform: AffineTransform_float_3_3
Parameters: 1 0.000265677 6.92513e-05 -0.000265322 0.999989 0.00470698 -6.77519e-05 -0.00470702 0.999989 0.0680197 0.239449 -0.0235842
FixedParameters: 0 0 0

#Transform 81
Transform: AffineTransform_float_3_3
Parameters: 0.999999 -0.000450416 -0.000571841 0.000454585 0.99998 0.00628274 0.000569155 -0.00628326 0.99998 0.0959436 0.198591 -0.0547219
FixedParameters: 0 0 0

#Transform 82
Transform: AffineTransform_float_3_3
Parameters: 0.999998 -0.00202786 -0.000233182 0.00202915 0.999986 0.00501954 0.000223816 -0.00502047 0.999988 0.120085 0.139925 -0.0241814
FixedParameters: 0 0 0

#Transform 83
Transform: AffineTransform_float_3_3
Parameters: 1 8.83726e-05 0.000345682 -9.06298e-05 0.999971 0.00760797 -0.00034532 -0.00760803 0.999971 0.112538 0.0503784 -0.0267634
FixedParameters: 0 0 0

#Transform 84
Transform: AffineTransform_float_3_3
Parameters: 1 0.00012043 0.000209908 -0.000121571 0.999972 0.00749497 -0.000209095 -0.00749502 0.999972 0.0947299 0.0980103 -0.0115555
FixedParameters: 0 0 0

#Transform 85
Transform: AffineTransform_float_3_3
Parameters: 1 2.3681e-06 0.000379025 -4.63173e-06 0.999976 0.006944 -0.000378977 -0.006944 0.999976 0.078689 0.162875 -0.0422401
FixedParameters: 0 0 0

#Transform 86
Transform: AffineTransform_float_3_3
Parameters: 1 0.000125741 0.000163973 -0.000127259 0.999971 0.00769998 -0.000163025 -0.00770003 0.999971 0.0923701 0.126463 -0.0469405
FixedParameters: 0 0 0

#Transform 87
Transform: AffineTransform_float_3_3
Parameters: 1 0.000357426 7.67251e-05 -0.000357576 0.999971 0.00761797 -7.42785e-05 -0.00761703 0.999971 0.094779 0.129019 -0.0421104
FixedParameters: 0 0 0

#Transform 88
Transform: AffineTransform_float_3_3
Parameters: 1 0.000181163 0.000109398 -0.000181834 0.999971 0.00769999 -0.000107603 -0.00770002 0.999971 0.0792946 0.123581 -0.0557531
FixedParameters: 0 0 0

#Transform 89
Transform: AffineTransform_float_3_3
Parameters: 1 2.72083e-05 0.000327244 -2.97896e-05 0.999963 0.00853398 -0.000326758 -0.008534 0.999963 0.0734426 0.110509 -0.0518917
FixedParameters: 0 0 0

#Transform 90
Transform: AffineTransform_float_3_3
Parameters: 1 0.000279101 0.000502187 -0.000282905 0.999969 0.00778085 -0.000500814 -0.00778114 0.999969 0.0629508 0.118837 -0.0388858
FixedParameters: 0 0 0

#Transform 91
Transform: AffineTransform_float_3_3
Parameters: 1 0.000278282 0.000502079 -0.000281718 0.999973 0.00742087 -0.000499923 -0.00742115 0.999973 0.0676948 0.135069 -0.0281491
FixedParameters: 0 0 0

#Transform 92
Transform: AffineTransform_float_3_3
Parameters: 1 0.000415132 0.000503216 -0.000418873 0.99997 0.00770979 -0.000500785 -0.00771021 0.99997 0.0704023 0.146265 -0.0584715
FixedParameters: 0 0 0

#Transform 93
Transform: AffineTransform_float_3_3
Parameters: 1 0.000289086 0.000121203 -0.000289912 0.999971 0.00760897 -0.000118797 -0.00760904 0.999971 0.0902446 0.162975 -0.0120843
FixedParameters: 0 0 0

#Transform 94
Transform: AffineTransform_float_3_3
Parameters: 1 8.57951e-05 0.000279686 -8.82073e-05 0.999969 0.00789297 -0.000279312 -0.00789302 0.999969 0.0809445 0.174096 0.00483234
FixedParameters: 0 0 0

#Transform 95
Transform: AffineTransform_float_3_3
Parameters: 1 9.85839e-05 0.000528842 -0.000103409 0.999965 0.00835695 -0.000527154 -0.00835705 0.999965 0.0763705 0.163439 -0.0419932
FixedParameters: 0 0 0

#Transform 96
Transform: AffineTransform_float_3_3
Parameters: 1 4.79371e-07 0.000526023 -5.52041e-06 0.999963 0.008594 -0.000525972 -0.008594 0.999963 0.0707041 0.128353 -0.0403166
FixedParameters: 0 0 0

#Transform 97
Transform: AffineTransform_float_3_3
Parameters: 1 8.07011e-05 0.000671657 -8.52937e-05 0.999969 0.00789294 -0.000670347 -0.00789305 0.999968 0.0642152 0.149267 -0.0339791
FixedParameters: 0 0 0

#Transform 98
Transform: AffineTransform_float_3_3
Parameters: 1 5.87225e-05 0.000538484 -6.32736e-05 0.999969 0.00794697 -0.000537514 -0.00794704 0.999969 0.0689826 0.172009 -0.0438818
FixedParameters: 0 0 0

#Transform 99
Transform: AffineTransform_float_3_3
Parameters: 1 -3.78225e-07 0.000671018 -5.37806e-06 0.999968 0.00801499 -0.000670978 -0.008015 0.999967 0.0688627 0.160346 -0.030387
FixedParameters: 0 0 0

#Transform 100
Transform: AffineTransform_float_3_3
Parameters: 1 0.00012044 0.00067202 -0.000125559 0.999965 0.00827892 -0.000670984 -0.00827908 0.999966 0.0603021 0.147559 -0.0487753
FixedParameters: 0 0 0

#Transform 101
Transform: AffineTransform_float_3_3
Parameters: 1 0.000102726 0.000393869 -0.000106267 0.999966 0.00832196 -0.000392129 -0.00832205 0.999966 0.075072 0.147434 -0.0327745
FixedParameters: 0 0 0

#Transform 102
Transform: AffineTransform_float_3_3
Parameters: 1 0.00017228 0.000579424 -0.000176716 0.999966 0.00815489 -0.000577578 -0.0081551 0.999966 0.0851747 0.18061 -0.0347
FixedParameters: 0 0 0

#Transform 103
Transform: AffineTransform_float_3_3
Parameters: 1 0.000170304 0.000319452 -0.000172692 0.999964 0.00845895 -0.000317551 -0.00845906 0.999964 0.0885775 0.160783 -0.0535361
FixedParameters: 0 0 0

#Transform 104
Transform: AffineTransform_float_3_3
Parameters: 1 4.15602e-06 0.000100039 -4.84366e-06 0.999965 0.00843801 -9.99627e-05 -0.00843801 0.999965 0.0984335 0.156747 -0.0204961
FixedParameters: 0 0 0

#Transform 105
Transform: AffineTransform_float_3_3
Parameters: 1 1.4565e-07 0.00061502 -4.85419e-06 0.999969 0.00789299 -0.000614981 -0.007893 0.999968 0.0757203 0.219699 -0.064583
FixedParameters: 0 0 0

#Transform 106
Transform: AffineTransform_float_3_3
Parameters: 1 0.000385541 0.000162506 -0.000387463 0.999958 0.00907593 -0.00015949 -0.00907606 0.999959 0.117468 0.198375 -0.16711
FixedParameters: 0 0 0

#Transform 107
Transform: AffineTransform_float_3_3
Parameters: 1 2.53771e-07 0.000522024 -5.74598e-06 0.999958 0.00909199 -0.000521969 -0.00909199 0.999958 0.093627 0.158858 -0.108539
FixedParameters: 0 0 0

#Transform 108
Transform: AffineTransform_float_3_3
Parameters: 0.999999 -1.46811e-06 0.000737015 -5.46795e-06 0.999962 0.008776 -0.00073698 -0.00877601 0.999961 0.0939569 0.184096 -0.112877
FixedParameters: 0 0 0

#Transform 109
Transform: AffineTransform_float_3_3
Parameters: 1 5.03894e-07 0.000520023 -5.49588e-06 0.999962 0.00864599 -0.000519972 -0.00864599 0.999962 0.0879347 0.200989 -0.0964566
FixedParameters: 0 0 0

#Transform 110
Transform: AffineTransform_float_3_3
Parameters: 1 3.54335e-06 0.000159039 -5.45627e-06 0.999958 0.00916 -0.000158957 -0.00916 0.999958 0.0973966 0.131194 -0.0504164
FixedParameters: 0 0 0

#Transform 111
Transform: AffineTransform_float_3_3
Parameters: 1 -0.000176079 0.00022237 0.000173915 0.999956 0.00931403 -0.000224629 -0.00931395 0.999956 0.084708 0.131172 -0.0181953
FixedParameters: 0 0 0

#Transform 112
Transform: AffineTransform_float_3_3
Parameters: 1 -0.000208909 0.00020911 0.000207092 0.999958 0.00908604 -0.00021089 -0.00908595 0.999958 0.07571 0.13178 -0.0251855
FixedParameters: 0 0 0

#Transform 113
Transform: AffineTransform_float_3_3
Parameters: 1 -8.66678e-05 0.000292222 8.33343e-05 0.999959 0.00911703 -0.000292772 -0.00911698 0.999959 0.0783301 0.144389 -0.0458543
FixedParameters: 0 0 0

#Transform 114
Transform: AffineTransform_float_3_3
Parameters: 1 -0.000217824 0.000401951 0.000214175 0.999955 0.00949009 -0.000404051 -0.00948991 0.999955 0.0746291 0.126801 -0.0421594
FixedParameters: 0 0 0

#Transform 115
Transform: AffineTransform_float_3_3
Parameters: 1 4.50068e-06 0.000159049 -6.49883e-06 0.999955 0.00942799 -0.000158946 -0.00942799 0.999955 0.0878193 0.106025 -0.0259142
FixedParameters: 0 0 0

#Transform 116
Transform: AffineTransform_float_3_3
Parameters: 1 -0.000298078 0.000332264 0.000294924 0.999958 0.00922611 -0.000334735 -0.00922591 0.999958 0.0815902 0.159587 -0.0423083
FixedParameters: 0 0 0

#Transform 117
Transform: AffineTransform_float_3_3
Parameters: 1 -0.00045603 0.000413599 0.000451966 0.999953 0.00969319 -0.0004184 -0.00969281 0.999953 0.0758581 0.134557 -0.0214061
FixedParameters: 0 0 0

#Transform 118
Transform: AffineTransform_float_3_3
Parameters: 1 -0.000482461 0.00015451 0.000480535 0.999957 0.00932008 -0.000159485 -0.00931992 0.999956 0.0897419 0.120657 0.0106604
FixedParameters: 0 0 0

#Transform 119
Transform: AffineTransform_float_3_3
Parameters: 1 -0.000628459 0.000153133 0.000627543 0.999956 0.0093461 -0.000158872 -0.00934591 0.999957 0.0942966 0.137688 0.000770789
FixedParameters: 0 0 0

#Transform 120
Transform: AffineTransform_float_3_3
Parameters: 1 -0.000439247 0.000439799 0.000435751 0.999953 0.00961019 -0.000444208 -0.0096098 0.999953 0.0792238 0.121869 -0.00551101
FixedParameters: 0 0 0

#Transform 121
Transform: AffineTransform_float_3_3
Parameters: 1 -0.000559319 0.000346701 0.000555677 0.999954 0.00950219 -0.000352296 -0.0095018 0.999955 0.0803467 0.112518 0.00923991
FixedParameters: 0 0 0

#Transform 122
Transform: AffineTransform_float_3_3
Parameters: 1 -9.5461e-05 0.000164159 9.35315e-05 0.99996 0.00887701 -0.000165837 -0.00887698 0.99996 0.100989 0.127289 0.0663622
FixedParameters: 0 0 0

#Transform 123
Transform: AffineTransform_float_3_3
Parameters: 1 -4.39865e-05 0.000229628 4.20102e-05 0.999962 0.008644 -0.000230372 -0.00864398 0.999962 0.106286 0.13416 0.0797177
FixedParameters: 0 0 0

#Transform 124
Transform: AffineTransform_float_3_3
Parameters: 1 -3.14968e-05 5.4717e-05 3.05098e-05 0.999959 0.009055 -5.42785e-05 -0.009055 0.999959 0.111387 0.121831 0.0910448
FixedParameters: 0 0 0

#Transform 125
Transform: AffineTransform_float_3_3
Parameters: 1 -0.000238988 0.000105796 0.00023801 0.999958 0.00924203 -0.000108204 -0.00924198 0.999958 0.0993322 0.0920846 0.0968568
FixedParameters: 0 0 0

#Transform 126
Transform: AffineTransform_float_3_3
Parameters: 1 -6.75748e-06 -0.000134068 8.24188e-06 0.999957 0.00927 0.000133929 -0.00927 0.999957 0.118295 0.126203 0.0670515
FixedParameters: 0 0 0

#Transform 127
Transform: AffineTransform_float_3_3
Parameters: 1 2.64137e-05 -4.27472e-05 -2.55839e-05 0.999954 0.00964801 4.32489e-05 -0.00964801 0.999954 0.119882 0.113874 0.0519123
FixedParameters: 0 0 0

#Transform 128
Transform: AffineTransform_float_3_3
Parameters: 1 -0.000259868 -0.000125375 0.000261129 0.999959 0.00911798 0.000122624 -0.00911804 0.999959 0.114485 0.141969 0.0124291
FixedParameters: 0 0 0

#Transform 129
Transform: AffineTransform_float_3_3
Parameters: 1 0.000222219 -0.000129937 -0.00022079 0.999956 0.00930802 0.000131061 -0.00930796 0.999956 0.142186 0.174454 -0.0289489
FixedParameters: 0 0 0

#Transform 130
Transform: AffineTransform_float_3_3
Parameters: 1 -0.000255662 0.000166476 0.000254343 0.999951 0.00990604 -0.000168528 -0.00990596 0.999951 0.113191 0.135201 0.00246373
FixedParameters: 0 0 0

#Transform 131
Transform: AffineTransform_float_3_3
Parameters: 1 0.000141513 -0.000264671 -0.000138484 0.999955 0.00947204 0.000266324 -0.00947196 0.999955 0.145739 0.149981 0.0237392
FixedParameters: 0 0 0

#Transform 132
Transform: AffineTransform_float_3_3
Parameters: 1 -0.000256292 0.000232498 0.000254703 0.999952 0.00980406 -0.000235508 -0.00980394 0.999952 0.113135 0.154288 0.00836294
FixedParameters: 0 0 0

#Transform 133
Transform: AffineTransform_float_3_3
Parameters: 1 1.50465e-05 -0.000203859 -1.29521e-05 0.999949 0.010035 0.00020414 -0.010035 0.999949 0.15366 0.110962 0.00959598
FixedParameters: 0 0 0

#Transform 134
Transform: AffineTransform_float_3_3
Parameters: 1 -9.69691e-05 9.80509e-05 9.60313e-05 0.999951 0.009836 -9.89493e-05 -0.00983598 0.999951 0.11409 0.131512 0.0301228
FixedParameters: 0 0 0

#Transform 135
Transform: AffineTransform_float_3_3
Parameters: 1 -0.000256564 0.000260499 0.00025444 0.999952 0.00979707 -0.000262505 -0.00979693 0.999952 0.108908 0.137368 0.0103131
FixedParameters: 0 0 0

#Transform 136
Transform: AffineTransform_float_3_3
Parameters: 1 -0.000109564 0.000552927 0.000104436 0.99995 0.0100521 -0.000554078 -0.0100519 0.99995 0.0844968 0.152061 -0.000926111
FixedParameters: 0 0 0

#Transform 137
Transform: AffineTransform_float_3_3
Parameters: 1 -0.000256631 0.000260434 0.000254374 0.99995 0.0100511 -0.00026257 -0.0100509 0.99995 0.0962135 0.13927 0.01306
FixedParameters: 0 0 0

#Transform 138
Transform: AffineTransform_float_3_3
Parameters: 1 -0.000256552 0.000260511 0.000254453 0.999953 0.00975008 -0.000262493 -0.00974994 0.999953 0.0909502 0.154562 -0.000299407
FixedParameters: 0 0 0

#Transform 139
Transform: AffineTransform_float_3_3
Parameters: 1 2.98458e-05 1.53044e-05 -3.01511e-05 0.999948 0.010174 -1.4694e-05 -0.010174 0.999948 0.108024 0.115669 0.0356844
FixedParameters: 0 0 0

#Transform 140
Transform: AffineTransform_float_3_3
Parameters: 1 0.000187115 -0.000213162 -0.000184887 0.999951 0.00987904 0.000214837 -0.00987896 0.999951 0.120954 0.184751 -0.013189
FixedParameters: 0 0 0

#Transform 141
Transform: AffineTransform_float_3_3
Parameters: 1 0.000311382 -0.000125627 -0.000309614 0.999941 0.010856 0.000129369 -0.010856 0.999941 0.119331 0.0903994 0.0321244
FixedParameters: 0 0 0

#Transform 142
Transform: AffineTransform_float_3_3
Parameters: 1 0.000308612 0.000126442 -0.000310383 0.999938 0.011129 -0.000122553 -0.011129 0.999938 0.109299 0.116723 -0.002316
FixedParameters: 0 0 0

#Transform 143
Transform: AffineTransform_float_3_3
Parameters: 1 0.000159625 0.000115917 -0.000160363 0.999928 0.011956 -0.000113091 -0.011956 0.999928 0.112083 0.0805109 0.00618984
FixedParameters: 0 0 0

#Transform 144
Transform: AffineTransform_float_3_3
Parameters: 1 -0.000283376 0.000404973 0.000278623 0.999942 0.0107661 -0.000408023 -0.0107659 0.999942 0.0909162 0.127465 0.0224905
FixedParameters: 0 0 0

#Transform 145
Transform: AffineTransform_float_3_3
Parameters: 1 -0.000284832 0.00049066 0.000278164 0.99993 0.0118451 -0.00049433 -0.0118459 0.999929 0.0885177 0.0642447 0.0196683
FixedParameters: 0 0 0

#Transform 146
Transform: AffineTransform_float_3_3
Parameters: 1 -0.000286886 0.000621419 0.000279119 0.99992 0.0126532 -0.000624582 -0.0126538 0.999919 0.0835512 0.0768174 0.0170674
FixedParameters: 0 0 0

#Transform 147
Transform: AffineTransform_float_3_3
Parameters: 0.999999 -0.000289721 0.000845401 0.000278272 0.99992 0.0126532 -0.000849589 -0.0126538 0.999919 0.0668356 0.0684812 -0.00267564
FixedParameters: 0 0 0

#Transform 148
Transform: AffineTransform_float_3_3
Parameters: 1 -0.000591697 0.000841581 0.000581299 0.99992 0.0126535 -0.000849424 -0.0126535 0.999919 0.0772083 0.0612648 -0.00694531
FixedParameters: 0 0 0

#Transform 149
Transform: AffineTransform_float_3_3
Parameters: 1 -0.000579278 0.000842021 0.000568723 0.999926 0.0121555 -0.000848976 -0.0121545 0.999926 0.0731684 0.0728739 0.00315437
FixedParameters: 0 0 0

#Transform 150
Transform: AffineTransform_float_3_3
Parameters: 1 -0.000518895 0.000842989 0.000509105 0.999932 0.0116964 -0.000849013 -0.0116956 0.999931 0.0750094 0.0982051 -0.00284806
FixedParameters: 0 0 0

#Transform 151
Transform: AffineTransform_float_3_3
Parameters: 1 -0.000597008 0.000841993 0.000586993 0.99993 0.0118355 -0.000849007 -0.0118355 0.999929 0.0784093 0.0903289 0.00608386
FixedParameters: 0 0 0

#Transform 152
Transform: AffineTransform_float_3_3
Parameters: 0.999999 -0.000467681 0.000843706 0.000458316 0.999935 0.0114374 -0.000849297 -0.0114376 0.999934 0.0782621 0.126349 0.0130798
FixedParameters: 0 0 0

#Transform 153
Transform: AffineTransform_float_3_3
Parameters: 0.999999 -0.000575068 0.0012618 0.00055893 0.999919 0.0126977 -0.0012692 -0.0126973 0.999919 0.0431076 0.0449917 0.0124066
FixedParameters: 0 0 0

#Transform 154
Transform: AffineTransform_float_3_3
Parameters: 0.999999 -0.000564221 0.00126733 0.000548771 0.999928 0.0119787 -0.00127467 -0.0119783 0.999928 0.0419621 0.148773 0.00638575
FixedParameters: 0 0 0

#Transform 155
Transform: AffineTransform_float_3_3
Parameters: 0.999999 -0.000609432 0.00171688 0.000588567 0.99993 0.011876 -0.00172411 -0.011875 0.999928 0.0331641 0.163602 0.0500813
FixedParameters: 0 0 0

#Transform 156
Transform: AffineTransform_float_3_3
Parameters: 0.999999 -0.000622931 0.00143678 0.000606066 0.99993 0.0117549 -0.00144422 -0.0117541 0.99993 0.0434372 0.141009 0.056523
FixedParameters: 0 0 0

#Transform 157
Transform: AffineTransform_float_3_3
Parameters: 0.999999 -0.000578378 0.00160148 0.000560629 0.999935 0.0114519 -0.00160753 -0.0114511 0.999933 0.0249311 0.189579 0.0211875
FixedParameters: 0 0 0

#Transform 158
Transform: AffineTransform_float_3_3
Parameters: 0.999998 -0.00045982 0.00193572 0.000437177 0.99993 0.0117729 -0.00194128 -0.0117721 0.999929 0.00833334 0.11864 0.0322715
FixedParameters: 0 0 0

#Transform 159
Transform: AffineTransform_float_3_3
Parameters: 0.999998 -0.000599557 0.00193445 0.000577448 0.999938 0.0111251 -0.00194054 -0.0111239 0.999936 0.0109236 0.213838 0.0289526
FixedParameters: 0 0 0

#Transform 160
Transform: AffineTransform_float_3_3
Parameters: 0.999998 -0.000595882 0.00193439 0.000574122 0.999936 0.0112931 -0.00194061 -0.0112919 0.999935 0.00974854 0.196575 0.0326156
FixedParameters: 0 0 0

#Transform 161
Transform: AffineTransform_float_3_3
Parameters: 0.999999 -0.000304097 0.0017538 0.000284911 0.999941 0.0108795 -0.0017562 -0.0108785 0.99994 0.0340016 0.212891 0.0426264
FixedParameters: 0 0 0

#Transform 162
Transform: AffineTransform_float_3_3
Parameters: 0.999999 -0.000164694 0.00131324 0.000150309 0.999938 0.0111812 -0.00131476 -0.0111808 0.999936 0.0491663 0.154934 0.066218
FixedParameters: 0 0 0

#Transform 163
Transform: AffineTransform_float_3_3
Parameters: 0.999999 -0.000331672 0.00148638 0.000315331 0.999937 0.0112035 -0.00148963 -0.0112025 0.999936 0.0441912 0.182756 0.0388733
FixedParameters: 0 0 0

#Transform 164
Transform: AffineTransform_float_3_3
Parameters: 0.999999 -0.000166716 0.00143516 0.000150285 0.999932 0.0116402 -0.00143685 -0.0116398 0.999931 0.0563384 0.159736 0.041523
FixedParameters: 0 0 0

#Transform 165
Transform: AffineTransform_float_3_3
Parameters: 0.999999 -0.000322964 0.00136632 0.000307039 0.999932 0.0116684 -0.00136968 -0.0116676 0.999931 0.0537695 0.17519 0.0354208
FixedParameters: 0 0 0

#Transform 166
Transform: AffineTransform_float_3_3
Parameters: 0.999999 -0.000164996 0.0013132 0.000150006 0.999935 0.0114112 -0.0013148 -0.0114108 0.999934 0.0653277 0.202436 0.00804762
FixedParameters: 0 0 0

#Transform 167
Transform: AffineTransform_float_3_3
Parameters: 0.999999 -0.000165193 0.00131318 0.000149811 0.999933 0.0115602 -0.00131482 -0.0115608 0.999933 0.0601688 0.18057 0.0360681
FixedParameters: 0 0 0

#Transform 168
Transform: AffineTransform_float_3_3
Parameters: 0.999998 -0.000169894 0.00173517 0.000150109 0.999935 0.0114583 -0.00173683 -0.0114587 0.999933 0.0376595 0.183495 0.0435205
FixedParameters: 0 0 0

#Transform 169
Transform: AffineTransform_float_3_3
Parameters: 0.999999 -0.000165807 0.00142625 0.000150197 0.999938 0.0110752 -0.00142775 -0.0110758 0.999937 0.0445145 0.225974 0.0303955
FixedParameters: 0 0 0

#Transform 170
Transform: AffineTransform_float_3_3
Parameters: 0.999999 -7.22304e-05 0.00131425 5.67724e-05 0.999933 0.0115851 -0.00131475 -0.0115849 0.999932 0.0522751 0.211903 0.036036
FixedParameters: 0 0 0

#Transform 171
Transform: AffineTransform_float_3_3
Parameters: 0.999999 1.11694e-05 0.00155623 -2.88394e-05 0.999935 0.011458 -0.00155677 -0.011458 0.999933 0.0428922 0.196006 0.0606218
FixedParameters: 0 0 0

#Transform 172
Transform: AffineTransform_float_3_3
Parameters: 0.999999 6.29902e-05 0.00180481 -8.30117e-05 0.999938 0.0110889 -0.00180419 -0.0110891 0.999937 0.0366173 0.21915 0.0577389
FixedParameters: 0 0 0

#Transform 173
Transform: AffineTransform_float_3_3
Parameters: 0.999998 -2.98186e-05 0.00166176 9.17855e-06 0.999929 0.011925 -0.00166223 -0.011925 0.999927 0.0375589 0.17492 0.0554041
FixedParameters: 0 0 0

#Transform 174
Transform: AffineTransform_float_3_3
Parameters: 0.999999 1.36517e-05 0.00131523 -2.73458e-05 0.99994 0.01091 -0.00131478 -0.01091 0.999939 0.0549303 0.228055 0.0692524
FixedParameters: 0 0 0

#Transform 175
Transform: AffineTransform_float_3_3
Parameters: 0.999999 7.91384e-05 0.00131598 -9.38631e-05 0.999936 0.0112979 -0.00131502 -0.0112971 0.999936 0.0643405 0.217608 0.0813514
FixedParameters: 0 0 0

#Transform 176
Transform: AffineTransform_float_3_3
Parameters: 0.999999 0.000216439 0.00139467 -0.000232552 0.99993 0.0118847 -0.00139133 -0.0118853 0.999929 0.072216 0.180147 0.0626602
FixedParameters: 0 0 0

#Transform 177
Transform: AffineTransform_float_3_3
Parameters: 0.999999 0.000223621 0.00144779 -0.000241381 0.999928 0.0120147 -0.0014452 -0.0120153 0.999927 0.0642688 0.188699 0.0671144
FixedParameters: 0 0 0

#Transform 178
Transform: AffineTransform_float_3_3
Parameters: 0.999999 0.000178128 0.0013171 -0.000192871 0.999936 0.0112998 -0.00131491 -0.0113002 0.999936 0.0721707 0.244833 0.0481798
FixedParameters: 0 0 0

#Transform 179
Transform: AffineTransform_float_3_3
Parameters: 0.999999 0.000259874 0.00136018 -0.000276123 0.99993 0.0118686 -0.00135682 -0.0118694 0.999928 0.074967 0.185137 0.0777995
FixedParameters: 0 0 0

#Transform 180
Transform: AffineTransform_float_3_3
Parameters: 0.999998 0.000379289 0.00166836 -0.000398718 0.999937 0.0112293 -0.00166463 -0.0112296 0.999935 0.0582126 0.233243 0.057741
FixedParameters: 0 0 0

#Transform 181
Transform: AffineTransform_float_3_3
Parameters: 0.999999 0.000381971 0.0013925 -0.000398034 0.999934 0.0115285 -0.0013885 -0.0115295 0.999932 0.0812503 0.219557 0.0689939
FixedParameters: 0 0 0

#Transform 182
Transform: AffineTransform_float_3_3
Parameters: 0.999998 0.000378886 0.00153784 -0.000398117 0.999923 0.0124484 -0.00153316 -0.0124486 0.999922 0.0751347 0.1791 0.0696257
FixedParameters: 0 0 0

#Transform 183
Transform: AffineTransform_float_3_3
Parameters: 0.999999 0.000377295 0.00173164 -0.00039871 0.999929 0.0119723 -0.00172735 -0.0119727 0.999927 0.0629473 0.198845 0.0653923
FixedParameters: 0 0 0

#Transform 184
Transform: AffineTransform_float_3_3
Parameters: 0.999999 0.00029136 0.0017306 -0.000311644 0.999928 0.0119375 -0.0017274 -0.0119385 0.999927 0.0530702 0.214766 0.0554933
FixedParameters: 0 0 0

#Transform 185
Transform: AffineTransform_float_3_3
Parameters: 0.999999 0.000377032 0.0017317 -0.000397973 0.999927 0.0121243 -0.0017273 -0.0121247 0.999925 0.0550044 0.185161 0.083075
FixedParameters: 0 0 0

#Transform 186
Transform: AffineTransform_float_3_3
Parameters: 0.999999 0.000320924 0.00173084 -0.000341078 0.999932 0.0116114 -0.00172716 -0.0116116 0.999931 0.0500294 0.228534 0.0953017
FixedParameters: 0 0 0

#Transform 187
Transform: AffineTransform_float_3_3
Parameters: 0.999999 0.000436176 0.00173211 -0.000455835 0.999934 0.0114612 -0.00172789 -0.0114618 0.999933 0.0520557 0.235638 0.0862559
FixedParameters: 0 0 0

#Transform 188
Transform: AffineTransform_float_3_3
Parameters: 0.999999 0.000377533 0.00173159 -0.000398473 0.99993 0.0118353 -0.00172741 -0.0118357 0.999929 0.0477383 0.233139 0.0882121
FixedParameters: 0 0 0

#Transform 189
Transform: AffineTransform_float_3_3
Parameters: 0.999999 0.000377301 0.00173164 -0.000398705 0.999929 0.0119693 -0.00172735 -0.0119697 0.999927 0.047261 0.217266 0.100953
FixedParameters: 0 0 0

#Transform 190
Transform: AffineTransform_float_3_3
Parameters: 0.999999 0.00037729 0.00173164 -0.000398715 0.999928 0.0119753 -0.00172735 -0.0119757 0.999927 0.0512275 0.21675 0.0828115
FixedParameters: 0 0 0

#Transform 191
Transform: AffineTransform_float_3_3
