#Insight Transform File V1.0
#Transform 0
Transform: AffineTransform_float_3_3
Parameters: 1 3.276e-09 -0.000273 3.276e-09 1 1.2e-05 0.000273 -1.2e-05 1 0.00757089 0.000160312 0.432503
FixedParameters: 0 0 0

#Transform 1
Transform: AffineTransform_float_3_3
Parameters: 1 0.000241 -1.98843e-06 -0.000241 1 4.80005e-05 2.01157e-06 -4.79995e-05 1 -0.00625516 -0.0098223 -0.0644654
FixedParameters: 0 0 0

#Transform 2
Transform: AffineTransform_float_3_3
Parameters: 1 0.000298057 0.000141881 -0.000297943 1 -0.000399042 -0.000142119 0.000398958 1 0.00688873 -0.0292554 -0.0127522
FixedParameters: 0 0 0

#Transform 3
Transform: AffineTransform_float_3_3
Parameters: 0.999999 0.00064729 0.000395526 -0.00064671 1 -0.000732256 -0.000396474 0.000732744 0.999999 0.0267722 -0.0397885 -0.00411207
FixedParameters: 0 0 0

#Transform 4
Transform: AffineTransform_float_3_3
Parameters: 1 0.000866788 0.000798063 -0.000864213 0.999997 -0.00223769 -0.000799935 0.00223631 0.999997 0.0271668 -0.0645472 0.158642
FixedParameters: 0 0 0

#Transform 5
Transform: AffineTransform_float_3_3
Parameters: 0.999999 0.00142 0.000683867 -0.001418 0.999995 -0.00291297 -0.000688132 0.00291202 0.999995 0.0369224 -0.112501 0.162783
FixedParameters: 0 0 0

#Transform 6
Transform: AffineTransform_float_3_3
Parameters: 0.999999 0.00139711 0.000198209 -0.00139689 0.999999 -0.000566277 -0.000198792 0.000566723 1 0.0098903 -0.0410786 0.0133896
FixedParameters: 0 0 0

#Transform 7
Transform: AffineTransform_float_3_3
Parameters: 0.999999 0.0014533 0.000489113 -0.0014527 0.999999 -0.000610711 -0.000489887 0.000610288 0.999999 0.0238489 -0.0825682 0.0091142
FixedParameters: 0 0 0

#Transform 8
Transform: AffineTransform_float_3_3
Parameters: 1 0.00105997 0.000530061 -0.00106003 0.999999 5.74381e-05 -0.000529938 -5.85617e-05 1 0.0474937 -0.0177611 -0.00352436
FixedParameters: 0 0 0

#Transform 9
Transform: AffineTransform_float_3_3
Parameters: 1 0.000304987 0.000337012 -0.000305013 1 3.78972e-05 -0.000336988 -3.81028e-05 1 0.043406 0.00320177 -0.00653325
FixedParameters: 0 0 0

#Transform 10
Transform: AffineTransform_float_3_3
Parameters: 1 0.000243988 0.000129023 -0.000244012 1 9.59685e-05 -0.000128977 -9.60315e-05 1 0.0181787 0.00541249 -0.00430578
FixedParameters: 0 0 0

#Transform 11
Transform: AffineTransform_float_3_3
Parameters: 1 0.000243918 0.000416048 -0.000244082 1 0.000197898 -0.000415952 -0.000198101 1 0.0182189 -0.00678416 -0.0232089
FixedParameters: 0 0 0

#Transform 12
Transform: AffineTransform_float_3_3
Parameters: 1 0.000244002 6.79919e-05 -0.000243998 1 -3.30166e-05 -6.8008e-05 3.29834e-05 1 0.0107782 -0.0194835 -0.0107377
FixedParameters: 0 0 0

#Transform 13
Transform: AffineTransform_float_3_3
Parameters: 1 0.000243947 0.000232056 -0.000244053 1 0.000228943 -0.000231944 -0.000229057 1 0.0178474 -0.0157568 -0.0208383
FixedParameters: 0 0 0

#Transform 14
Transform: AffineTransform_float_3_3
Parameters: 1 2.89844e-05 5.30085e-05 -2.90156e-05 1 0.000293998 -5.29915e-05 -0.000294002 1 0.0161428 0.00158843 -0.0101593
FixedParameters: 0 0 0

#Transform 15
Transform: AffineTransform_float_3_3
Parameters: 1 0.000171987 5.70406e-05 -0.000172014 1 0.00023599 -5.79594e-05 -0.00023601 1 0.012935 -0.00694663 -0.0146154
FixedParameters: 0 0 0

#Transform 16
Transform: AffineTransform_float_3_3
Parameters: 1 6.89401e-05 0.000281015 -6.90598e-05 1 0.000212981 -0.000280985 -0.000213019 1 0.0151048 -0.0278082 -0.0252485
FixedParameters: 0 0 0

#Transform 17
Transform: AffineTransform_float_3_3
Parameters: 1 0.000184957 0.000166047 -0.000185042 1 0.000255969 -0.000165953 -0.000256031 1 0.0167274 -0.00976775 -0.0116881
FixedParameters: 0 0 0

#Transform 18
Transform: AffineTransform_float_3_3
Parameters: 1 6.29834e-05 0.000147007 -6.30166e-05 1 0.000112991 -0.000146993 -0.000113009 1 0.0122924 0.0130468 -0.0105474
FixedParameters: 0 0 0

#Transform 19
Transform: AffineTransform_float_3_3
Parameters: 1 0.000154992 3.10386e-05 -0.000155008 1 0.000248995 -3.09614e-05 -0.000249005 1 0.00568344 -0.00843087 -0.0104098
FixedParameters: 0 0 0

#Transform 20
Transform: AffineTransform_float_3_3
Parameters: 1 -7.19389e-05 0.000291015 7.10611e-05 1 -0.000209979 -0.000290985 0.000210021 1 0.0206984 -0.10174 -0.00850097
FixedParameters: 0 0 0

#Transform 21
Transform: AffineTransform_float_3_3
Parameters: 1 0.00012425 0.00034491 -0.00012475 0.999999 -0.000725043 -0.00034509 0.000724957 0.999999 0.0148777 0.00868504 -0.0923739
FixedParameters: 0 0 0

#Transform 22
Transform: AffineTransform_float_3_3
Parameters: 1 3.29942e-05 5.70034e-05 -3.30058e-05 1 0.000101998 -5.69966e-05 -0.000102002 1 0.0140945 -0.00541502 -0.00226873
FixedParameters: 0 0 0

#Transform 23
Transform: AffineTransform_float_3_3
Parameters: 1 0.00026202 -0.000117956 -0.00026298 1 0.000166031 0.000118044 -0.000165969 1 0.00953654 -0.0120103 -0.00705882
FixedParameters: 0 0 0

#Transform 24
Transform: AffineTransform_float_3_3
Parameters: 1 0.000233008 -5.49646e-05 -0.000232992 1 0.000152013 5.50354e-05 -0.000151987 1 0.00712511 0.00233533 -0.00354477
FixedParameters: 0 0 0

#Transform 25
Transform: AffineTransform_float_3_3
Parameters: 1 0.00011997 0.000197018 -0.00012003 1 0.000151976 -0.000196982 -0.000152024 1 0.00815615 0.00279744 -0.013849
FixedParameters: 0 0 0

#Transform 26
Transform: AffineTransform_float_3_3
Parameters: 1 0.000211017 -7.49529e-05 -0.000210983 1 0.000223016 7.5047e-05 -0.000222984 1 0.0107106 0.00768391 -0.00182857
FixedParameters: 0 0 0

#Transform 27
Transform: AffineTransform_float_3_3
Parameters: 1 0.00011404 -5.3915e-05 -0.00011396 0.999999 0.000745006 5.40849e-05 -0.000744993 0.999999 0.00956994 0.00511471 0.000574222
FixedParameters: 0 0 0

#Transform 28
Transform: AffineTransform_float_3_3
Parameters: 1 -4.29377e-05 -6.70399e-05 4.30622e-05 0.999999 0.000928996 6.696e-05 -0.000929002 0.999999 0.0156303 -0.0351103 0.00177122
FixedParameters: 0 0 0

#Transform 29
Transform: AffineTransform_float_3_3
Parameters: 1 -0.000265952 -0.000113113 0.000266048 1 0.00042397 0.000112887 -0.00042403 1 0.0126553 -0.00900624 0.000430468
FixedParameters: 0 0 0

#Transform 30
Transform: AffineTransform_float_3_3
Parameters: 1 -0.000169318 -0.000352328 0.000169683 0.999998 0.00193594 0.000352672 -0.00193606 0.999998 0.0126467 -0.0250454 0.0355603
FixedParameters: 0 0 0

#Transform 31
Transform: AffineTransform_float_3_3
Parameters: 1 -0.000309728 -0.000343245 0.000310271 0.999999 0.000790893 0.000342755 -0.000791106 0.999999 0.0266508 0.00560497 -0.0305229
FixedParameters: 0 0 0

#Transform 32
Transform: AffineTransform_float_3_3
Parameters: 1 -0.000248032 -8.79102e-05 0.000248968 1 -0.000362022 8.80901e-05 0.000361978 1 0.00781665 0.0153628 -0.240459
FixedParameters: 0 0 0

#Transform 33
Transform: AffineTransform_float_3_3
Parameters: 1 -0.000242022 -0.000129959 0.000241978 1 -0.000170031 0.000130041 0.000169969 1 0.000582843 0.0312636 -0.237375
FixedParameters: 0 0 0

#Transform 34
Transform: AffineTransform_float_3_3
Parameters: 0.999996 -0.00205614 -0.00225596 0.00205486 0.999998 -0.000507638 0.00225704 0.000502362 0.999998 -0.00930046 0.0135503 -0.250719
FixedParameters: 0 0 0

#Transform 35
Transform: AffineTransform_float_3_3
Parameters: 1 -0.000785797 -0.000929327 0.000785203 1 -0.000857731 0.000930673 0.00085627 0.999999 -0.0058978 -0.0483719 -0.253819
FixedParameters: 0 0 0

#Transform 36
Transform: AffineTransform_float_3_3
Parameters: 1 -8.91199e-05 -0.000396973 8.88801e-05 1 -0.000302035 0.000397027 0.000301965 1 -0.0194191 0.0526234 -0.241449
FixedParameters: 0 0 0

#Transform 37
Transform: AffineTransform_float_3_3
Parameters: 1 -0.000133131 -0.00012386 0.000132869 1 -0.00105302 0.00012414 0.00105298 1 -0.011576 -0.0654007 -0.240821
FixedParameters: 0 0 0

#Transform 38
Transform: AffineTransform_float_3_3
Parameters: 1 -1.60677e-05 -0.000304996 1.59323e-05 1 -0.000222005 0.000305004 0.000221995 1 -0.0181057 0.0483383 -0.244633
FixedParameters: 0 0 0

#Transform 39
Transform: AffineTransform_float_3_3
Parameters: 1 0.000220003 -9.59927e-05 -0.000219997 1 3.30211e-05 9.60073e-05 -3.29789e-05 1 -0.00277586 -0.05852 -0.00378518
FixedParameters: 0 0 0

#Transform 40
Transform: AffineTransform_float_3_3
Parameters: 1 0.000281917 -9.62422e-05 -0.000282082 0.999999 -0.000858972 9.57577e-05 0.000859026 0.999999 -0.00544762 0.0326431 -0.173481
FixedParameters: 0 0 0

#Transform 41
Transform: AffineTransform_float_3_3
Parameters: 1 -0.000359037 -0.000215938 0.000358963 1 -0.000172078 0.000216062 0.000171922 1 0.0108587 0.0338156 -0.212286
FixedParameters: 0 0 0

#Transform 42
Transform: AffineTransform_float_3_3
Parameters: 0.999999 -0.000358816 -0.000719091 0.000359183 1 0.000254742 0.000718908 -0.000255258 0.999999 -0.00946157 0.0297577 -0.237385
FixedParameters: 0 0 0

#Transform 43
Transform: AffineTransform_float_3_3
Parameters: 1 -0.000336612 -0.000613213 0.000337388 0.999999 0.000633793 0.000612786 -0.000633206 0.999999 -0.00543847 0.0498621 -0.25501
FixedParameters: 0 0 0

#Transform 44
Transform: AffineTransform_float_3_3
Parameters: 0.999999 -0.000525962 -0.000520038 0.000526038 1 7.27264e-05 0.000519961 -7.32735e-05 1 0.000446095 -0.0137131 -0.258393
FixedParameters: 0 0 0

#Transform 45
Transform: AffineTransform_float_3_3
Parameters: 0.999999 -0.000792816 -0.000187777 0.000793184 0.999999 0.000979851 0.000187223 -0.000980148 0.999999 0.00945725 0.0504164 -0.241228
FixedParameters: 0 0 0

#Transform 46
Transform: AffineTransform_float_3_3
Parameters: 1 -0.000792194 -0.00056613 0.000792806 0.999998 0.00142555 0.00056487 -0.00142645 0.999999 -0.000573946 0.0571934 -0.242178
FixedParameters: 0 0 0

#Transform 47
Transform: AffineTransform_float_3_3
Parameters: 0.999999 -0.000513382 -0.000555571 0.000513617 0.999999 0.00111172 0.000554429 -0.00111229 0.999999 -0.000796581 0.072183 -0.260209
FixedParameters: 0 0 0

#Transform 48
Transform: AffineTransform_float_3_3
Parameters: 1 -0.000305427 -0.00051534 0.000305573 1 0.00111284 0.00051466 -0.00111316 0.999999 -0.00324775 0.0281461 -0.257761
FixedParameters: 0 0 0

#Transform 49
Transform: AffineTransform_float_3_3
Parameters: 1 -0.000435767 -0.000331307 0.000436233 0.999999 0.000703855 0.000331693 -0.000704144 0.999999 0.00238368 -0.0234921 -0.163234
FixedParameters: 0 0 0

#Transform 50
Transform: AffineTransform_float_3_3
Parameters: 1 -0.000414561 -0.000468389 0.000414439 0.999999 0.000936806 0.000468612 -0.000937194 1 0.0161389 0.0209331 -0.0381459
FixedParameters: 0 0 0

#Transform 51
Transform: AffineTransform_float_3_3
Parameters: 1 -0.000403083 -0.000452817 0.000403917 0.999998 0.00202582 0.000452182 -0.00202618 0.999998 0.0251863 0.0314156 -0.0475164
FixedParameters: 0 0 0

#Transform 52
Transform: AffineTransform_float_3_3
Parameters: 1 -8.52313e-05 -0.000240918 8.47686e-05 0.999999 -0.00096002 0.000241081 0.000959979 0.999999 0.00331536 0.15099 -0.3062
FixedParameters: 0 0 0

#Transform 53
Transform: AffineTransform_float_3_3
Parameters: 0.999999 -0.000371137 -0.000661923 0.000370863 1 -0.000207245 0.000662077 0.000207754 1 -0.00230628 0.0336609 -0.302567
FixedParameters: 0 0 0

#Transform 54
Transform: AffineTransform_float_3_3
Parameters: 1 -0.000231232 -0.000546902 0.000230768 1 -0.000424126 0.000547098 0.000423873 1 -0.00452942 0.035003 -0.322283
FixedParameters: 0 0 0

#Transform 55
Transform: AffineTransform_float_3_3
Parameters: 1 -0.000259145 -0.000621939 0.000259855 1 -0.000233162 0.00062206 0.000232839 1 -0.00786958 0.0514881 -0.346843
FixedParameters: 0 0 0

#Transform 56
Transform: AffineTransform_float_3_3
Parameters: 0.999999 -0.000186488 -0.000712872 0.000186511 0.999999 -0.000685133 0.000713127 0.000684867 0.999999 -0.0118335 0.0291043 -0.351593
FixedParameters: 0 0 0

#Transform 57
Transform: AffineTransform_float_3_3
Parameters: 1 -0.000120061 -0.000646988 0.000119938 1 -9.50776e-05 0.000647011 9.49223e-05 1 -0.00598087 0.0579315 -0.367397
FixedParameters: 0 0 0

#Transform 58
Transform: AffineTransform_float_3_3
Parameters: 1 -0.000210004 -0.000571998 0.000209996 1 -7.12012e-06 0.000572001 7.87988e-06 1 -0.0103285 0.0339463 -0.380108
FixedParameters: 0 0 0

#Transform 59
Transform: AffineTransform_float_3_3
Parameters: 0.999999 -0.000172873 -0.00072703 0.000173126 1 0.000173874 0.000726969 -0.000174126 0.999999 -0.0149265 0.044068 -0.371106
FixedParameters: 0 0 0

#Transform 60
Transform: AffineTransform_float_3_3
Parameters: 1 -0.000225935 -0.000665022 0.000226065 1 9.78497e-05 0.000664978 -9.71502e-05 1 -0.00575013 0.0452051 -0.364797
FixedParameters: 0 0 0

#Transform 61
Transform: AffineTransform_float_3_3
Parameters: 0.999999 -0.000362935 -0.000841027 0.000363064 1 7.66947e-05 0.000840971 -7.73052e-05 0.999999 -0.0169134 0.0681766 -0.344147
FixedParameters: 0 0 0

#Transform 62
Transform: AffineTransform_float_3_3
Parameters: 0.999999 -0.000295978 -0.000800008 0.000296022 1 2.77632e-05 0.000799991 -2.72368e-05 0.999999 -0.010365 0.0636924 -0.362002
FixedParameters: 0 0 0

#Transform 63
Transform: AffineTransform_float_3_3
Parameters: 0.999999 -0.000195019 -0.000909995 0.000194981 1 -2.11774e-05 0.000910003 2.08225e-05 0.999999 -0.0151341 0.0529625 -0.2958
FixedParameters: 0 0 0

#Transform 64
Transform: AffineTransform_float_3_3
Parameters: 0.999999 -0.000108475 -0.000985948 0.000107525 1 -0.000482106 0.000985052 0.000481894 1 -0.0161442 0.0408382 -0.38411
FixedParameters: 0 0 0

#Transform 65
Transform: AffineTransform_float_3_3
Parameters: 0.999999 -0.000146227 -0.000797775 0.000145774 0.999999 -0.00153812 0.000797224 0.00153788 0.999998 -0.0246007 0.0456598 -0.418434
FixedParameters: 0 0 0

#Transform 66
Transform: AffineTransform_float_3_3
Parameters: 1 -0.000187842 -0.00102985 0.000187158 0.999999 -0.000817193 0.00103015 0.000817807 0.999999 -0.0286644 0.0410797 -0.429564
FixedParameters: 0 0 0

#Transform 67
Transform: AffineTransform_float_3_3
Parameters: 1 -0.000211801 -0.00115785 0.000210198 0.999999 -0.000692244 0.00115815 0.000691755 0.999999 -0.0391286 0.049733 -0.44542
FixedParameters: 0 0 0

#Transform 68
Transform: AffineTransform_float_3_3
Parameters: 1 -0.000219697 -0.00117987 0.000218304 1 -0.000590258 0.00118013 0.000590741 0.999999 -0.0267023 0.0357916 -0.451452
FixedParameters: 0 0 0

#Transform 69
Transform: AffineTransform_float_3_3
Parameters: 1 -0.000258498 -0.00116689 0.000257502 1 -0.000427301 0.00116711 0.000426699 0.999999 -0.0263785 0.0581075 -0.465371
FixedParameters: 0 0 0

#Transform 70
Transform: AffineTransform_float_3_3
Parameters: 1 -0.000199714 -0.00102786 0.000199286 0.999999 -0.000694205 0.00102814 0.000694795 0.999999 -0.0232156 0.0372536 -0.445709
FixedParameters: 0 0 0

#Transform 71
Transform: AffineTransform_float_3_3
Parameters: 0.999999 -0.00036926 -0.000835884 0.00036874 1 -0.000311308 0.000836114 0.000310691 0.999999 -0.0211392 0.0563068 -0.449566
FixedParameters: 0 0 0

#Transform 72
Transform: AffineTransform_float_3_3
Parameters: 1 -0.000313805 -0.00105376 0.000313196 0.999999 -0.00076333 0.00105424 0.000763669 0.999999 -0.0235395 0.0523335 -0.426093
FixedParameters: 0 0 0

#Transform 73
Transform: AffineTransform_float_3_3
Parameters: 0.999999 -0.000180418 -0.00122594 0.000180582 1 -0.000341222 0.00122606 0.000340779 0.999999 -0.0322384 0.055785 -0.459997
FixedParameters: 0 0 0

#Transform 74
Transform: AffineTransform_float_3_3
Parameters: 1 -0.000157188 -0.00115498 0.000156813 1 -0.000162181 0.00115503 0.000162819 1 -0.0360668 0.0539833 -0.471093
FixedParameters: 0 0 0

#Transform 75
Transform: AffineTransform_float_3_3
Parameters: 1 -0.000250085 -0.00109398 0.000249915 1 -7.82735e-05 0.00109402 7.77265e-05 1 -0.0247061 0.0599788 -0.471653
FixedParameters: 0 0 0

#Transform 76
Transform: AffineTransform_float_3_3
Parameters: 1 -0.000154459 -0.00118094 0.000153541 1 -0.000389182 0.00118106 0.000388818 0.999999 -0.0269922 0.0618765 -0.470932
FixedParameters: 0 0 0

#Transform 77
Transform: AffineTransform_float_3_3
Parameters: 1 -8.43688e-05 -0.00106597 8.36322e-05 1 -0.000345089 0.00106603 0.00034591 1 -0.0268142 0.0635935 -0.490216
FixedParameters: 0 0 0

#Transform 78
Transform: AffineTransform_float_3_3
Parameters: 0.999999 -1.13456e-05 -0.001496 1.16544e-05 1 -0.000231018 0.001496 0.000230983 0.999999 -0.0460291 0.0647658 -0.48802
FixedParameters: 0 0 0

#Transform 79
Transform: AffineTransform_float_3_3
Parameters: 0.999998 -7.28183e-05 -0.00172901 7.31831e-05 1 0.000105874 0.00172899 -0.000105126 0.999998 -0.05091 0.0692341 -0.50531
FixedParameters: 0 0 0

#Transform 80
Transform: AffineTransform_float_3_3
Parameters: 0.999999 -0.000133373 -0.00142997 0.000133627 1 -0.000261191 0.00143003 0.00026081 0.999999 -0.0449632 0.0457327 -0.496376
FixedParameters: 0 0 0

#Transform 81
Transform: AffineTransform_float_3_3
Parameters: 0.999999 -6.20679e-05 -0.00136 6.29319e-05 1 -5.00856e-05 0.00136 4.99156e-05 0.999999 -0.0385224 0.0772001 -0.477693
FixedParameters: 0 0 0

#Transform 82
Transform: AffineTransform_float_3_3
Parameters: 0.999998 -6.00922e-05 -0.001648 5.99093e-05 1 -5.50988e-05 0.001648 5.5901e-05 0.999998 -0.0481185 0.0729316 -0.460565
FixedParameters: 0 0 0

#Transform 83
Transform: AffineTransform_float_3_3
Parameters: 0.999999 5.04809e-05 -0.00133598 -4.9519e-05 1 0.000360066 0.00133602 -0.000359933 0.999999 -0.0460396 0.0751857 -0.490513
FixedParameters: 0 0 0

#Transform 84
Transform: AffineTransform_float_3_3
Parameters: 0.999999 -0.000111246 -0.00146598 0.000110754 1 -0.000168163 0.00146602 0.000167837 0.999999 -0.0494927 0.0625172 -0.476729
FixedParameters: 0 0 0

#Transform 85
Transform: AffineTransform_float_3_3
Parameters: 0.999999 -2.87454e-05 -0.00131201 2.92545e-05 1 0.000193962 0.00131199 -0.000194038 0.999999 -0.0446958 0.0571645 -0.479139
FixedParameters: 0 0 0

#Transform 86
Transform: AffineTransform_float_3_3
Parameters: 0.999998 -8.5426e-05 -0.00160198 8.45737e-05 1 -0.000266136 0.00160202 0.000265863 0.999998 -0.0467838 0.063969 -0.427154
FixedParameters: 0 0 0

#Transform 87
Transform: AffineTransform_float_3_3
Parameters: 0.999999 -5.5402e-05 -0.00180299 5.45979e-05 1 -0.000223099 0.00180301 0.000222901 0.999999 -0.0544022 0.0640956 -0.417969
FixedParameters: 0 0 0

#Transform 88
Transform: AffineTransform_float_3_3
Parameters: 0.999998 -9.80991e-05 -0.001872 9.79006e-05 1 -5.31834e-05 0.00187201 5.28165e-05 0.999998 -0.0593271 0.0653755 -0.452897
FixedParameters: 0 0 0

#Transform 89
Transform: AffineTransform_float_3_3
Parameters: 0.999998 3.91637e-05 -0.002243 -3.88362e-05 1 7.30873e-05 0.00224301 -7.29124e-05 0.999998 -0.0739643 0.0640443 -0.49534
FixedParameters: 0 0 0

#Transform 90
Transform: AffineTransform_float_3_3
Parameters: 0.999997 0.000259858 -0.0021519 -0.000259143 1 0.000398558 0.0021511 -0.000398442 0.999997 -0.0686602 0.0891851 -0.508203
FixedParameters: 0 0 0

#Transform 91
Transform: AffineTransform_float_3_3
Parameters: 0.999998 4.01841e-05 -0.002302 -3.98157e-05 1 8.00919e-05 0.002302 -7.99077e-05 0.999998 -0.0693147 0.07046 -0.495793
FixedParameters: 0 0 0

#Transform 92
Transform: AffineTransform_float_3_3
Parameters: 0.999997 1.87251e-05 -0.00245799 -1.82748e-05 1 0.000295046 0.00245801 -0.000294955 0.999997 -0.0754885 0.0754823 -0.483832
FixedParameters: 0 0 0

#Transform 93
Transform: AffineTransform_float_3_3
Parameters: 0.999998 0.000155268 -0.00203206 -0.000156731 1 -0.000359682 0.00203194 0.000360316 0.999998 -0.0595871 0.0555855 -0.480326
FixedParameters: 0 0 0

#Transform 94
Transform: AffineTransform_float_3_3
Parameters: 0.999999 -6.32884e-05 -0.00180299 6.27114e-05 1 -0.000160113 0.00180301 0.000159886 0.999999 -0.0559095 0.0519645 -0.479371
FixedParameters: 0 0 0

#Transform 95
Transform: AffineTransform_float_3_3
Parameters: 0.999999 -3.31678e-05 -0.001225 3.28322e-05 1 -0.00013704 0.00122501 0.00013696 0.999999 -0.0427267 0.0687672 -0.525631
FixedParameters: 0 0 0

#Transform 96
Transform: AffineTransform_float_3_3
Parameters: 0.999999 -0.000100815 -0.00156395 0.000100185 1 -0.000521157 0.00156405 0.000520843 0.999998 -0.0509273 0.0735589 -0.495236
FixedParameters: 0 0 0

#Transform 97
Transform: AffineTransform_float_3_3
Parameters: 0.999979 0.00389965 -0.00517592 -0.00392135 0.999983 -0.0043158 0.00515809 0.00433521 0.999978 -0.397852 0.022312 -0.64314
FixedParameters: 0 0 0

#Transform 98
Transform: AffineTransform_float_3_3
Parameters: 0.999974 0.00538092 -0.00477446 -0.00539909 0.999979 -0.00378232 0.00475455 0.00380769 0.999982 -0.364581 0.0602587 -0.689528
FixedParameters: 0 0 0

#Transform 99
Transform: AffineTransform_float_3_3
Parameters: 0.999996 0.00133402 -0.00277196 -0.00133598 0.999999 -0.0007143 0.00277104 0.0007177 0.999996 -0.167343 0.0709941 -0.558426
FixedParameters: 0 0 0

#Transform 100
Transform: AffineTransform_float_3_3
Parameters: 0.999994 0.00148521 -0.00333025 -0.00148879 0.999998 -0.000835047 0.00332876 0.000839949 0.999994 -0.181391 0.088615 -0.567421
FixedParameters: 0 0 0

#Transform 101
Transform: AffineTransform_float_3_3
Parameters: 0.999995 0.00151045 -0.00250254 -0.00151255 0.999999 -0.00101622 0.00250046 0.00102078 0.999997 -0.170214 0.0929078 -0.585543
FixedParameters: 0 0 0

#Transform 102
Transform: AffineTransform_float_3_3
Parameters: 0.999994 0.00153062 -0.0033191 -0.00153338 0.999998 -0.000713915 0.0033189 0.000719085 0.999994 -0.184959 0.0929698 -0.593339
FixedParameters: 0 0 0

#Transform 103
Transform: AffineTransform_float_3_3
Parameters: 0.999993 0.00153352 -0.00339657 -0.00153748 0.999999 -0.00102278 0.00339442 0.00102821 0.999993 -0.194411 0.0602044 -0.574876
FixedParameters: 0 0 0

#Transform 104
Transform: AffineTransform_float_3_3
Parameters: 0.999996 0.00140102 -0.00254864 -0.00140398 0.999999 -0.00116643 0.00254636 0.00116957 0.999996 -0.16646 -0.0184815 -0.460917
FixedParameters: 0 0 0

#Transform 105
Transform: AffineTransform_float_3_3
Parameters: 0.999996 0.00117801 -0.00248542 -0.00118099 0.999998 -0.00120207 0.00248358 0.00120493 0.999996 -0.141836 0.0478423 -0.542213
FixedParameters: 0 0 0

#Transform 106
Transform: AffineTransform_float_3_3
Parameters: 0.999997 0.000982183 -0.00249751 -0.000985821 0.999999 -0.00152854 0.0024965 0.00153046 0.999995 -0.152431 0.0790737 -0.633529
FixedParameters: 0 0 0

#Transform 107
Transform: AffineTransform_float_3_3
Parameters: 0.999995 0.00116749 -0.00268596 -0.00117251 0.999998 -0.00167686 0.00268403 0.00168014 0.999995 -0.15782 0.07375 -0.626447
FixedParameters: 0 0 0

#Transform 108
Transform: AffineTransform_float_3_3
Parameters: 0.999997 0.00135074 -0.00231391 -0.00135426 0.999998 -0.00140687 0.0023121 0.00141013 0.999997 -0.142639 0.0548679 -0.666516
FixedParameters: 0 0 0

#Transform 109
Transform: AffineTransform_float_3_3
Parameters: 1 0.000729162 -0.000968878 -0.000728838 0.999999 0.000167706 0.000968122 -0.000167294 0.999999 -0.114732 0.129522 -0.62949
FixedParameters: 0 0 0

#Transform 110
Transform: AffineTransform_float_3_3
Parameters: 0.999998 0.000898497 -0.00206422 -0.000899504 0.999999 -0.000243144 0.00206478 0.000244856 0.999998 -0.0938121 0.051921 -0.510168
FixedParameters: 0 0 0

#Transform 111
Transform: AffineTransform_float_3_3
Parameters: 0.999996 0.000788576 -0.00266672 -0.000791424 1 -0.000907893 0.00266628 0.000910106 0.999996 -0.119832 0.120313 -0.608825
FixedParameters: 0 0 0

#Transform 112
Transform: AffineTransform_float_3_3
Parameters: 0.999995 0.000798823 -0.00281191 -0.000802178 0.999999 -0.00112975 0.0028101 0.00113125 0.999996 -0.12357 0.0818216 -0.600762
FixedParameters: 0 0 0

#Transform 113
Transform: AffineTransform_float_3_3
Parameters: 0.999996 0.000813774 -0.00287292 -0.000817229 0.999999 -0.00112266 0.00287209 0.00112434 0.999995 -0.122791 0.0786475 -0.608788
FixedParameters: 0 0 0

#Transform 114
Transform: AffineTransform_float_3_3
Parameters: 0.999995 0.000813041 -0.00285284 -0.000815957 0.999999 -0.00103568 0.00285216 0.00103832 0.999996 -0.123072 0.0783925 -0.619713
FixedParameters: 0 0 0

#Transform 115
Transform: AffineTransform_float_3_3
Parameters: 0.999996 0.000828537 -0.00262378 -0.000830466 0.999999 -0.000938825 0.00262322 0.000940177 0.999996 -0.121602 0.0831658 -0.575505
FixedParameters: 0 0 0

#Transform 116
Transform: AffineTransform_float_3_3
Parameters: 0.999998 0.000364286 -0.00163638 -0.000366712 1 -0.0010464 0.00163562 0.0010476 0.999998 -0.0884209 0.0744399 -0.541611
FixedParameters: 0 0 0

#Transform 117
Transform: AffineTransform_float_3_3
Parameters: 0.999997 0.000338308 -0.00213443 -0.000341692 0.999999 -0.00126127 0.00213357 0.00126172 0.999997 -0.101968 0.0894115 -0.58386
FixedParameters: 0 0 0

#Transform 118
Transform: AffineTransform_float_3_3
Parameters: 0.999997 0.000669795 -0.00255484 -0.000673204 0.999999 -0.00125328 0.00255416 0.00125572 0.999996 -0.113234 0.0644932 -0.585277
FixedParameters: 0 0 0

#Transform 119
Transform: AffineTransform_float_3_3
Parameters: 0.999995 0.000590905 -0.00285785 -0.000595092 0.999999 -0.0014313 0.00285715 0.00143369 0.999995 -0.113809 0.0555938 -0.586991
FixedParameters: 0 0 0

#Transform 120
Transform: AffineTransform_float_3_3
Parameters: 0.999996 0.000471692 -0.00270858 -0.00047531 0.999999 -0.00122172 0.00270742 0.00122228 0.999995 -0.119448 0.0700959 -0.602258
FixedParameters: 0 0 0

#Transform 121
Transform: AffineTransform_float_3_3
Parameters: 0.999997 0.000505466 -0.00242653 -0.000508534 1 -0.00104377 0.00242547 0.00104523 0.999996 -0.113465 0.0924942 -0.618071
FixedParameters: 0 0 0

#Transform 122
Transform: AffineTransform_float_3_3
Parameters: 0.999996 0.000692765 -0.0028258 -0.000696235 0.999999 -0.00114404 0.00282521 0.00114596 0.999996 -0.118715 0.0683182 -0.611891
FixedParameters: 0 0 0

#Transform 123
Transform: AffineTransform_float_3_3
Parameters: 0.999996 0.000586586 -0.00278451 -0.000588412 0.999999 -0.000865364 0.00278449 0.000867636 0.999995 -0.115793 0.0844946 -0.644094
FixedParameters: 0 0 0

#Transform 124
Transform: AffineTransform_float_3_3
Parameters: 0.999997 0.000530241 -0.00262897 -0.000534761 0.999998 -0.0018106 0.00262804 0.0018114 0.999995 -0.110648 0.0534419 -0.632459
FixedParameters: 0 0 0

#Transform 125
Transform: AffineTransform_float_3_3
Parameters: 0.999998 0.000655039 -0.00224786 -0.000657961 0.999999 -0.00131652 0.00224713 0.00131847 0.999996 -0.104995 0.0603334 -0.617634
FixedParameters: 0 0 0

#Transform 126
Transform: AffineTransform_float_3_3
Parameters: 0.999995 0.000665745 -0.00290175 -0.000669256 0.999999 -0.00112106 0.00290125 0.00112294 0.999995 -0.120962 0.0726605 -0.625598
FixedParameters: 0 0 0

#Transform 127
Transform: AffineTransform_float_3_3
Parameters: 0.999996 0.000857923 -0.00277326 -0.000862076 0.999998 -0.00146861 0.00277274 0.00147138 0.999995 -0.121986 0.0545328 -0.638083
FixedParameters: 0 0 0

#Transform 128
Transform: AffineTransform_float_3_3
Parameters: 0.999997 0.000672274 -0.00208256 -0.000673726 1 -0.000828599 0.00208144 0.000829401 0.999997 -0.0935889 0.0654105 -0.371293
FixedParameters: 0 0 0

#Transform 129
Transform: AffineTransform_float_3_3
Parameters: 0.999998 0.000597322 -0.00225598 -0.000600679 0.999998 -0.00163065 0.00225502 0.00163135 0.999996 -0.10178 0.0904117 -0.639374
FixedParameters: 0 0 0

#Transform 130
Transform: AffineTransform_float_3_3
Parameters: 0.999998 0.000981295 -0.00212618 -0.000985705 0.999997 -0.00221291 0.00212382 0.00221509 0.999996 -0.115895 0.0572925 -0.674856
FixedParameters: 0 0 0

#Transform 131
Transform: AffineTransform_float_3_3
Parameters: 0.999996 0.000811207 -0.00248757 -0.000816792 0.999998 -0.00192597 0.00248643 0.00192802 0.999995 -0.125405 0.0615068 -0.670733
FixedParameters: 0 0 0

#Transform 132
Transform: AffineTransform_float_3_3
Parameters: 0.999997 0.000816802 -0.00256234 -0.000820198 0.999999 -0.00163791 0.00256066 0.0016401 0.999996 -0.125459 0.0695035 -0.680249
FixedParameters: 0 0 0

#Transform 133
Transform: AffineTransform_float_3_3
Parameters: 0.999997 0.000828698 -0.00258339 -0.000833302 0.999999 -0.00166485 0.00258162 0.00166715 0.999996 -0.122508 0.0796243 -0.702958
FixedParameters: 0 0 0

#Transform 134
Transform: AffineTransform_float_3_3
Parameters: 0.999997 0.00104602 -0.00227583 -0.00104998 0.999998 -0.00174762 0.00227417 0.00175038 0.999996 -0.107854 0.0688423 -0.650559
FixedParameters: 0 0 0

#Transform 135
Transform: AffineTransform_float_3_3
Parameters: 0.999997 0.00079158 -0.00259766 -0.00079742 0.999997 -0.00208594 0.00259634 0.00208806 0.999995 -0.120015 0.0380054 -0.657204
FixedParameters: 0 0 0

#Transform 136
Transform: AffineTransform_float_3_3
Parameters: 0.999997 0.000835162 -0.00253493 -0.000840841 0.999997 -0.00230388 0.00253307 0.00230512 0.999994 -0.135006 0.0350196 -0.685243
FixedParameters: 0 0 0

#Transform 137
Transform: AffineTransform_float_3_3
Parameters: 0.999996 0.000861184 -0.00268587 -0.000866818 0.999998 -0.00216568 0.00268413 0.00216732 0.999994 -0.136389 0.0464646 -0.674666
FixedParameters: 0 0 0

#Transform 138
Transform: AffineTransform_float_3_3
Parameters: 0.999999 0.000712639 -0.00126277 -0.000713362 0.999999 -0.0010781 0.00126223 0.0010789 0.999998 -0.0742126 0.00795019 -0.322866
FixedParameters: 0 0 0

#Transform 139
Transform: AffineTransform_float_3_3
Parameters: 0.999997 -8.63293e-05 -0.00247402 8.76702e-05 1 0.000270784 0.00247398 -0.000271214 0.999997 -0.0876824 0.143611 -0.824561
FixedParameters: 0 0 0

#Transform 140
Transform: AffineTransform_float_3_3
Parameters: 0.999999 0.000441251 -0.0013053 -0.000447747 0.999987 -0.00517442 0.0013027 0.00517558 0.999986 -0.0970223 0.01991 -0.914796
FixedParameters: 0 0 0

#Transform 141
Transform: AffineTransform_float_3_3
Parameters: 0.999998 0.000959032 -0.00203967 -0.000970971 0.999983 -0.00587503 0.00203433 0.00587697 0.99998 -0.129219 -0.00955451 -0.995082
FixedParameters: 0 0 0

#Transform 142
Transform: AffineTransform_float_3_3
Parameters: 0.999998 0.000876556 -0.00208428 -0.000888449 0.999981 -0.00597716 0.00207973 0.00597884 0.99998 -0.130699 -0.0500163 -1.02198
FixedParameters: 0 0 0

#Transform 143
Transform: AffineTransform_float_3_3
Parameters: 0.999997 0.000820294 -0.00197233 -0.000832709 0.999979 -0.00644937 0.00196767 0.00645163 0.999978 -0.119005 -0.0389287 -1.03043
FixedParameters: 0 0 0

#Transform 144
Transform: AffineTransform_float_3_3
Parameters: 0.999997 0.000800015 -0.00200822 -0.000812983 0.999978 -0.00647338 0.00200278 0.00647462 0.999977 -0.125548 -0.0388082 -1.0111
FixedParameters: 0 0 0

#Transform 145
Transform: AffineTransform_float_3_3
Parameters: 0.999998 0.000824364 -0.0021008 -0.000839633 0.999976 -0.00697625 0.00209419 0.00697774 0.999973 -0.124759 -0.10847 -1.03573
FixedParameters: 0 0 0

#Transform 146
Transform: AffineTransform_float_3_3
Parameters: 0.999998 0.000702999 -0.00196343 -0.000717997 0.999971 -0.00764961 0.00195756 0.0076514 0.999969 -0.119436 -0.0990301 -1.12761
FixedParameters: 0 0 0

#Transform 147
Transform: AffineTransform_float_3_3
Parameters: 0.999998 0.000792454 -0.00216625 -0.000811542 0.999959 -0.00903626 0.00215875 0.00903873 0.999957 -0.130951 -0.144395 -1.14795
FixedParameters: 0 0 0

#Transform 148
Transform: AffineTransform_float_3_3
Parameters: 0.999998 0.00070984 -0.00212216 -0.000728158 0.999963 -0.00856848 0.00211584 0.00857052 0.999961 -0.122061 -0.112806 -1.07205
FixedParameters: 0 0 0

#Transform 149
Transform: AffineTransform_float_3_3
Parameters: 0.999998 0.00065982 -0.00201404 -0.000675182 0.999972 -0.00754666 0.00200896 0.00754735 0.99997 -0.110871 -0.09 -1.05734
FixedParameters: 0 0 0

#Transform 150
Transform: AffineTransform_float_3_3
Parameters: 0.999998 0.000613361 -0.00187884 -0.000627633 0.99997 -0.00780084 0.00187316 0.00780217 0.999968 -0.110843 -0.106713 -1.0445
FixedParameters: 0 0 0

#Transform 151
Transform: AffineTransform_float_3_3
Parameters: 0.999998 0.000498869 -0.00195718 -0.000515129 0.999966 -0.00825001 0.00195282 0.00825099 0.999964 -0.112566 -0.107767 -1.0755
FixedParameters: 0 0 0

#Transform 152
Transform: AffineTransform_float_3_3
Parameters: 0.999998 0.000733077 -0.00149291 -0.000744922 0.999967 -0.0080009 0.00148709 0.0080021 0.999967 -0.0950418 -0.130607 -1.08264
FixedParameters: 0 0 0

#Transform 153
Transform: AffineTransform_float_3_3
Parameters: 0.999999 0.000652696 -0.00171213 -0.000665304 0.99997 -0.00778188 0.00170687 0.00778313 0.999969 -0.0977142 -0.126663 -1.06611
FixedParameters: 0 0 0

#Transform 154
Transform: AffineTransform_float_3_3
Parameters: 0.999998 0.000496953 -0.00150403 -0.000509047 0.999967 -0.00802024 0.00149996 0.00802075 0.999966 -0.0938413 -0.120073 -1.06801
FixedParameters: 0 0 0

#Transform 155
Transform: AffineTransform_float_3_3
Parameters: 0.999997 0.000416355 -0.00212853 -0.000434649 0.999966 -0.0082961 0.00212547 0.00829691 0.999964 -0.111296 -0.122531 -1.08722
FixedParameters: 0 0 0

#Transform 156
Transform: AffineTransform_float_3_3
Parameters: 0.999999 0.000546032 -0.00165135 -0.000558974 0.999969 -0.00786309 0.00164766 0.00786391 0.999967 -0.100741 -0.1533 -1.094
FixedParameters: 0 0 0

#Transform 157
Transform: AffineTransform_float_3_3
Parameters: 0.999998 0.000435116 -0.00197797 -0.000443884 0.99999 -0.00449313 0.00197603 0.00449387 0.999988 -0.0991845 -0.0467542 -1.03655
FixedParameters: 0 0 0

#Transform 158
Transform: AffineTransform_float_3_3
Parameters: 0.999999 0.000186701 -0.00180577 -0.0001933 0.999992 -0.00404266 0.00180523 0.00404334 0.99999 -0.0925984 -0.0274413 -1.01547
FixedParameters: 0 0 0

#Transform 159
Transform: AffineTransform_float_3_3
Parameters: 0.999999 0.000376216 -0.00179222 -0.000381784 0.999994 -0.00322832 0.00179078 0.00322868 0.999993 -0.0810587 0.0327112 -0.815122
FixedParameters: 0 0 0

#Transform 160
Transform: AffineTransform_float_3_3
Parameters: 0.999999 0.000499967 -0.00171418 -0.000504035 0.999997 -0.00235314 0.00171382 0.00235386 0.999996 -0.0675465 0.0298777 -0.743415
FixedParameters: 0 0 0

#Transform 161
Transform: AffineTransform_float_3_3
Parameters: 0.999997 0.0005824 -0.00212421 -0.000593597 0.999985 -0.00546375 0.00212079 0.00546525 0.999983 -0.0989686 -0.0314052 -0.982368
FixedParameters: 0 0 0

#Transform 162
Transform: AffineTransform_float_3_3
Parameters: 0.999998 0.000415208 -0.00190416 -0.000424792 0.999986 -0.0051452 0.00190184 0.0051458 0.999985 -0.0946481 -0.0448329 -0.956704
FixedParameters: 0 0 0

#Transform 163
Transform: AffineTransform_float_3_3
Parameters: 0.999998 0.000417222 -0.00214632 -0.000428777 0.999985 -0.00549009 0.00214368 0.0054909 0.999982 -0.0957577 -0.0528335 -0.950734
FixedParameters: 0 0 0

#Transform 164
Transform: AffineTransform_float_3_3
Parameters: 0.999998 0.000380679 -0.00204814 -0.000392321 0.999984 -0.0055302 0.00204586 0.00553079 0.999982 -0.0967439 -0.0429726 -0.958008
FixedParameters: 0 0 0

#Transform 165
Transform: AffineTransform_float_3_3
Parameters: 0.999998 0.000462692 -0.00203384 -0.000475302 0.999981 -0.00605504 0.00203016 0.00605595 0.999979 -0.0913744 -0.0653202 -0.991318
FixedParameters: 0 0 0

#Transform 166
Transform: AffineTransform_float_3_3
Parameters: 0.999998 0.000403726 -0.00203447 -0.000416271 0.999981 -0.00603616 0.00203152 0.00603683 0.999979 -0.0875782 -0.064884 -0.986126
FixedParameters: 0 0 0

#Transform 167
Transform: AffineTransform_float_3_3
Parameters: 0.999997 0.000479295 -0.0020852 -0.000492704 0.999978 -0.00657699 0.0020818 0.00657802 0.999976 -0.0873257 -0.0569908 -0.984058
FixedParameters: 0 0 0

#Transform 168
Transform: AffineTransform_float_3_3
Parameters: 0.999997 0.00058258 -0.00208679 -0.000596421 0.999979 -0.00643577 0.0020832 0.00643723 0.999977 -0.0936988 -0.0705927 -0.994825
FixedParameters: 0 0 0

#Transform 169
Transform: AffineTransform_float_3_3
Parameters: 0.999999 0.000363221 -0.00180762 -0.000375782 0.999975 -0.00707433 0.00180539 0.00707467 0.999974 -0.0850136 -0.0781718 -0.930356
FixedParameters: 0 0 0

#Transform 170
Transform: AffineTransform_float_3_3
Parameters: 0.999999 -0.000120869 -0.00143513 0.000110132 0.999972 -0.00757117 0.00143588 0.00757084 0.999971 -0.0658762 -0.079937 -0.964403
FixedParameters: 0 0 0

#Transform 171
Transform: AffineTransform_float_3_3
Parameters: 0.999999 0.000251069 -0.0017131 -0.00026493 0.999967 -0.00813656 0.0017109 0.00813744 0.999966 -0.0801125 -0.0908294 -0.987505
FixedParameters: 0 0 0

#Transform 172
Transform: AffineTransform_float_3_3
Parameters: 0.999999 0.000245173 -0.00169706 -0.000258826 0.999966 -0.00815157 0.00169495 0.00815243 0.999966 -0.0842824 -0.09059 -0.980404
FixedParameters: 0 0 0

#Transform 173
Transform: AffineTransform_float_3_3
Parameters: 0.999999 0.000215222 -0.00140386 -0.000227779 0.999964 -0.00839468 0.00140214 0.00839531 0.999964 -0.0748332 -0.133155 -1.02754
FixedParameters: 0 0 0

#Transform 174
Transform: AffineTransform_float_3_3
Parameters: 0.999999 0.000233491 -0.00152497 -0.000246509 0.999967 -0.00820764 0.00152303 0.00820837 0.999965 -0.0799498 -0.117461 -1.01569
FixedParameters: 0 0 0

#Transform 175
Transform: AffineTransform_float_3_3
Parameters: 0.999999 0.000226139 -0.00143875 -0.000236856 0.999972 -0.00755367 0.00143625 0.00755334 0.999971 -0.0757552 -0.118178 -1.01935
FixedParameters: 0 0 0

#Transform 176
Transform: AffineTransform_float_3_3
Parameters: 0.999998 0.000193948 -0.00199352 -0.000209049 0.999971 -0.0075536 0.00199148 0.0075534 0.99997 -0.0856104 -0.0870064 -0.949964
FixedParameters: 0 0 0

#Transform 177
Transform: AffineTransform_float_3_3
Parameters: 0.999998 0.000306441 -0.00193852 -0.000321554 0.999967 -0.00803039 0.00193548 0.00803161 0.999966 -0.081328 -0.109325 -0.995431
FixedParameters: 0 0 0

#Transform 178
Transform: AffineTransform_float_3_3
Parameters: 0.999999 0.000348886 -0.00177862 -0.000362115 0.999972 -0.00737737 0.00177638 0.00737863 0.999971 -0.0829361 -0.111528 -1.01126
FixedParameters: 0 0 0

#Transform 179
Transform: AffineTransform_float_3_3
Parameters: 0.999998 0.000361942 -0.00164593 -0.000375059 0.999969 -0.0079404 0.00164307 0.00794061 0.999967 -0.0837957 -0.113939 -1.02382
FixedParameters: 0 0 0

#Transform 180
Transform: AffineTransform_float_3_3
Parameters: 0.999998 0.000397413 -0.00193705 -0.000411587 0.999972 -0.00753622 0.00193395 0.00753679 0.999969 -0.0872071 -0.106292 -1.01482
FixedParameters: 0 0 0

#Transform 181
Transform: AffineTransform_float_3_3
Parameters: 0.999999 0.000272313 -0.0015481 -0.000283686 0.999972 -0.00755358 0.0015459 0.00755444 0.999971 -0.0790116 -0.0964822 -1.02597
FixedParameters: 0 0 0

#Transform 182
Transform: AffineTransform_float_3_3
Parameters: 0.999998 0.000402122 -0.00170433 -0.000415875 0.999966 -0.0081503 0.00170067 0.0081507 0.999966 -0.0819818 -0.114602 -0.99661
FixedParameters: 0 0 0

#Transform 183
Transform: AffineTransform_float_3_3
Parameters: 1 0.000923566 -0.000630544 -0.000928437 0.999974 -0.00706841 0.000624452 0.00706958 0.999975 -0.0710556 -0.0992468 -1.06114
FixedParameters: 0 0 0

#Transform 184
Transform: AffineTransform_float_3_3
Parameters: 0.999999 0.00037359 -0.00139638 -0.000385408 0.999961 -0.00889848 0.00139263 0.00889854 0.99996 -0.0690118 -0.0831602 -1.10604
FixedParameters: 0 0 0

#Transform 185
Transform: AffineTransform_float_3_3
Parameters: 0.999999 0.00028361 -0.00120849 -0.000294395 0.999963 -0.00860665 0.00120651 0.00860635 0.999962 -0.0687421 -0.133008 -1.07481
FixedParameters: 0 0 0

#Transform 186
Transform: AffineTransform_float_3_3
Parameters: 0.999999 0.000241787 -0.00177 -0.000256212 0.999967 -0.00803356 0.001768 0.00803444 0.999966 -0.0766308 -0.109359 -1.04883
FixedParameters: 0 0 0

#Transform 187
Transform: AffineTransform_float_3_3
Parameters: 0.999999 -6.41124e-05 -0.00156952 5.08835e-05 0.999965 -0.00835309 0.00157048 0.00835291 0.999964 -0.0762555 -0.112257 -1.0512
FixedParameters: 0 0 0

#Transform 188
Transform: AffineTransform_float_3_3
Parameters: 0.999998 0.000322396 -0.0019658 -0.000338598 0.999964 -0.00845236 0.00196221 0.00845265 0.999963 -0.0843063 -0.112413 -1.03375
FixedParameters: 0 0 0

#Transform 189
Transform: AffineTransform_float_3_3
Parameters: 0.999999 0.000287639 -0.0018175 -0.000302364 0.999964 -0.00845646 0.00181551 0.00845753 0.999962 -0.0855827 -0.109296 -1.08048
FixedParameters: 0 0 0

#Transform 190
