# transform file /out/sourcedata/freesurfer/sub-v1s23x0050563_ses-1/mri/transforms/cc_up.lta
# created by oesteban on Mon Mar  9 19:08:20 2026

type      = 0 # LINEAR_VOX_TO_VOX
nxforms   = 1
mean      = 130.0000 140.0000 119.0000
sigma     = 10000.0000
1 4 4
9.970535039901733e-01 3.275853022933006e-02 6.936168670654297e-02 -1.273598003387451e+01 
-3.267954662442207e-02 9.994632005691528e-01 -2.273407066240907e-03 1.054726219177246e+01 
-6.939893960952759e-02 0.000000000000000e+00 9.975889921188354e-01 2.825417518615723e+01 
0.000000000000000e+00 0.000000000000000e+00 0.000000000000000e+00 1.000000000000000e+00 
src volume info
valid = 1  # volume info valid
filename = /out/sourcedata/freesurfer/sub-v1s23x0050563_ses-1/mri/norm.mgz
volume = 256 256 256
voxelsize = 1.000000000000000e+00 1.000000000000000e+00 1.000000000000000e+00
xras   = -1.000000000000000e+00 0.000000000000000e+00 0.000000000000000e+00
yras   = 0.000000000000000e+00 0.000000000000000e+00 -1.000000000000000e+00
zras   = 0.000000000000000e+00 1.000000000000000e+00 0.000000000000000e+00
cras   = 3.362770080566406e+01 -5.178306579589844e+01 1.748271179199219e+01
dst volume info
valid = 1  # volume info valid
filename = /out/sourcedata/freesurfer/sub-v1s23x0050563_ses-1/mri/norm.mgz
volume = 256 256 256
voxelsize = 1.000000000000000e+00 1.000000000000000e+00 1.000000000000000e+00
xras   = -1.000000000000000e+00 0.000000000000000e+00 0.000000000000000e+00
yras   = 0.000000000000000e+00 0.000000000000000e+00 -1.000000000000000e+00
zras   = 0.000000000000000e+00 1.000000000000000e+00 0.000000000000000e+00
cras   = 3.362770080566406e+01 -5.178306579589844e+01 1.748271179199219e+01
