#Insight Transform File V1.0
#Transform 0
Transform: AffineTransform_float_3_3
Parameters: 1 -0.000180468 0.000254669 0.000180531 0.999999 0.00183705 -0.000255332 -0.00183696 0.999999 -0.00940067 -0.0511074 0.0403161
FixedParameters: 0 0 0

#Transform 1
Transform: AffineTransform_float_3_3
Parameters: 1 -0.000140383 0.000194725 0.000139617 0.999998 0.00196303 -0.000195274 -0.00196297 0.999998 -0.0128433 -0.0137943 -0.00149563
FixedParameters: 0 0 0

#Transform 2
Transform: AffineTransform_float_3_3
Parameters: 1 -0.000148692 0.000331691 0.000147309 0.999998 0.00208505 -0.000331308 -0.00208495 0.999998 -0.0121088 -0.0274161 -0.00167955
FixedParameters: 0 0 0

#Transform 3
Transform: AffineTransform_float_3_3
Parameters: 1 -6.92799e-07 0.000432999 3.07199e-07 0.999998 0.0016 -0.000433001 -0.0016 0.999998 -0.0157977 0.0321769 -0.0294465
FixedParameters: 0 0 0

#Transform 4
Transform: AffineTransform_float_3_3
Parameters: 1 -0.000158032 0.000589991 0.000157967 1 5.50932e-05 -0.000590008 -5.49068e-05 1 -0.0216907 0.0292408 -0.111093
FixedParameters: 0 0 0

#Transform 5
Transform: AffineTransform_float_3_3
Parameters: 1 -0.000185198 0.000432915 0.000184802 1 0.00045808 -0.000433085 -0.00045792 1 -0.00964596 0.0147092 -0.101547
FixedParameters: 0 0 0

#Transform 6
Transform: AffineTransform_float_3_3
Parameters: 1 -0.000185805 0.000433084 0.000186195 1 -0.000450919 -0.000432916 0.00045108 1 -0.0107997 0.0874755 -0.0687986
FixedParameters: 0 0 0

#Transform 7
Transform: AffineTransform_float_3_3
Parameters: 1 -0.000264773 0.000432528 0.000264228 0.999999 0.00178712 -0.000432473 -0.00178689 0.999999 -0.015956 -0.039132 -0.0120464
FixedParameters: 0 0 0

#Transform 8
Transform: AffineTransform_float_3_3
Parameters: 1 -0.000233481 0.00026658 0.000232519 0.999999 0.00180206 -0.000267419 -0.00180194 0.999999 -0.00186944 -0.0379919 -0.0356632
FixedParameters: 0 0 0

#Transform 9
Transform: AffineTransform_float_3_3
Parameters: 0.999999 -0.000118068 -0.00147384 0.000115932 0.999999 -0.00140317 0.00147416 0.00140283 0.999998 0.0767951 0.0583429 -0.158058
FixedParameters: 0 0 0

#Transform 10
Transform: AffineTransform_float_3_3
Parameters: 0.999999 0.000372488 -0.000768249 -0.000372512 0.999999 -0.000666714 0.000768752 0.000666287 1 -0.0011222 0.168661 -0.0862096
FixedParameters: 0 0 0

#Transform 11
Transform: AffineTransform_float_3_3
Parameters: 0.999999 0.000393561 -0.00130653 -0.00039144 0.999999 0.00119451 0.00130647 -0.00119449 0.999999 0.021292 0.0186945 -0.0248572
FixedParameters: 0 0 0

#Transform 12
Transform: AffineTransform_float_3_3
Parameters: 0.999999 0.000335353 -0.000794273 -0.000336646 0.999999 -0.000813733 0.000793726 0.000814266 1 0.0181576 0.095132 -0.051518
FixedParameters: 0 0 0

#Transform 13
Transform: AffineTransform_float_3_3
Parameters: 1 0.000251727 -0.000228301 -0.000252273 1 -0.00119594 0.000227698 0.00119606 1 -0.000950368 0.104463 -0.0805063
FixedParameters: 0 0 0

#Transform 14
Transform: AffineTransform_float_3_3
Parameters: 1 0.000137907 -0.000148086 -0.000138092 1 -0.000624979 0.000147914 0.00062502 1 -0.00563703 0.0600104 -0.0906529
FixedParameters: 0 0 0

#Transform 15
Transform: AffineTransform_float_3_3
Parameters: 1 0.000233731 -0.000283222 -0.000233269 0.999999 -0.000949934 0.000282779 0.000950066 1 0.000392794 0.0936743 -0.093576
FixedParameters: 0 0 0

#Transform 16
Transform: AffineTransform_float_3_3
Parameters: 1 0.000206815 -0.000157244 -0.000207185 1 -0.00117697 0.000156756 0.00117703 1 -0.00264269 0.10119 -0.119079
FixedParameters: 0 0 0

#Transform 17
Transform: AffineTransform_float_3_3
Parameters: 1 -8.00154e-05 -2.19437e-05 7.99845e-05 0.999999 -0.000703001 2.20562e-05 0.000702998 1 -0.0057712 0.0788576 -0.14437
FixedParameters: 0 0 0

#Transform 18
Transform: AffineTransform_float_3_3
Parameters: 1 -8.03331e-05 -0.000282906 7.96669e-05 1 -0.00117702 0.000283094 0.00117698 1 0.00373292 0.10081 -0.145821
FixedParameters: 0 0 0

#Transform 19
Transform: AffineTransform_float_3_3
Parameters: 1 -8.02867e-05 -0.000282919 7.97133e-05 1 -0.00101302 0.000283081 0.00101298 1 0.00373211 0.120799 -0.138011
FixedParameters: 0 0 0

#Transform 20
Transform: AffineTransform_float_3_3
Parameters: 1 -7.98091e-05 -0.000235065 7.91908e-05 0.999999 0.000811981 0.000234936 -0.000812018 0.999999 0.0153395 -0.0399336 0.0413177
FixedParameters: 0 0 0

#Transform 21
Transform: AffineTransform_float_3_3
Parameters: 1 -0.000307693 0.000480197 0.000308308 0.999999 -0.000639852 -0.000480803 0.000640148 0.999999 0.0190092 0.0886951 -0.179841
FixedParameters: 0 0 0

#Transform 22
Transform: AffineTransform_float_3_3
Parameters: 1 -7.96047e-05 0.000304104 7.93951e-05 0.999999 -0.00129998 -0.000303897 0.00130002 0.999999 0.0325374 0.261099 -0.38187
FixedParameters: 0 0 0

#Transform 23
Transform: AffineTransform_float_3_3
Parameters: 1 0.000125781 -0.00030809 -0.000125219 0.999999 -0.000711961 0.000307911 0.000712038 0.999999 0.0303062 -0.0250731 -0.0728913
FixedParameters: 0 0 0

#Transform 24
Transform: AffineTransform_float_3_3
Parameters: 0.999999 0.000413792 -0.000800591 -0.000413208 1 0.000989332 0.000800409 -0.00098867 0.999999 0.00581757 0.00955656 0.0985829
FixedParameters: 0 0 0

#Transform 25
Transform: AffineTransform_float_3_3
Parameters: 0.999998 0.000252587 -0.00161113 -0.000247413 0.999994 0.0034674 0.00161187 -0.0034666 0.999992 0.0351012 -0.446035 0.436946
FixedParameters: 0 0 0

#Transform 26
Transform: AffineTransform_float_3_3
Parameters: 0.999999 0.000712982 -0.00125131 -0.000710016 0.999997 0.00238189 0.00125369 -0.00238111 0.999997 0.00280258 -0.0425161 0.187558
FixedParameters: 0 0 0

#Transform 27
Transform: AffineTransform_float_3_3
Parameters: 0.999999 0.00053526 -0.00141377 -0.000531739 0.999997 0.00230576 0.00141523 -0.00230425 0.999997 0.014471 -0.106175 0.136909
FixedParameters: 0 0 0

#Transform 28
Transform: AffineTransform_float_3_3
Parameters: 0.999999 0.000712719 -0.00165483 -0.000710281 0.999999 0.00164318 0.00165617 -0.00164182 0.999998 0.0216519 -0.033206 0.105687
FixedParameters: 0 0 0

#Transform 29
Transform: AffineTransform_float_3_3
Parameters: 1 0.000366558 -0.00107813 -0.000363442 0.999997 0.00237239 0.00107887 -0.00237161 0.999996 -0.015849 -0.106906 0.0795658
FixedParameters: 0 0 0

#Transform 30
Transform: AffineTransform_float_3_3
Parameters: 0.999999 0.000346633 -0.00177591 -0.000341368 0.999995 0.00317061 0.00177709 -0.00317039 0.999994 0.00476564 -0.153227 0.165679
FixedParameters: 0 0 0

#Transform 31
Transform: AffineTransform_float_3_3
Parameters: 0.999999 0.000465319 -0.0014266 -0.000461682 0.999996 0.00302666 0.0014274 -0.00302534 0.999995 -0.0096887 -0.117362 0.142691
FixedParameters: 0 0 0

#Transform 32
Transform: AffineTransform_float_3_3
Parameters: 0.999999 0.00028656 -0.00142729 -0.000283441 0.999997 0.00249341 0.00142771 -0.00249359 0.999996 -0.00818753 -0.101713 0.102503
FixedParameters: 0 0 0

#Transform 33
Transform: AffineTransform_float_3_3
Parameters: 0.999998 0.000334931 -0.00160939 -0.000332069 0.999999 0.00182154 0.00160961 -0.00182046 0.999997 0.00626536 -0.018895 0.0550494
FixedParameters: 0 0 0

#Transform 34
Transform: AffineTransform_float_3_3
Parameters: 0.999999 0.000902966 -0.00127031 -0.000902033 1 0.000761147 0.00127169 -0.000759853 0.999999 -0.0730597 0.0578565 0.03031
FixedParameters: 0 0 0

#Transform 35
Transform: AffineTransform_float_3_3
Parameters: 0.999999 0.000710946 -0.000613905 -0.000710052 0.999998 0.00154144 0.000615094 -0.00154056 0.999998 -0.0841618 -0.0511246 0.0542405
FixedParameters: 0 0 0

#Transform 36
Transform: AffineTransform_float_3_3
Parameters: 0.999999 0.000658691 -0.000653304 -0.000657309 0.999999 0.00105743 0.000653696 -0.00105757 0.999999 -0.0689376 -0.00355857 0.0291276
FixedParameters: 0 0 0

#Transform 37
Transform: AffineTransform_float_3_3
Parameters: 0.999999 0.000378586 -0.000777715 -0.000378414 0.999999 0.000753295 0.000778286 -0.000753706 1 -0.0644721 0.0211848 0.0295443
FixedParameters: 0 0 0

#Transform 38
Transform: AffineTransform_float_3_3
Parameters: 1 0.000230828 -0.000215184 -0.000231171 0.999999 -0.00079795 0.000214816 0.000798049 0.999999 -0.0849851 0.0378507 -0.0706335
FixedParameters: 0 0 0

#Transform 39
Transform: AffineTransform_float_3_3
Parameters: 0.999999 0.000711387 -0.000672535 -0.000710613 0.999997 0.00206048 0.000673465 -0.00206052 0.999997 -0.0680385 0.0109745 -0.0149846
FixedParameters: 0 0 0

#Transform 40
Transform: AffineTransform_float_3_3
Parameters: 1 0.00056395 -0.000158179 -0.00056405 1 -0.000317911 0.000157821 0.000318089 1 -0.0845334 0.0394041 -0.0785757
FixedParameters: 0 0 0

#Transform 41
Transform: AffineTransform_float_3_3
Parameters: 1 0.000545827 -0.000158597 -0.000546172 1 -0.00109291 0.000157403 0.00109309 1 -0.0839355 0.0986067 -0.0869405
FixedParameters: 0 0 0

#Transform 42
Transform: AffineTransform_float_3_3
Parameters: 1 0.000305148 0.000334865 -0.000304852 1 -0.000442102 -0.000335135 0.000441898 1 -0.105039 0.0311135 -0.0718197
FixedParameters: 0 0 0

#Transform 43
Transform: AffineTransform_float_3_3
Parameters: 1 0.000260165 -0.000621513 -0.000258836 0.999998 0.00187416 0.000621486 -0.00187384 0.999998 -0.0556988 -0.14094 0.0413702
FixedParameters: 0 0 0

#Transform 44
Transform: AffineTransform_float_3_3
Parameters: 0.999999 0.000368343 -0.000621206 -0.000366657 0.999997 0.00216023 0.000621794 -0.00216077 0.999998 -0.0702887 0.00356557 0.0139234
FixedParameters: 0 0 0

#Transform 45
Transform: AffineTransform_float_3_3
Parameters: 1 0.00018102 3.59001e-05 -0.00018098 1 -0.000552006 -3.60999e-05 0.000551993 1 -0.0868439 0.0400806 -0.0848635
FixedParameters: 0 0 0

#Transform 46
Transform: AffineTransform_float_3_3
Parameters: 1 0.000324869 -0.000156273 -0.000325131 0.999999 -0.000838949 0.000155727 0.00083905 0.999999 -0.0870491 0.0901431 -0.113104
FixedParameters: 0 0 0

#Transform 47
Transform: AffineTransform_float_3_3
Parameters: 0.999999 0.000518559 -0.000554412 -0.00051944 0.999999 -0.000794712 0.000553587 0.000795287 0.999999 -0.0724553 0.0216038 -0.100532
FixedParameters: 0 0 0

#Transform 48
Transform: AffineTransform_float_3_3
Parameters: 1 0.000543955 -3.96256e-05 -0.000544046 0.999999 -0.00114998 3.93744e-05 0.00115002 1 -0.0845137 0.0671455 -0.12756
FixedParameters: 0 0 0

#Transform 49
Transform: AffineTransform_float_3_3
Parameters: 1 0.000519804 -0.00013575 -0.000520196 0.999999 -0.00144293 0.000135249 0.00144307 0.999999 -0.0760608 0.0970115 -0.132969
FixedParameters: 0 0 0

#Transform 50
Transform: AffineTransform_float_3_3
Parameters: 1 0.000566873 -0.000135533 -0.000567127 1 -0.000940923 0.000134466 0.000941076 0.999999 -0.0765647 0.0618392 -0.134047
FixedParameters: 0 0 0

#Transform 51
Transform: AffineTransform_float_3_3
Parameters: 1 0.000388721 -0.000135802 -0.000389279 0.999998 -0.00206195 0.000135198 0.00206105 0.999998 -0.0737959 0.11464 -0.125706
FixedParameters: 0 0 0

#Transform 52
Transform: AffineTransform_float_3_3
Parameters: 1 0.000369395 0.000216327 -0.000368606 0.999999 -0.00182308 -0.000216672 0.00182292 0.999999 -0.0834046 0.0764661 -0.145373
FixedParameters: 0 0 0

#Transform 53
Transform: AffineTransform_float_3_3
Parameters: 1 -2.29073e-05 8.10263e-05 2.30927e-05 1 -0.001144 -8.09737e-05 0.001144 1 -0.0800948 0.0499554 -0.131616
FixedParameters: 0 0 0

#Transform 54
Transform: AffineTransform_float_3_3
Parameters: 1 0.000304422 0.000233451 -0.000303577 0.999999 -0.00180607 -0.000234549 0.00180593 0.999999 -0.0756144 0.0631014 -0.11493
FixedParameters: 0 0 0

#Transform 55
Transform: AffineTransform_float_3_3
Parameters: 1 2.4419e-05 0.000215953 -2.35809e-05 0.999998 -0.00194001 -0.000216046 0.00194 0.999998 -0.0710805 0.0483775 -0.164375
FixedParameters: 0 0 0

#Transform 56
Transform: AffineTransform_float_3_3
Parameters: 1 -6.642e-05 0.000382101 6.65798e-05 0.999999 -0.00151797 -0.000381899 0.00151802 0.999999 -0.0766648 0.0461135 -0.169375
FixedParameters: 0 0 0

#Transform 57
Transform: AffineTransform_float_3_3
Parameters: 1 0.000138484 0.000279761 -0.000137515 0.999998 -0.00173104 -0.000280239 0.00173096 0.999999 -0.0686259 0.0641803 -0.121882
FixedParameters: 0 0 0

#Transform 58
Transform: AffineTransform_float_3_3
Parameters: 0.999998 0.000300511 -0.00156667 -0.00030449 0.999998 -0.00222753 0.00156633 0.00222748 0.999997 -0.0223367 0.0870232 -0.0753342
FixedParameters: 0 0 0

#Transform 59
Transform: AffineTransform_float_3_3
Parameters: 1 0.000106632 0.000387827 -0.000106368 0.999998 -0.00162904 -0.000388174 0.00162896 0.999998 -0.10331 0.0881531 -0.128564
FixedParameters: 0 0 0

#Transform 60
Transform: AffineTransform_float_3_3
Parameters: 1 0.000106915 -3.62505e-05 -0.000107086 0.999998 -0.002342 3.67493e-05 0.00234201 0.999998 -0.080848 0.111142 -0.125052
FixedParameters: 0 0 0

#Transform 61
Transform: AffineTransform_float_3_3
Parameters: 1 5.37398e-05 0.000387898 -5.326e-05 0.999998 -0.00190702 -0.000388102 0.00190698 0.999998 -0.0905187 0.0699844 -0.15809
FixedParameters: 0 0 0

#Transform 62
Transform: AffineTransform_float_3_3
Parameters: 1 -5.51859e-07 0.000388001 1.44814e-06 1 -0.001155 -0.000387999 0.001155 1 -0.0939653 0.0460374 -0.16254
FixedParameters: 0 0 0

#Transform 63
Transform: AffineTransform_float_3_3
Parameters: 1 -5.69637e-06 0.000190009 5.30361e-06 0.999998 -0.001598 -0.000189992 0.001598 0.999998 -0.0874697 0.0995526 -0.177141
FixedParameters: 0 0 0

#Transform 64
Transform: AffineTransform_float_3_3
Parameters: 1 -3.92022e-05 0.000388081 3.97997e-05 0.999998 -0.00205598 -0.000388919 0.00205601 0.999998 -0.0902561 0.155771 -0.186809
FixedParameters: 0 0 0

#Transform 65
Transform: AffineTransform_float_3_3
Parameters: 1 2.24283e-05 0.000387976 -2.25716e-05 1 -0.00110401 -0.000388025 0.00110399 1 -0.0960195 0.0302441 -0.177674
FixedParameters: 0 0 0

#Transform 66
Transform: AffineTransform_float_3_3
Parameters: 1 -0.000141037 -2.98235e-05 0.000141962 0.999999 -0.001252 3.01778e-05 0.001252 0.999999 -0.0805929 0.025469 -0.1664
FixedParameters: 0 0 0

#Transform 67
Transform: AffineTransform_float_3_3
Parameters: 1 -3.90719e-05 -7.99649e-05 3.8928e-05 0.999999 -0.000899002 8.0035e-05 0.000898996 0.999999 -0.0742067 0.0133576 -0.224085
FixedParameters: 0 0 0

#Transform 68
Transform: AffineTransform_float_3_3
Parameters: 1 -0.000190925 9.51499e-05 0.000191074 0.999999 -0.000784981 -9.485e-05 0.000785018 0.999999 -0.0818433 0.0458516 -0.204228
FixedParameters: 0 0 0

#Transform 69
Transform: AffineTransform_float_3_3
Parameters: 1 -0.000191155 -7.96293e-05 0.000190844 0.999998 -0.00194002 8.03704e-05 0.00193999 0.999998 -0.0720607 0.101735 -0.190679
FixedParameters: 0 0 0

#Transform 70
Transform: AffineTransform_float_3_3
Parameters: 1 -0.00019123 -0.000215796 0.00019077 1 -0.00106604 0.000216204 0.00106596 1 -0.0675099 0.0222396 -0.21469
FixedParameters: 0 0 0

#Transform 71
Transform: AffineTransform_float_3_3
Parameters: 1 -0.00019108 -0.00012788 0.00019092 1 -0.000626024 0.00012712 0.000625975 1 -0.0711763 0.00836336 -0.195759
FixedParameters: 0 0 0

#Transform 72
Transform: AffineTransform_float_3_3
Parameters: 0.999999 0.000453362 -0.000761977 -0.000455638 0.999997 -0.00215165 0.000761022 0.00215135 0.999998 -0.0307513 0.150902 -0.273456
FixedParameters: 0 0 0

#Transform 73
Transform: AffineTransform_float_3_3
Parameters: 0.999997 0.000708634 -0.00240678 -0.000718368 0.999992 -0.00389328 0.00240422 0.00389471 0.999989 0.0495491 0.0731938 -0.163895
FixedParameters: 0 0 0

#Transform 74
Transform: AffineTransform_float_3_3
Parameters: 1 0.000225261 -0.00115414 -0.000226738 1 -0.000639739 0.00115386 0.00064026 0.999999 -0.000519166 -0.0138834 -0.151765
FixedParameters: 0 0 0

#Transform 75
Transform: AffineTransform_float_3_3
Parameters: 0.999998 0.000222433 -0.00196941 -0.000226567 0.999999 -0.00181156 0.00196859 0.00181144 0.999997 0.0130119 0.174127 -0.200304
FixedParameters: 0 0 0

#Transform 76
Transform: AffineTransform_float_3_3
Parameters: 0.999999 0.000528971 -0.00125885 -0.000531029 0.999998 -0.00161233 0.00125815 0.00161267 0.999998 -0.0127296 0.172001 -0.205997
FixedParameters: 0 0 0

#Transform 77
Transform: AffineTransform_float_3_3
Parameters: 0.999999 0.000223897 -0.00134635 -0.000226102 0.999999 -0.0015617 0.00134565 0.0015623 0.999998 -0.00965724 0.134769 -0.210801
FixedParameters: 0 0 0

#Transform 78
Transform: AffineTransform_float_3_3
Parameters: 1 0.000223669 -0.00117945 -0.000226332 0.999998 -0.00197774 0.00117856 0.00197727 0.999998 -0.0157021 0.144075 -0.222915
FixedParameters: 0 0 0

#Transform 79
Transform: AffineTransform_float_3_3
Parameters: 0.999998 0.000571095 -0.00157742 -0.000574906 0.999997 -0.0024761 0.00157658 0.0024769 0.999995 -0.00098526 0.212809 -0.298414
FixedParameters: 0 0 0

#Transform 80
Transform: AffineTransform_float_3_3
Parameters: 0.999999 0.000415686 -0.00117946 -0.000416314 1 -0.00111451 0.00117854 0.00111449 0.999998 -0.0155967 0.100747 -0.272436
FixedParameters: 0 0 0

#Transform 81
Transform: AffineTransform_float_3_3
Parameters: 1 0.00047307 -0.00111982 -0.00047493 0.999999 -0.00172447 0.00111818 0.00172453 0.999998 -0.0178022 0.14374 -0.21925
FixedParameters: 0 0 0

#Transform 82
Transform: AffineTransform_float_3_3
Parameters: 0.999999 0.000563075 -0.00117944 -0.000563924 0.999999 -0.000783335 0.00117856 0.000784664 0.999999 -0.0277393 0.0531252 -0.219846
FixedParameters: 0 0 0

#Transform 83
Transform: AffineTransform_float_3_3
Parameters: 1 0.000304368 -0.00117916 -0.000304632 1 -0.000535641 0.00117884 0.000536359 0.999999 -0.0157254 0.0448816 -0.21253
FixedParameters: 0 0 0

#Transform 84
Transform: AffineTransform_float_3_3
Parameters: 0.999999 0.000224829 -0.0013432 -0.000226171 0.999999 -0.000871696 0.0013428 0.000872302 0.999998 -0.00296151 0.120735 -0.242821
FixedParameters: 0 0 0

#Transform 85
Transform: AffineTransform_float_3_3
Parameters: 0.999999 0.000459542 -0.00136615 -0.000459457 1 -0.000334373 0.00136585 0.000335628 0.999999 -0.00885782 0.0708618 -0.23431
FixedParameters: 0 0 0

#Transform 86
Transform: AffineTransform_float_3_3
Parameters: 0.999999 0.000565915 -0.00114454 -0.000567085 1 -0.000948352 0.00114346 0.000948648 0.999999 -0.0224919 0.0796596 -0.215158
FixedParameters: 0 0 0

#Transform 87
Transform: AffineTransform_float_3_3
Parameters: 1 0.000225501 -0.0011441 -0.0002265 1 -0.000436741 0.0011439 0.000436258 1 -0.0268334 0.0435144 -0.19858
FixedParameters: 0 0 0

#Transform 88
Transform: AffineTransform_float_3_3
Parameters: 0.999999 0.000479854 -0.00135705 -0.000480146 1 -0.000107349 0.00135695 0.000107651 0.999999 -0.0209712 0.0467327 -0.163196
FixedParameters: 0 0 0

#Transform 89
Transform: AffineTransform_float_3_3
Parameters: 0.999998 0.000404124 -0.00162247 -0.000405876 0.999999 -0.00115634 0.00162153 0.00115666 0.999998 -0.0187111 0.201908 -0.327929
FixedParameters: 0 0 0

#Transform 90
Transform: AffineTransform_float_3_3
Parameters: 0.999998 0.000761593 -0.00213215 -0.000762408 0.999999 -0.000190375 0.00213185 0.000191624 0.999997 0.0166677 0.138037 -0.225509
FixedParameters: 0 0 0

#Transform 91
Transform: AffineTransform_float_3_3
Parameters: 0.999997 0.000573675 -0.0023816 -0.000572323 0.999999 0.000704365 0.0023824 -0.000702635 0.999997 0.0105858 0.102322 -0.282998
FixedParameters: 0 0 0

#Transform 92
Transform: AffineTransform_float_3_3
Parameters: 0.999997 0.00101846 -0.00220725 -0.00101854 1 -0.000244753 0.00220675 0.000247248 0.999998 -0.000657379 0.194363 -0.318729
FixedParameters: 0 0 0

#Transform 93
Transform: AffineTransform_float_3_3
Parameters: 0.999996 0.00101937 -0.00237184 -0.00101863 1 0.000158417 0.00237216 -0.000155583 0.999997 -0.0210945 0.124616 -0.293449
FixedParameters: 0 0 0

#Transform 94
Transform: AffineTransform_float_3_3
Parameters: 0.999996 0.00103041 -0.00283788 -0.00101859 0.999992 0.00401891 0.00284212 -0.00401609 0.999988 -0.00575906 -0.064209 -0.0884439
FixedParameters: 0 0 0

#Transform 95
Transform: AffineTransform_float_3_3
Parameters: 0.999997 0.00102129 -0.00218193 -0.00101871 0.999999 0.00104923 0.00218207 -0.00104677 0.999997 -0.0510128 0.0970911 -0.258429
FixedParameters: 0 0 0

#Transform 96
Transform: AffineTransform_float_3_3
Parameters: 0.999996 0.0013931 -0.00218166 -0.0013909 0.999998 0.000962037 0.00218234 -0.000958963 0.999997 -0.0492659 0.133735 -0.27786
FixedParameters: 0 0 0

#Transform 97
Transform: AffineTransform_float_3_3
Parameters: 0.999997 0.00121304 -0.00218242 -0.00121196 0.999999 0.000479646 0.00218258 -0.000477354 0.999997 -0.0472663 0.186056 -0.296671
FixedParameters: 0 0 0

#Transform 98
Transform: AffineTransform_float_3_3
Parameters: 0.999998 0.00137374 -0.00174742 -0.00137326 0.999999 0.000426401 0.00174759 -0.0004236 0.999999 -0.0663723 0.151873 -0.318916
FixedParameters: 0 0 0

#Transform 99
Transform: AffineTransform_float_3_3
Parameters: 0.999997 0.00102034 -0.00188928 -0.00101866 0.999999 0.000707926 0.00188972 -0.000706074 0.999998 -0.0605541 0.1333 -0.305066
FixedParameters: 0 0 0

#Transform 100
Transform: AffineTransform_float_3_3
Parameters: 0.999997 0.00113709 -0.00212895 -0.00113691 1 4.34206e-05 0.00212905 -4.15792e-05 0.999997 -0.0435549 0.142826 -0.278131
FixedParameters: 0 0 0

#Transform 101
Transform: AffineTransform_float_3_3
Parameters: 0.999998 0.00113718 -0.00154887 -0.00113682 1 0.000118761 0.00154913 -0.000117239 0.999999 -0.0746525 0.0832229 -0.236433
FixedParameters: 0 0 0

#Transform 102
Transform: AffineTransform_float_3_3
Parameters: 0.999998 0.000919731 -0.00146117 -0.000919267 0.999999 -0.000182657 0.00146083 0.000184344 0.999999 -0.0578565 0.123054 -0.250877
FixedParameters: 0 0 0

#Transform 103
Transform: AffineTransform_float_3_3
Parameters: 0.999999 0.000926864 -0.00145273 -0.000928137 1 -0.000781653 0.00145227 0.000783347 0.999998 -0.0614216 0.192858 -0.278652
FixedParameters: 0 0 0

#Transform 104
Transform: AffineTransform_float_3_3
Parameters: 0.999997 0.00101865 -0.00191119 -0.00101835 1 -0.000182054 0.00191081 0.000183947 0.999998 -0.0414753 0.0943054 -0.24735
FixedParameters: 0 0 0

#Transform 105
Transform: AffineTransform_float_3_3
Parameters: 0.999998 0.00101727 -0.00181797 -0.00101873 0.999999 -0.00095215 0.00181703 0.00095485 0.999998 -0.0370444 0.152147 -0.263842
FixedParameters: 0 0 0

#Transform 106
Transform: AffineTransform_float_3_3
Parameters: 0.999998 0.0010183 -0.0018024 -0.0010187 1 -0.000389165 0.0018016 0.000390836 0.999999 -0.0453117 0.142828 -0.286361
FixedParameters: 0 0 0

#Transform 107
Transform: AffineTransform_float_3_3
Parameters: 0.999997 0.00101882 -0.00222708 -0.00101818 1 -7.97327e-05 0.00222692 8.22692e-05 0.999998 -0.0298137 0.11996 -0.308232
FixedParameters: 0 0 0

#Transform 108
Transform: AffineTransform_float_3_3
Parameters: 0.999997 0.00101753 -0.00224767 -0.00101847 1 -0.000654713 0.00224633 0.000657288 0.999998 -0.0217176 0.185674 -0.338254
FixedParameters: 0 0 0

#Transform 109
Transform: AffineTransform_float_3_3
Parameters: 0.999997 0.00101776 -0.00224756 -0.00101824 1 -0.000549713 0.00224644 0.000551288 0.999998 -0.0289153 0.192467 -0.366478
FixedParameters: 0 0 0

#Transform 110
Transform: AffineTransform_float_3_3
Parameters: 0.999996 0.00123659 -0.00224723 -0.00123741 0.999999 -0.00018222 0.00224677 0.000184779 0.999998 -0.02882 0.129033 -0.359651
FixedParameters: 0 0 0

#Transform 111
Transform: AffineTransform_float_3_3
Parameters: 0.999996 0.00101659 -0.00236603 -0.00101841 0.999999 -0.00101659 0.00236496 0.00101841 0.999996 -0.0170437 0.229303 -0.362348
FixedParameters: 0 0 0

#Transform 112
Transform: AffineTransform_float_3_3
Parameters: 0.999997 0.00101765 -0.00224761 -0.00101835 1 -0.000599713 0.00224639 0.000602288 0.999998 -0.0218938 0.117398 -0.383355
FixedParameters: 0 0 0

#Transform 113
Transform: AffineTransform_float_3_3
Parameters: 0.999997 0.00100226 -0.0024963 -0.00100274 0.999999 -0.000294498 0.0024957 0.000296502 0.999997 -0.0116809 0.0810302 -0.402471
FixedParameters: 0 0 0

#Transform 114
Transform: AffineTransform_float_3_3
Parameters: 0.999997 0.000964244 -0.00235672 -0.000965758 1 -0.000744727 0.00235628 0.000746275 0.999997 -0.00245869 0.129423 -0.395874
FixedParameters: 0 0 0

#Transform 115
Transform: AffineTransform_float_3_3
Parameters: 0.999998 0.000759126 -0.00194234 -0.000760872 0.999999 -0.000448523 0.00194266 0.000450476 0.999998 -0.0337102 0.163765 -0.378986
FixedParameters: 0 0 0

#Transform 116
Transform: AffineTransform_float_3_3
Parameters: 0.999998 0.000827442 -0.00191981 -0.000827559 0.999999 0.000230589 0.00191919 -0.000229412 0.999998 -0.0290132 0.136758 -0.379376
FixedParameters: 0 0 0

#Transform 117
Transform: AffineTransform_float_3_3
Parameters: 0.999997 0.000754793 -0.00203545 -0.000756206 0.999999 -0.000592462 0.00203455 0.000593537 0.999998 -0.0166132 0.205674 -0.369341
FixedParameters: 0 0 0

#Transform 118
Transform: AffineTransform_float_3_3
Parameters: 0.999998 0.000703261 -0.00180507 -0.000705738 0.999998 -0.00151673 0.00180393 0.00151827 0.999997 -0.02106 0.242145 -0.371322
FixedParameters: 0 0 0

#Transform 119
Transform: AffineTransform_float_3_3
Parameters: 0.999998 0.000747081 -0.00175839 -0.00074792 0.999999 -0.000522686 0.00175861 0.000523315 0.999999 -0.032114 0.136485 -0.319908
FixedParameters: 0 0 0

#Transform 120
Transform: AffineTransform_float_3_3
Parameters: 0.999998 0.000962325 -0.0017849 -0.000964676 0.999999 -0.00093828 0.00178409 0.000939719 0.999998 -0.0214257 0.189628 -0.321771
FixedParameters: 0 0 0

#Transform 121
Transform: AffineTransform_float_3_3
Parameters: 0.999998 0.000821543 -0.00183376 -0.000820457 0.999999 0.000296505 0.00183424 -0.000295494 0.999999 -0.0272823 0.0691 -0.329397
FixedParameters: 0 0 0

#Transform 122
Transform: AffineTransform_float_3_3
Parameters: 0.999996 0.00119918 -0.00226991 -0.00119882 1 8.07215e-05 0.0022701 -7.82781e-05 0.999998 -0.0280206 0.216473 -0.342912
FixedParameters: 0 0 0

#Transform 123
Transform: AffineTransform_float_3_3
Parameters: 0.999998 0.000810181 -0.00181047 -0.000809819 1 0.000653468 0.00181053 -0.000651535 0.999998 -0.0317796 0.075608 -0.318096
FixedParameters: 0 0 0

#Transform 124
Transform: AffineTransform_float_3_3
Parameters: 0.999998 0.000796197 -0.00205854 -0.000794802 0.999999 0.000582637 0.00205946 -0.000580361 0.999997 -0.0213234 0.0668641 -0.324557
FixedParameters: 0 0 0

#Transform 125
Transform: AffineTransform_float_3_3
Parameters: 0.999998 0.000844944 -0.0020452 -0.000843056 0.999999 0.000951727 0.0020458 -0.000949274 0.999998 -0.0121507 0.125628 -0.363729
FixedParameters: 0 0 0

#Transform 126
Transform: AffineTransform_float_3_3
Parameters: 0.999996 0.0011431 -0.00229495 -0.0011409 0.999999 0.000917621 0.00229605 -0.000915378 0.999997 -0.027103 0.0623371 -0.389196
FixedParameters: 0 0 0

#Transform 127
Transform: AffineTransform_float_3_3
Parameters: 0.999997 0.00114297 -0.00218049 -0.00114203 0.999999 0.000445492 0.00218051 -0.000442509 0.999998 -0.0236671 0.117824 -0.306178
FixedParameters: 0 0 0

#Transform 128
Transform: AffineTransform_float_3_3
Parameters: 0.999998 0.00129037 -0.00194343 -0.00128763 0.999999 0.00121951 0.00194557 -0.00121649 0.999998 -0.0398427 0.07639 -0.285574
FixedParameters: 0 0 0

#Transform 129
Transform: AffineTransform_float_3_3
Parameters: 0.999996 0.00106434 -0.00261605 -0.00106166 0.999999 0.000894781 0.00261695 -0.000892218 0.999996 -0.00777025 0.0740112 -0.287284
FixedParameters: 0 0 0

#Transform 130
Transform: AffineTransform_float_3_3
Parameters: 0.999995 0.00128934 -0.00261634 -0.00128766 0.999999 0.000514371 0.00261666 -0.000510629 0.999997 -0.0152815 0.163368 -0.327295
FixedParameters: 0 0 0

#Transform 131
Transform: AffineTransform_float_3_3
Parameters: 0.999996 0.0014799 -0.00219739 -0.0014781 0.999999 0.00041225 0.00219861 -0.000408748 0.999998 -0.0454067 0.116925 -0.347637
FixedParameters: 0 0 0

#Transform 132
Transform: AffineTransform_float_3_3
Parameters: 0.999996 0.0012887 -0.00242363 -0.0012883 0.999999 0.000292123 0.00242337 -0.000288878 0.999997 -0.0223594 0.141822 -0.299876
FixedParameters: 0 0 0

#Transform 133
Transform: AffineTransform_float_3_3
Parameters: 0.999996 0.000961437 -0.00242383 -0.000960563 0.999999 0.000181329 0.00242317 -0.000179671 0.999997 -0.0226091 0.134656 -0.316286
FixedParameters: 0 0 0

#Transform 134
Transform: AffineTransform_float_3_3
Parameters: 0.999998 0.00100302 -0.00200749 -0.00100198 1 0.000510013 0.00200851 -0.000507987 0.999998 -0.034877 0.163545 -0.323843
FixedParameters: 0 0 0

#Transform 135
Transform: AffineTransform_float_3_3
Parameters: 0.999997 0.00119747 -0.00242426 -0.00119753 1 -0.000218098 0.00242374 0.000220903 0.999997 -0.0223052 0.156885 -0.332912
FixedParameters: 0 0 0

#Transform 136
Transform: AffineTransform_float_3_3
Parameters: 0.999997 0.000995281 -0.00249149 -0.00099372 1 0.000515478 0.00249151 -0.000512522 0.999997 -0.0199411 0.155377 -0.341538
FixedParameters: 0 0 0

#Transform 137
Transform: AffineTransform_float_3_3
Parameters: 0.999988 0.0017575 -0.00444176 -0.00177249 0.999993 -0.00326216 0.00443523 0.00327083 0.999985 0.0182142 0.0694005 -0.13552
FixedParameters: 0 0 0

#Transform 138
Transform: AffineTransform_float_3_3
Parameters: 0.99999 0.00133467 -0.00442592 -0.00134133 0.999998 -0.00142808 0.00442409 0.00143392 0.999989 0.00510093 0.0220039 -0.0567032
FixedParameters: 0 0 0

#Transform 139
Transform: AffineTransform_float_3_3
Parameters: 0.999998 0.00104164 -0.00174122 -0.00104236 1 -0.000207185 0.00174078 0.000208814 0.999998 -0.0584618 0.082698 -0.094046
FixedParameters: 0 0 0

#Transform 140
Transform: AffineTransform_float_3_3
Parameters: 0.999999 0.000898819 -0.00146566 -0.000895181 0.999996 0.00260432 0.00146834 -0.00260268 0.999995 -0.030434 -0.0822185 0.0433327
FixedParameters: 0 0 0

#Transform 141
Transform: AffineTransform_float_3_3
Parameters: 0.999998 0.000819584 -0.00176288 -0.000815416 0.999997 0.00259944 0.00176512 -0.00259756 0.999995 -0.038375 -0.00414515 -0.0401639
FixedParameters: 0 0 0

#Transform 142
Transform: AffineTransform_float_3_3
Parameters: 0.999997 0.00104155 -0.00196106 -0.00103544 0.999995 0.00283204 0.00196394 -0.00282996 0.999994 -0.0373064 -0.00267531 -0.0595686
FixedParameters: 0 0 0

#Transform 143
Transform: AffineTransform_float_3_3
Parameters: 0.999998 0.000957465 -0.00180364 -0.000952532 0.999996 0.00247572 0.00180636 -0.00247328 0.999996 -0.035635 0.0220899 -0.064598
FixedParameters: 0 0 0

#Transform 144
Transform: AffineTransform_float_3_3
Parameters: 0.999999 0.000900449 -0.00159193 -0.000895556 0.999994 0.00341943 0.00159407 -0.00341857 0.999993 -0.0393814 -0.0344224 -0.0741379
FixedParameters: 0 0 0

#Transform 145
Transform: AffineTransform_float_3_3
Parameters: 0.999997 0.000840824 -0.00219626 -0.000830176 0.999989 0.00447083 0.00219973 -0.00446816 0.999987 -0.0139377 -0.0759323 -0.0470684
FixedParameters: 0 0 0

#Transform 146
Transform: AffineTransform_float_3_3
Parameters: 0.999998 0.000899587 -0.00147922 -0.000895412 0.999995 0.00309933 0.00148178 -0.00309767 0.999994 -0.0426075 -0.0206581 -0.0854636
FixedParameters: 0 0 0

#Transform 147
Transform: AffineTransform_float_3_3
Parameters: 0.999998 0.000898947 -0.00130429 -0.00089505 0.999995 0.00302417 0.00130771 -0.00302283 0.999994 -0.0473676 -0.0277848 -0.0655232
FixedParameters: 0 0 0

#Transform 148
Transform: AffineTransform_float_3_3
Parameters: 0.999998 0.000770329 -0.00139161 -0.000765672 0.999995 0.00310907 0.00139339 -0.00310793 0.999994 -0.04512 -0.0388144 -0.0499204
FixedParameters: 0 0 0

#Transform 149
Transform: AffineTransform_float_3_3
Parameters: 0.999999 0.000490196 -0.0014606 -0.000485803 0.999996 0.00287171 0.0014624 -0.00287129 0.999995 -0.0432909 0.00296028 -0.100329
FixedParameters: 0 0 0

#Transform 150
Transform: AffineTransform_float_3_3
Parameters: 0.999999 0.000901014 -0.00163771 -0.000894986 0.999993 0.00366847 0.00164129 -0.00366753 0.999992 -0.0510123 -0.0608286 -0.107836
FixedParameters: 0 0 0

#Transform 151
Transform: AffineTransform_float_3_3
Parameters: 0.999998 0.000966473 -0.00162375 -0.000960529 0.999994 0.00336857 0.00162624 -0.00336643 0.999993 -0.0571748 -0.0182027 -0.120638
FixedParameters: 0 0 0

#Transform 152
Transform: AffineTransform_float_3_3
Parameters: 0.999999 0.000734383 -0.00105604 -0.000733618 0.999999 0.00130878 0.00105696 -0.00130822 0.999998 -0.077834 0.0407303 -0.207717
FixedParameters: 0 0 0

#Transform 153
Transform: AffineTransform_float_3_3
Parameters: 1 0.000512366 -0.000957739 -0.000510635 0.999997 0.00246949 0.000958264 -0.00246851 0.999997 -0.0598463 -0.0658471 -0.0320925
FixedParameters: 0 0 0

#Transform 154
Transform: AffineTransform_float_3_3
Parameters: 1 0.000377039 -0.000419965 -0.000376961 1 9.31583e-05 0.000420035 -9.28416e-05 1 -0.0519872 0.0634862 -0.0864861
FixedParameters: 0 0 0

#Transform 155
Transform: AffineTransform_float_3_3
Parameters: 1 -4.65952e-05 -0.000277068 4.74046e-05 0.999999 0.00146099 0.000276931 -0.00146101 0.999999 -0.0387528 -0.0749045 0.0469081
FixedParameters: 0 0 0

#Transform 156
Transform: AffineTransform_float_3_3
Parameters: 0.999999 0.000567436 -0.0011403 -0.000563566 0.999996 0.00301065 0.0011417 -0.00301035 0.999995 -0.0716909 -0.00299794 -0.054194
FixedParameters: 0 0 0

#Transform 157
Transform: AffineTransform_float_3_3
Parameters: 0.999999 0.000378851 -0.000694994 -0.000377149 0.999997 0.00266126 0.000696006 -0.00266174 0.999996 -0.0607338 -0.0150375 -0.0577446
FixedParameters: 0 0 0

#Transform 158
Transform: AffineTransform_float_3_3
Parameters: 1 0.000379247 -0.0010592 -0.000376754 0.999997 0.0021204 0.0010598 -0.0021206 0.999997 -0.0474296 0.0215103 -0.0737586
FixedParameters: 0 0 0

#Transform 159
Transform: AffineTransform_float_3_3
Parameters: 0.999999 0.000377265 -0.000745865 -0.000376734 1 0.000356281 0.000746134 -0.000355718 0.999999 -0.0530863 0.0509622 -0.123869
FixedParameters: 0 0 0

#Transform 160
Transform: AffineTransform_float_3_3
Parameters: 0.999999 0.000379766 -0.000809708 -0.000377232 0.999994 0.00341431 0.000811292 -0.00341369 0.999994 -0.0496217 -0.0951815 -0.0485619
FixedParameters: 0 0 0

#Transform 161
Transform: AffineTransform_float_3_3
Parameters: 1 0.000460924 -0.00093708 -0.000457077 0.999991 0.00418343 0.00093892 -0.00418257 0.999991 -0.0418223 -0.0672641 -0.0512388
FixedParameters: 0 0 0

#Transform 162
Transform: AffineTransform_float_3_3
Parameters: 1 0.000377178 -0.000432845 -0.000376822 1 0.000411163 0.000433155 -0.000411837 1 -0.0564506 0.0752263 -0.137962
FixedParameters: 0 0 0

#Transform 163
Transform: AffineTransform_float_3_3
Parameters: 1 0.000377252 -0.000478801 -0.000376748 1 0.00052618 0.000479198 -0.000525819 0.999999 -0.0513493 0.0559465 -0.132205
FixedParameters: 0 0 0

#Transform 164
Transform: AffineTransform_float_3_3
Parameters: 0.999999 0.000377447 -0.000758777 -0.000376553 1 0.000589286 0.000759221 -0.000588713 0.999999 -0.0402505 0.0502067 -0.127478
FixedParameters: 0 0 0

#Transform 165
Transform: AffineTransform_float_3_3
Parameters: 1 0.000376895 -0.000479082 -0.000377105 1 -0.000218819 0.000478917 0.00021918 1 -0.0464052 0.0887473 -0.114827
FixedParameters: 0 0 0

#Transform 166
Transform: AffineTransform_float_3_3
Parameters: 1 0.000377049 -0.000478961 -0.000376951 1 0.000102181 0.000479039 -0.000102819 1 -0.0417192 0.0414202 -0.124961
FixedParameters: 0 0 0

#Transform 167
Transform: AffineTransform_float_3_3
Parameters: 1 -5.50098e-05 2.09743e-05 5.49902e-05 1 0.000468001 -2.10257e-05 -0.000467999 1 -0.0574767 0.0110271 -0.106388
FixedParameters: 0 0 0

#Transform 168
Transform: AffineTransform_float_3_3
Parameters: 1 -4.29837e-05 -0.000135005 4.30163e-05 1 0.000120994 0.000134995 -0.000121006 1 -0.05173 0.0159748 -0.0951428
FixedParameters: 0 0 0

#Transform 169
Transform: AffineTransform_float_3_3
Parameters: 0.999999 8.94031e-05 -0.000714583 -8.65948e-05 0.999988 0.00476106 0.00071542 -0.00476094 0.999989 -0.0246033 -0.0969063 -0.0354054
FixedParameters: 0 0 0

#Transform 170
Transform: AffineTransform_float_3_3
Parameters: 1 6.08823e-05 0.000234031 -6.11179e-05 1 0.000503986 -0.000233969 -0.000503014 1 -0.0595345 0.0392627 -0.137897
FixedParameters: 0 0 0

#Transform 171
Transform: AffineTransform_float_3_3
Parameters: 1 5.99353e-05 -0.000220018 -6.00647e-05 1 -0.000293987 0.000219982 0.000294013 1 -0.049679 0.0661055 -0.0943036
FixedParameters: 0 0 0

#Transform 172
Transform: AffineTransform_float_3_3
Parameters: 1 -3.79877e-05 -8.90052e-05 3.80123e-05 1 0.000137997 8.89948e-05 -0.000138003 1 -0.0543049 0.0311898 -0.118411
FixedParameters: 0 0 0

#Transform 173
Transform: AffineTransform_float_3_3
Parameters: 0.999999 0.000227699 -0.000732166 -0.000225301 0.999993 0.00368517 0.000732835 -0.00368483 0.999993 -0.026084 -0.0728917 -0.0552314
FixedParameters: 0 0 0

#Transform 174
Transform: AffineTransform_float_3_3
Parameters: 0.999999 -6.95117e-05 -0.000742237 7.24875e-05 0.999995 0.00335295 0.000741761 -0.00335305 0.999994 -0.0262068 -0.0203912 -0.077315
FixedParameters: 0 0 0

#Transform 175
Transform: AffineTransform_float_3_3
Parameters: 1 -7.17761e-05 -0.00032305 7.22238e-05 1 0.000692976 0.00032295 -0.000693023 0.999999 -0.0482593 -0.0103422 -0.179739
FixedParameters: 0 0 0

#Transform 176
Transform: AffineTransform_float_3_3
Parameters: 1 -7.18923e-05 -0.000124062 7.21076e-05 0.999999 0.00086799 0.000123937 -0.000868008 0.999999 -0.0503696 0.0716872 -0.13048
FixedParameters: 0 0 0

#Transform 177
Transform: AffineTransform_float_3_3
Parameters: 1 -7.20177e-05 -0.000217994 7.19823e-05 1 -8.10157e-05 0.000218006 8.09843e-05 1 -0.0460128 0.135778 -0.132626
FixedParameters: 0 0 0

#Transform 178
Transform: AffineTransform_float_3_3
Parameters: 1 -7.15866e-05 -0.000166179 7.24129e-05 0.999997 0.00248899 0.00016582 -0.00248901 0.999997 -0.0348805 -0.0757303 0.0186134
FixedParameters: 0 0 0

#Transform 179
Transform: AffineTransform_float_3_3
Parameters: 1 -7.03241e-05 -0.000478249 7.26784e-05 0.999994 0.00350496 0.000478748 -0.00350503 0.999993 -0.0309338 -0.0797092 -0.0406001
FixedParameters: 0 0 0

#Transform 180
Transform: AffineTransform_float_3_3
Parameters: 1 9.45935e-05 -0.00045267 -9.34088e-05 0.999994 0.00351904 0.000452331 -0.00351896 0.999993 -0.0206734 -0.00914037 -0.0741778
FixedParameters: 0 0 0

#Transform 181
Transform: AffineTransform_float_3_3
Parameters: 1 4.23381e-05 -0.000114876 -4.16615e-05 0.999995 0.002942 0.000115123 -0.00294199 0.999995 -0.0393629 -0.0213916 -0.0738483
FixedParameters: 0 0 0

#Transform 182
Transform: AffineTransform_float_3_3
Parameters: 1 -7.10555e-05 -0.000275246 7.19471e-05 0.999994 0.00343298 0.000275755 -0.00343302 0.999994 -0.0229571 0.0499311 -0.0591187
FixedParameters: 0 0 0

#Transform 183
Transform: AffineTransform_float_3_3
Parameters: 1 0.000146841 -0.000274552 -0.000146158 0.999996 0.00306004 0.000275449 -0.00305996 0.999996 -0.0404484 0.0326671 -0.0307998
FixedParameters: 0 0 0

#Transform 184
Transform: AffineTransform_float_3_3
Parameters: 1 -7.09008e-05 -0.000275285 7.2102e-05 0.999992 0.00399498 0.000275714 -0.00399502 0.999992 -0.0461286 -0.156195 0.0331667
FixedParameters: 0 0 0

#Transform 185
Transform: AffineTransform_float_3_3
Parameters: 1 8.40513e-05 -0.000628729 -8.1951e-05 0.999994 0.00326205 0.00062827 -0.00326195 0.999994 -0.0331544 -0.0200828 -0.00345926
FixedParameters: 0 0 0

#Transform 186
Transform: AffineTransform_float_3_3
Parameters: 1 0.000300381 -0.00118215 -0.000296619 0.999996 0.00285935 0.00118285 -0.00285865 0.999995 -0.0129147 0.0777677 -0.0943986
FixedParameters: 0 0 0

#Transform 187
Transform: AffineTransform_float_3_3
Parameters: 0.999999 0.000192569 -0.00135036 -0.000187428 0.999995 0.00338326 0.00135164 -0.00338274 0.999994 -0.00679462 -0.00274734 -0.114016
FixedParameters: 0 0 0

#Transform 188
Transform: AffineTransform_float_3_3
Parameters: 0.999999 -6.76534e-05 -0.00135122 7.2349e-05 0.999995 0.0032169 0.00135177 -0.00321709 0.999994 0.00426117 0.0872081 -0.100041
FixedParameters: 0 0 0

#Transform 189
Transform: AffineTransform_float_3_3
