# transform file /out/sourcedata/freesurfer/sub-v1s23x0050604_ses-1/mri/transforms/cc_up.lta
# created by oesteban on Mon Mar  9 21:41:02 2026

type      = 0 # LINEAR_VOX_TO_VOX
nxforms   = 1
mean      = 128.0000 102.0000 119.0000
sigma     = 10000.0000
1 4 4
9.996367692947388e-01 2.657232061028481e-02 4.502514377236366e-03 -2.628149271011353e+00 
-2.657205238938332e-02 9.996469020843506e-01 -1.196845187223516e-04 5.044371414184570e+01 
-4.504105076193810e-03 0.000000000000000e+00 9.999898672103882e-01 1.257770633697510e+01 
0.000000000000000e+00 0.000000000000000e+00 0.000000000000000e+00 1.000000000000000e+00 
src volume info
valid = 1  # volume info valid
filename = /out/sourcedata/freesurfer/sub-v1s23x0050604_ses-1/mri/norm.mgz
volume = 256 256 256
voxelsize = 1.000000000000000e+00 1.000000000000000e+00 1.000000000000000e+00
xras   = -1.000000000000000e+00 0.000000000000000e+00 0.000000000000000e+00
yras   = 0.000000000000000e+00 0.000000000000000e+00 -1.000000000000000e+00
zras   = 0.000000000000000e+00 1.000000000000000e+00 0.000000000000000e+00
cras   = 4.183082580566406e+01 -5.397056579589844e+01 4.974833679199219e+01
dst volume info
valid = 1  # volume info valid
filename = /out/sourcedata/freesurfer/sub-v1s23x0050604_ses-1/mri/norm.mgz
volume = 256 256 256
voxelsize = 1.000000000000000e+00 1.000000000000000e+00 1.000000000000000e+00
xras   = -1.000000000000000e+00 0.000000000000000e+00 0.000000000000000e+00
yras   = 0.000000000000000e+00 0.000000000000000e+00 -1.000000000000000e+00
zras   = 0.000000000000000e+00 1.000000000000000e+00 0.000000000000000e+00
cras   = 4.183082580566406e+01 -5.397056579589844e+01 4.974833679199219e+01
