#Insight Transform File V1.0
#Transform 0
Transform: AffineTransform_float_3_3
Parameters: 0.999998 7.80773e-05 -0.00193788 -7.49257e-05 0.999998 0.00158715 0.00193712 -0.00158785 0.999997 -0.0478971 -0.0171879 -0.443632
FixedParameters: 0 0 0

#Transform 1
Transform: AffineTransform_float_3_3
Parameters: 0.999999 0.000130664 0.000840897 -0.000130335 0.999999 -0.00079011 -0.000841103 0.00078989 1 9.5852e-05 -0.0356396 -0.0296278
FixedParameters: 0 0 0

#Transform 2
Transform: AffineTransform_float_3_3
Parameters: 0.999999 -0.000146523 0.00100007 0.000146477 1 -0.000476854 -0.00099993 0.000477147 1 0.0262681 0.01801 -0.143068
FixedParameters: 0 0 0

#Transform 3
Transform: AffineTransform_float_3_3
Parameters: 1 -0.00017737 0.00103394 0.00017663 1 0.000358183 -0.00103406 -0.000357817 1 0.0272162 -0.0148318 -0.138379
FixedParameters: 0 0 0

#Transform 4
Transform: AffineTransform_float_3_3
Parameters: 1 2.348e-07 0.001174 2.348e-07 1 -0.0002 -0.001174 0.0002 1 0.0344431 -0.023173 -0.155637
FixedParameters: 0 0 0

#Transform 5
Transform: AffineTransform_float_3_3
Parameters: 0.999999 -1.27442e-06 0.001402 -2.74419e-07 0.999999 0.000909 -0.001402 -0.000908998 0.999998 0.0232204 0.068978 -0.217834
FixedParameters: 0 0 0

#Transform 6
Transform: AffineTransform_float_3_3
Parameters: 0.999999 0.00048843 0.00067941 -0.000488568 0.999999 0.000837668 -0.000678591 -0.000838332 1 0.027296 -0.0584059 -0.145878
FixedParameters: 0 0 0

#Transform 7
Transform: AffineTransform_float_3_3
Parameters: 1 -0.000311902 0.000624049 0.000312098 1 -0.000157805 -0.000623951 0.000157195 1 0.104771 0.013156 -0.371465
FixedParameters: 0 0 0

#Transform 8
Transform: AffineTransform_float_3_3
Parameters: 1 0.000309047 0.000577974 -0.000308952 1 -8.21786e-05 -0.000578025 8.18214e-05 1 0.0597721 -0.0473736 -0.154126
FixedParameters: 0 0 0

#Transform 9
Transform: AffineTransform_float_3_3
Parameters: 1 0.000308915 0.000112233 -0.000309084 0.999999 0.000752965 -0.000111767 -0.000753034 0.999999 0.0436195 -0.099397 -0.0314315
FixedParameters: 0 0 0

#Transform 10
Transform: AffineTransform_float_3_3
Parameters: 1 -0.000157025 8.79554e-05 0.000156975 1 0.000284014 -8.80446e-05 -0.000283986 1 0.0405387 -0.0508104 0.00360337
FixedParameters: 0 0 0

#Transform 11
Transform: AffineTransform_float_3_3
Parameters: 0.999995 0.00146674 -0.0027106 -0.00146626 0.999999 0.000275976 0.0027114 -0.000272024 0.999997 -0.167958 -0.156056 0.0152199
FixedParameters: 0 0 0

#Transform 12
Transform: AffineTransform_float_3_3
Parameters: 0.999993 0.00216759 -0.00280075 -0.00217441 0.999994 -0.00264493 0.00279525 0.00265108 0.999993 -0.118835 0.010184 -0.211425
FixedParameters: 0 0 0

#Transform 13
Transform: AffineTransform_float_3_3
Parameters: 0.999995 0.00195629 -0.00245476 -0.00196171 0.999996 -0.00191719 0.00245124 0.00192181 0.999995 -0.0880208 -0.0774422 -0.213412
FixedParameters: 0 0 0

#Transform 14
Transform: AffineTransform_float_3_3
Parameters: 0.999997 0.00113805 -0.00193333 -0.00114195 0.999998 -0.0020448 0.00193067 0.0020472 0.999996 -0.0324744 -0.0716366 -0.20542
FixedParameters: 0 0 0

#Transform 15
Transform: AffineTransform_float_3_3
Parameters: 0.999999 0.00114007 -0.00136761 -0.00114193 0.999999 -0.00140944 0.00136639 0.00141056 0.999998 -0.0472235 -0.0369353 -0.229825
FixedParameters: 0 0 0

#Transform 16
Transform: AffineTransform_float_3_3
Parameters: 0.999999 0.00114072 -0.000844734 -0.00114128 0.999998 -0.00151904 0.000843266 0.00151996 0.999998 -0.0246261 -0.0472879 -0.230533
FixedParameters: 0 0 0

#Transform 17
Transform: AffineTransform_float_3_3
Parameters: 0.999998 0.00159201 -0.00124982 -0.00159499 0.999996 -0.00239501 0.00124618 0.00239699 0.999997 -0.027912 -0.154198 -0.142715
FixedParameters: 0 0 0

#Transform 18
Transform: AffineTransform_float_3_3
Parameters: 0.999997 0.00113879 -0.00180503 -0.00114121 0.999998 -0.00177894 0.00180297 0.00178106 0.999997 -0.0415508 0.0958151 -0.412155
FixedParameters: 0 0 0

#Transform 19
Transform: AffineTransform_float_3_3
Parameters: 0.999997 0.000995767 -0.00224399 -0.000998234 0.999999 -0.000994763 0.00224301 0.000996237 0.999997 -0.0763955 -0.131627 -0.29315
FixedParameters: 0 0 0

#Transform 20
Transform: AffineTransform_float_3_3
Parameters: 0.999994 0.0016434 -0.00283835 -0.0016446 0.999998 -0.000209333 0.00283765 0.000213664 0.999996 -0.112837 0.135251 -0.458035
FixedParameters: 0 0 0

#Transform 21
Transform: AffineTransform_float_3_3
Parameters: 0.999992 0.00228307 -0.00349361 -0.00228394 0.999998 -0.000264023 0.00349339 0.000271978 0.999994 -0.118334 -0.0455062 -0.420501
FixedParameters: 0 0 0

#Transform 22
Transform: AffineTransform_float_3_3
Parameters: 0.999991 0.00239323 -0.00349559 -0.00239677 0.999997 -0.00107463 0.00349342 0.00108237 0.999994 -0.120775 0.111767 -0.493368
FixedParameters: 0 0 0

#Transform 23
Transform: AffineTransform_float_3_3
Parameters: 0.999992 0.00221004 -0.00349698 -0.00220996 0.999997 1.47283e-05 0.00349703 -7.27149e-06 0.999994 -0.111329 0.0192947 -0.447324
FixedParameters: 0 0 0

#Transform 24
Transform: AffineTransform_float_3_3
Parameters: 0.999992 0.00228067 -0.00350617 -0.00228333 0.999997 -0.000947003 0.00350383 0.000955 0.999994 -0.101568 0.0298775 -0.4669
FixedParameters: 0 0 0

#Transform 25
Transform: AffineTransform_float_3_3
Parameters: 0.999994 0.00183426 -0.00297169 -0.00183674 0.999998 -0.000920547 0.0029693 0.000926452 0.999995 -0.0882962 0.0706121 -0.490062
FixedParameters: 0 0 0

#Transform 26
Transform: AffineTransform_float_3_3
Parameters: 0.999994 0.00183633 -0.00315739 -0.00183667 0.999999 -0.000210202 0.00315661 0.000215798 0.999995 -0.0888943 0.010917 -0.457741
FixedParameters: 0 0 0

#Transform 27
Transform: AffineTransform_float_3_3
Parameters: 0.999992 0.00209528 -0.00322481 -0.00209472 0.999998 9.07557e-05 0.00322518 -8.42429e-05 0.999995 -0.0962209 -0.0184038 -0.411872
FixedParameters: 0 0 0

#Transform 28
Transform: AffineTransform_float_3_3
Parameters: 0.999993 0.00233871 -0.00295402 -0.00233929 0.999997 -0.000432093 0.00295298 0.000438909 0.999995 -0.117005 0.0655783 -0.43587
FixedParameters: 0 0 0

#Transform 29
Transform: AffineTransform_float_3_3
Parameters: 0.999995 0.00224032 -0.00249162 -0.00224068 0.999998 -0.000271419 0.00249039 0.000276581 0.999997 -0.111939 0.00245887 -0.386965
FixedParameters: 0 0 0

#Transform 30
Transform: AffineTransform_float_3_3
Parameters: 0.999995 0.00228356 -0.00249232 -0.00228544 0.999997 -0.000575307 0.00249068 0.000580691 0.999996 -0.0994139 0.0235997 -0.38331
FixedParameters: 0 0 0

#Transform 31
Transform: AffineTransform_float_3_3
Parameters: 0.999994 0.00205207 -0.00270571 -0.00205293 0.999998 -0.000342447 0.00270529 0.000347553 0.999997 -0.108493 0.0843962 -0.455743
FixedParameters: 0 0 0

#Transform 32
Transform: AffineTransform_float_3_3
Parameters: 0.999997 0.00183631 -0.00173772 -0.00183669 0.999998 -0.00039281 0.00173728 0.000396192 0.999999 -0.0753109 0.0103493 -0.40174
FixedParameters: 0 0 0

#Transform 33
Transform: AffineTransform_float_3_3
Parameters: 0.999998 0.00187202 -0.000782759 -0.00187398 0.999995 -0.00254054 0.000777241 0.00254146 0.999996 -0.086456 -0.17259 -0.0532876
FixedParameters: 0 0 0

#Transform 34
Transform: AffineTransform_float_3_3
Parameters: 0.999987 0.00245187 -0.00447352 -0.00245113 0.999997 0.000200968 0.00447448 -0.000190032 0.99999 -0.158552 -0.234983 0.336201
FixedParameters: 0 0 0

#Transform 35
Transform: AffineTransform_float_3_3
Parameters: 0.999995 0.00194971 -0.00246402 -0.00195129 0.999998 -0.000521194 0.00246298 0.000526805 0.999997 -0.0594886 0.0983532 -0.025228
FixedParameters: 0 0 0

#Transform 36
Transform: AffineTransform_float_3_3
Parameters: 0.999989 0.00245216 -0.00417632 -0.00245084 0.999997 0.000283239 0.00417668 -0.000272761 0.999991 -0.113146 -0.102482 -0.0825023
FixedParameters: 0 0 0

#Transform 37
Transform: AffineTransform_float_3_3
Parameters: 0.999979 0.00314214 -0.00564592 -0.00314186 0.999995 3.37394e-05 0.00564608 -1.62596e-05 0.999984 -0.161561 0.00736749 -0.182278
FixedParameters: 0 0 0

#Transform 38
Transform: AffineTransform_float_3_3
Parameters: 0.999975 0.00349302 -0.00614686 -0.00349098 0.999994 0.000338467 0.00614815 -0.000317532 0.999981 -0.181034 0.0723048 -0.243472
FixedParameters: 0 0 0

#Transform 39
Transform: AffineTransform_float_3_3
Parameters: 0.999974 0.00362847 -0.00614536 -0.00362354 0.999993 0.000737287 0.00614863 -0.000715708 0.999981 -0.187025 -0.0426249 -0.26904
FixedParameters: 0 0 0

#Transform 40
Transform: AffineTransform_float_3_3
Parameters: 0.999978 0.00344741 -0.00570354 -0.00344559 0.999994 0.000431662 0.00570445 -0.000412343 0.999983 -0.166915 0.0193908 -0.246281
FixedParameters: 0 0 0

#Transform 41
Transform: AffineTransform_float_3_3
Parameters: 0.999982 0.00353214 -0.00483517 -0.00353086 0.999993 0.000245077 0.00483584 -0.000227923 0.999989 -0.163389 0.0839264 -0.284378
FixedParameters: 0 0 0

#Transform 42
Transform: AffineTransform_float_3_3
Parameters: 0.999984 0.00340519 -0.00452785 -0.00340481 0.999994 5.04173e-05 0.00452814 -3.45814e-05 0.999989 -0.151006 -0.0666563 -0.194596
FixedParameters: 0 0 0

#Transform 43
Transform: AffineTransform_float_3_3
Parameters: 0.999986 0.00350442 -0.00382144 -0.00350657 0.999994 -0.000405605 0.00382055 0.000418394 0.999992 -0.140992 0.0381031 -0.276999
FixedParameters: 0 0 0

#Transform 44
Transform: AffineTransform_float_3_3
Parameters: 0.999986 0.00430816 -0.00303446 -0.00431184 0.99999 -0.00126093 0.00302854 0.00127406 0.999994 -0.13737 -0.0389079 -0.273794
FixedParameters: 0 0 0

#Transform 45
Transform: AffineTransform_float_3_3
Parameters: 0.999988 0.00378933 -0.00303958 -0.00379667 0.999989 -0.00252049 0.00303042 0.00253151 0.999992 -0.137375 -0.0526204 -0.25543
FixedParameters: 0 0 0

#Transform 46
Transform: AffineTransform_float_3_3
Parameters: 0.999989 0.00406496 -0.0026266 -0.00407504 0.999985 -0.00382834 0.0026104 0.00383866 0.999989 -0.129459 -0.0537445 -0.357447
FixedParameters: 0 0 0

#Transform 47
Transform: AffineTransform_float_3_3
Parameters: 0.999989 0.00406265 -0.00241333 -0.00406635 0.99999 -0.00179921 0.00240567 0.00180879 0.999996 -0.12246 -0.0994148 -0.168977
FixedParameters: 0 0 0

#Transform 48
Transform: AffineTransform_float_3_3
Parameters: 0.999989 0.00392452 -0.00261622 -0.00392748 0.999992 -0.00132474 0.00261078 0.00133526 0.999995 -0.130804 -0.0644263 -0.196953
FixedParameters: 0 0 0

#Transform 49
Transform: AffineTransform_float_3_3
Parameters: 0.999988 0.00412813 -0.00270996 -0.00413387 0.999989 -0.00216382 0.00270104 0.00217518 0.999994 -0.13508 -0.0175942 -0.257387
FixedParameters: 0 0 0

#Transform 50
Transform: AffineTransform_float_3_3
Parameters: 0.999989 0.00394385 -0.00262474 -0.00394915 0.999991 -0.00195766 0.00261725 0.00196834 0.999994 -0.132476 -0.0433614 -0.275541
FixedParameters: 0 0 0

#Transform 51
Transform: AffineTransform_float_3_3
Parameters: 0.999991 0.00315847 -0.00256904 -0.00316452 0.999992 -0.00253989 0.00256096 0.00254811 0.999994 -0.115541 -0.0234941 -0.286116
FixedParameters: 0 0 0

#Transform 52
Transform: AffineTransform_float_3_3
Parameters: 0.99999 0.00344159 -0.00306547 -0.00345041 0.999991 -0.00274245 0.00305654 0.00275255 0.999992 -0.134171 -0.0261502 -0.237971
FixedParameters: 0 0 0

#Transform 53
Transform: AffineTransform_float_3_3
Parameters: 0.999985 0.00467602 -0.00309162 -0.00468498 0.999985 -0.00290256 0.00307838 0.00291744 0.999991 -0.141474 -0.144258 -0.125645
FixedParameters: 0 0 0

#Transform 54
Transform: AffineTransform_float_3_3
Parameters: 0.999983 0.00504493 -0.00299711 -0.00505807 0.999977 -0.00436991 0.00297489 0.00438408 0.999986 -0.121848 -0.0622516 -0.267076
FixedParameters: 0 0 0

#Transform 55
Transform: AffineTransform_float_3_3
Parameters: 0.999932 -0.00527001 0.0104602 0.00557099 0.999565 -0.0289577 -0.0103028 0.0290143 0.999526 1.0148 0.580089 -1.96119
FixedParameters: 0 0 0

#Transform 56
Transform: AffineTransform_float_3_3
Parameters: 0.999993 0.00154984 0.00358589 -0.00151218 0.999944 -0.0105295 -0.00360112 0.0105245 0.999938 0.262248 0.121006 -0.701315
FixedParameters: 0 0 0

#Transform 57
Transform: AffineTransform_float_3_3
Parameters: 0.999994 0.00268192 0.00219913 -0.00266807 0.999976 -0.0063089 -0.00221687 0.00630309 0.999977 0.224258 0.23978 -0.4717
FixedParameters: 0 0 0

#Transform 58
Transform: AffineTransform_float_3_3
Parameters: 0.999994 0.00309063 0.00143581 -0.00308337 0.999984 -0.00459945 -0.00144919 0.00459455 0.999989 0.208536 0.147938 -0.452696
FixedParameters: 0 0 0

#Transform 59
Transform: AffineTransform_float_3_3
Parameters: 0.999993 0.00345127 0.00093926 -0.00344473 0.999973 -0.00659628 -0.000962736 0.00659272 0.999978 0.201851 0.239145 -0.608962
FixedParameters: 0 0 0

#Transform 60
Transform: AffineTransform_float_3_3
Parameters: 0.999991 0.00390723 0.00115919 -0.00390077 0.999978 -0.00533257 -0.00117981 0.00532744 0.999985 0.193682 0.208006 -0.570597
FixedParameters: 0 0 0

#Transform 61
Transform: AffineTransform_float_3_3
Parameters: 0.99999 0.0039323 0.00175207 -0.0039217 0.999975 -0.00584193 -0.00177493 0.00583508 0.999982 0.200201 0.16749 -0.5362
FixedParameters: 0 0 0

#Transform 62
Transform: AffineTransform_float_3_3
Parameters: 0.999991 0.00403569 0.00118313 -0.00403132 0.999984 -0.00393681 -0.00119887 0.0039322 0.999992 0.172424 0.134588 -0.43821
FixedParameters: 0 0 0

#Transform 63
Transform: AffineTransform_float_3_3
Parameters: 0.999992 0.00359838 0.00165451 -0.00359362 0.99999 -0.00264297 -0.00166349 0.00263704 0.999995 0.126896 -0.0629879 -0.107171
FixedParameters: 0 0 0

#Transform 64
Transform: AffineTransform_float_3_3
Parameters: 0.999993 0.00337688 0.00159892 -0.00337411 0.999992 -0.00180341 -0.00160508 0.00179859 0.999997 0.0932442 0.121545 -0.039443
FixedParameters: 0 0 0

#Transform 65
Transform: AffineTransform_float_3_3
Parameters: 0.999995 0.00281085 0.00140132 -0.00280615 0.99999 -0.00344895 -0.00141068 0.00344505 0.999993 0.130483 0.111352 -0.157134
FixedParameters: 0 0 0

#Transform 66
Transform: AffineTransform_float_3_3
Parameters: 0.999995 0.00286695 0.000615966 -0.00286504 0.999991 -0.00315278 -0.000625034 0.00315122 0.999995 0.0790147 -0.0146848 -0.0167427
FixedParameters: 0 0 0

#Transform 67
Transform: AffineTransform_float_3_3
Parameters: 0.999975 0.00670793 0.00227738 -0.00670506 0.999976 -0.0012933 -0.00228562 0.0012777 0.999996 -0.0717431 0.097195 -0.00834974
FixedParameters: 0 0 0

#Transform 68
Transform: AffineTransform_float_3_3
Parameters: 0.999876 0.0151388 0.00434219 -0.0151502 0.999882 0.00255453 -0.00430282 -0.00261947 0.999988 -0.390103 0.113443 0.123959
FixedParameters: 0 0 0

#Transform 69
Transform: AffineTransform_float_3_3
Parameters: 0.999789 0.0203387 0.00283417 -0.0203482 0.999787 0.00327302 -0.00276683 -0.00332997 0.99999 -0.654612 0.0412613 0.181129
FixedParameters: 0 0 0

#Transform 70
Transform: AffineTransform_float_3_3
Parameters: 0.999823 0.0187622 0.000875617 -0.0187638 0.999822 0.00204993 -0.000837381 -0.00206607 0.999997 -0.540349 0.215822 0.066074
FixedParameters: 0 0 0

#Transform 71
Transform: AffineTransform_float_3_3
Parameters: 0.999833 0.0182469 0.000985787 -0.0182491 0.999831 0.00217137 -0.000946219 -0.00218863 0.999997 -0.495945 0.056425 0.0455042
FixedParameters: 0 0 0

#Transform 72
Transform: AffineTransform_float_3_3
Parameters: 0.999837 0.0180653 -0.000170124 -0.0180647 0.999835 0.00182137 0.000202868 -0.00181763 0.999999 -0.488458 0.24442 -0.0635985
FixedParameters: 0 0 0

#Transform 73
Transform: AffineTransform_float_3_3
Parameters: 0.999833 0.0182185 0.00140613 -0.0182215 0.999831 0.0025188 -0.00135987 -0.0025442 0.999996 -0.491451 0.0994695 -0.0353144
FixedParameters: 0 0 0

#Transform 74
Transform: AffineTransform_float_3_3
Parameters: 0.999833 0.0182041 0.0010717 -0.0182069 0.999831 0.00271994 -0.0010223 -0.00273907 0.999995 -0.491766 0.109054 0.0125942
FixedParameters: 0 0 0

#Transform 75
Transform: AffineTransform_float_3_3
Parameters: 0.999841 0.0178188 0.000855558 -0.0178202 0.999837 0.00266118 -0.000808447 -0.00267583 0.999996 -0.453834 0.218194 -0.0473797
FixedParameters: 0 0 0

#Transform 76
Transform: AffineTransform_float_3_3
Parameters: 0.999835 0.0181566 0.000732425 -0.0181584 0.999829 0.00343127 -0.000669582 -0.00344373 0.999994 -0.471411 0.133952 -0.0246194
FixedParameters: 0 0 0

#Transform 77
Transform: AffineTransform_float_3_3
Parameters: 0.999839 0.0178977 0.00107918 -0.0179013 0.999835 0.00312918 -0.00102282 -0.00314781 0.999994 -0.477644 0.147355 -0.00793974
FixedParameters: 0 0 0

#Transform 78
Transform: AffineTransform_float_3_3
Parameters: 0.999855 0.0169318 0.0014668 -0.0169362 0.999853 0.00286957 -0.0014182 -0.00289343 0.999995 -0.436632 0.16419 -0.0152786
FixedParameters: 0 0 0

#Transform 79
Transform: AffineTransform_float_3_3
Parameters: 0.999858 0.0166972 0.00196355 -0.0167048 0.999855 0.00348969 -0.00190544 -0.00352231 0.999992 -0.416343 0.111237 0.0189232
FixedParameters: 0 0 0

#Transform 80
Transform: AffineTransform_float_3_3
Parameters: 0.99987 0.0160699 0.00123286 -0.0160731 0.999867 0.00253251 -0.00119215 -0.00255149 0.999996 -0.406136 0.157524 0.0312609
FixedParameters: 0 0 0

#Transform 81
Transform: AffineTransform_float_3_3
Parameters: 0.999846 0.0173032 0.0031714 -0.0173168 0.999841 0.00438576 -0.00309562 -0.00443925 0.999986 -0.453199 0.155717 0.0724153
FixedParameters: 0 0 0

#Transform 82
Transform: AffineTransform_float_3_3
Parameters: 0.999811 0.0191649 0.00309988 -0.0191861 0.999789 0.00726489 -0.00296012 -0.00732311 0.999969 -0.559022 0.0925439 0.315846
FixedParameters: 0 0 0

#Transform 83
Transform: AffineTransform_float_3_3
Parameters: 0.999778 0.0207112 0.00402851 -0.0207388 0.99976 0.006979 -0.00388349 -0.007061 0.999967 -0.590557 0.177484 0.330424
FixedParameters: 0 0 0

#Transform 84
Transform: AffineTransform_float_3_3
Parameters: 0.999814 0.0185934 0.00514282 -0.0186096 0.999823 0.00300686 -0.00508617 -0.00310215 0.999983 -0.507369 0.111662 0.0518105
FixedParameters: 0 0 0

#Transform 85
Transform: AffineTransform_float_3_3
Parameters: 0.999768 0.0209912 0.00494767 -0.0210138 0.999768 0.0045981 -0.00485034 -0.00470091 0.999977 -0.634629 -0.0526868 0.116666
FixedParameters: 0 0 0

#Transform 86
Transform: AffineTransform_float_3_3
Parameters: 0.999846 0.0171145 0.00403293 -0.0171285 0.999847 0.00358248 -0.00397007 -0.00365151 0.999986 -0.560849 0.000510727 0.489388
FixedParameters: 0 0 0

#Transform 87
Transform: AffineTransform_float_3_3
Parameters: 0.999852 0.0168434 0.00330827 -0.0168526 0.999854 0.00289667 -0.00325872 -0.00295232 0.999991 -0.473174 -0.0828465 0.323781
FixedParameters: 0 0 0

#Transform 88
Transform: AffineTransform_float_3_3
Parameters: 0.999837 0.017777 0.00314993 -0.0177859 0.999838 0.00283644 -0.00309906 -0.00289256 0.999991 -0.480343 0.0555077 0.230935
FixedParameters: 0 0 0

#Transform 89
Transform: AffineTransform_float_3_3
Parameters: 0.999826 0.0183447 0.00315374 -0.0183543 0.999827 0.00295463 -0.00309924 -0.00301238 0.99999 -0.486251 0.023378 0.183613
FixedParameters: 0 0 0

#Transform 90
Transform: AffineTransform_float_3_3
Parameters: 0.999836 0.0179053 0.00272081 -0.0179126 0.999835 0.00281272 -0.00267019 -0.00286128 0.999993 -0.478524 -0.0056374 0.209115
FixedParameters: 0 0 0

#Transform 91
Transform: AffineTransform_float_3_3
Parameters: 0.999831 0.0182091 0.00261072 -0.0182149 0.999833 0.00188276 -0.00257629 -0.00192924 0.999995 -0.482337 0.116943 0.129684
FixedParameters: 0 0 0

#Transform 92
Transform: AffineTransform_float_3_3
Parameters: 0.999828 0.0183679 0.00229257 -0.0183741 0.999827 0.00267733 -0.00224243 -0.00271865 0.999994 -0.492963 -0.0300785 0.153407
FixedParameters: 0 0 0

#Transform 93
Transform: AffineTransform_float_3_3
Parameters: 0.999835 0.0180824 0.00125852 -0.0180856 0.999833 0.00289272 -0.00120548 -0.00291528 0.999995 -0.507528 0.0318571 0.130334
FixedParameters: 0 0 0

#Transform 94
Transform: AffineTransform_float_3_3
Parameters: 0.99984 0.0178658 0.00129651 -0.0178683 0.999837 0.00253524 -0.0012515 -0.00255777 0.999996 -0.493413 0.0981857 0.0863373
FixedParameters: 0 0 0

#Transform 95
Transform: AffineTransform_float_3_3
Parameters: 0.999844 0.0175079 0.00237293 -0.0175141 0.999842 0.00300191 -0.00232007 -0.00304309 0.999992 -0.472437 -0.0187085 0.157963
FixedParameters: 0 0 0

#Transform 96
Transform: AffineTransform_float_3_3
Parameters: 0.999852 0.0170239 0.00240806 -0.0170281 0.999853 0.00168624 -0.00237894 -0.00172675 0.999995 -0.456587 0.0637718 0.0716695
FixedParameters: 0 0 0

#Transform 97
Transform: AffineTransform_float_3_3
Parameters: 0.999848 0.0170438 0.00352278 -0.0170511 0.999852 0.00201024 -0.00348722 -0.00206975 0.999992 -0.45356 -0.0265016 0.169208
FixedParameters: 0 0 0

#Transform 98
Transform: AffineTransform_float_3_3
Parameters: 0.999852 0.0168331 0.00335512 -0.0168409 0.999856 0.00235484 -0.00331489 -0.00241015 0.999991 -0.453153 -0.0220837 0.179375
FixedParameters: 0 0 0

#Transform 99
Transform: AffineTransform_float_3_3
Parameters: 0.99986 0.0162335 0.0038746 -0.0162365 0.999868 0.000621177 -0.00386339 -0.000684812 0.999993 -0.420105 0.0603378 0.121849
FixedParameters: 0 0 0

#Transform 100
Transform: AffineTransform_float_3_3
Parameters: 0.999868 0.0157683 0.00407848 -0.0157707 0.999875 0.00037873 -0.00407152 -0.000443259 0.999991 -0.411976 -0.102879 0.155065
FixedParameters: 0 0 0

#Transform 101
Transform: AffineTransform_float_3_3
Parameters: 0.999866 0.0159542 0.00368302 -0.0159548 0.999872 -9.07739e-05 -0.00368397 3.12294e-05 0.999993 -0.408347 0.0467248 0.0857507
FixedParameters: 0 0 0

#Transform 102
Transform: AffineTransform_float_3_3
Parameters: 0.999866 0.015965 0.00358485 -0.015965 0.999872 -3.8237e-05 -0.00358515 -1.92396e-05 0.999993 -0.416352 -0.0108712 0.0746845
FixedParameters: 0 0 0

#Transform 103
Transform: AffineTransform_float_3_3
Parameters: 0.99984 0.0173486 0.00436155 -0.0173514 0.99985 0.000512403 -0.00435144 -0.000588586 0.999991 -0.473124 -0.0276888 0.0900569
FixedParameters: 0 0 0

#Transform 104
Transform: AffineTransform_float_3_3
Parameters: 0.999823 0.0182462 0.004597 -0.0182518 0.999832 0.00121831 -0.00457399 -0.00130269 0.999988 -0.495569 0.0224763 0.121901
FixedParameters: 0 0 0

#Transform 105
Transform: AffineTransform_float_3_3
Parameters: 0.999806 0.0189724 0.00540157 -0.0189856 0.999817 0.00229689 -0.00535743 -0.00239911 0.999983 -0.529252 0.0183674 0.141033
FixedParameters: 0 0 0

#Transform 106
Transform: AffineTransform_float_3_3
Parameters: 0.999812 0.018726 0.00490211 -0.018738 0.999822 0.0024156 -0.00485588 -0.0025074 0.999985 -0.512802 -0.00525231 0.160009
FixedParameters: 0 0 0

#Transform 107
Transform: AffineTransform_float_3_3
Parameters: 0.999832 0.0175369 0.00522656 -0.0175461 0.999844 0.00169658 -0.00519644 -0.00178743 0.999985 -0.488645 0.0479608 0.196339
FixedParameters: 0 0 0

#Transform 108
Transform: AffineTransform_float_3_3
Parameters: 0.999833 0.0173421 0.00574582 -0.0173479 0.999849 0.000977485 -0.00572819 -0.00107652 0.999983 -0.47973 -0.0212489 0.176849
FixedParameters: 0 0 0

#Transform 109
Transform: AffineTransform_float_3_3
Parameters: 0.999835 0.0173369 0.00555281 -0.0173481 0.999847 0.00195899 -0.00551819 -0.00205501 0.999982 -0.486373 -0.0635285 0.203206
FixedParameters: 0 0 0

#Transform 110
Transform: AffineTransform_float_3_3
Parameters: 0.999836 0.0172022 0.00553849 -0.0172108 0.99985 0.00154993 -0.00551051 -0.00164506 0.999984 -0.465689 0.00969365 0.1921
FixedParameters: 0 0 0

#Transform 111
Transform: AffineTransform_float_3_3
Parameters: 0.999845 0.0168834 0.0049681 -0.0168886 0.999857 0.00108926 -0.0049489 -0.00117274 0.999987 -0.445809 -0.00108627 0.124457
FixedParameters: 0 0 0

#Transform 112
Transform: AffineTransform_float_3_3
Parameters: 0.999857 0.0162253 0.00489955 -0.0162297 0.999868 0.000918613 -0.00488346 -0.000997378 0.999987 -0.437817 -0.0234804 0.158647
FixedParameters: 0 0 0

#Transform 113
Transform: AffineTransform_float_3_3
Parameters: 0.99985 0.0165823 0.00489601 -0.0165877 0.999862 0.000924924 -0.00487998 -0.00100607 0.999987 -0.430214 0.0721504 0.145947
FixedParameters: 0 0 0

#Transform 114
Transform: AffineTransform_float_3_3
Parameters: 0.999842 0.0172214 0.00440068 -0.0172286 0.99985 0.00168545 -0.00437131 -0.00176156 0.999989 -0.458293 -0.0271087 0.135847
FixedParameters: 0 0 0

#Transform 115
Transform: AffineTransform_float_3_3
Parameters: 0.999831 0.0178493 0.00456797 -0.0178607 0.999838 0.00253384 -0.00452203 -0.00261516 0.999987 -0.480717 -0.0128281 0.231877
FixedParameters: 0 0 0

#Transform 116
Transform: AffineTransform_float_3_3
Parameters: 0.999852 0.0170119 0.00282947 -0.0170081 0.999855 -0.00140733 -0.00285352 0.00135866 0.999995 -0.471902 0.106184 0.109439
FixedParameters: 0 0 0

#Transform 117
Transform: AffineTransform_float_3_3
Parameters: 0.999867 0.0162963 -0.00033613 -0.0162967 0.999866 0.000976607 0.000351877 -0.000971394 0.999999 -0.473254 -0.107177 0.180162
FixedParameters: 0 0 0

#Transform 118
Transform: AffineTransform_float_3_3
Parameters: 0.999866 0.016374 -2.48925e-05 -0.016374 0.999865 0.00061749 3.50994e-05 -0.000616508 1 -0.476442 0.0856281 0.112464
FixedParameters: 0 0 0

#Transform 119
Transform: AffineTransform_float_3_3
Parameters: 0.999872 0.0159554 0.000248703 -0.0159556 0.999869 0.00248635 -0.000209303 -0.00248966 0.999997 -0.469552 -0.0156992 0.139958
FixedParameters: 0 0 0

#Transform 120
Transform: AffineTransform_float_3_3
Parameters: 0.999866 0.0164035 0.000255732 -0.0164045 0.999863 0.00229811 -0.000218269 -0.00230189 0.999998 -0.475517 0.0475565 0.121807
FixedParameters: 0 0 0

#Transform 121
Transform: AffineTransform_float_3_3
Parameters: 0.999864 0.0164531 0.000399176 -0.0164539 0.999862 0.00237775 -0.000360819 -0.00238426 0.999997 -0.476223 0.0765029 0.124675
FixedParameters: 0 0 0

#Transform 122
Transform: AffineTransform_float_3_3
Parameters: 0.999859 0.0167561 0.000354009 -0.0167569 0.999856 0.00262344 -0.000309998 -0.00262856 0.999996 -0.489733 -0.0287843 0.14129
FixedParameters: 0 0 0

#Transform 123
Transform: AffineTransform_float_3_3
Parameters: 0.999397 0.0279283 0.0206373 -0.0284957 0.999208 0.0277477 -0.0198467 -0.0283184 0.999402 -0.444158 0.605382 0.748263
FixedParameters: 0 0 0

#Transform 124
Transform: AffineTransform_float_3_3
Parameters: 0.999173 0.0400582 -0.00694928 -0.0397298 0.998317 0.042249 0.00862972 -0.041938 0.999083 -1.25364 1.72828 -0.89953
FixedParameters: 0 0 0

#Transform 125
Transform: AffineTransform_float_3_3
Parameters: 0.999533 0.0279776 -0.0123307 -0.0278164 0.999528 0.0130861 0.0126913 -0.0127369 0.999839 -1.02764 0.461425 -0.57039
FixedParameters: 0 0 0

#Transform 126
Transform: AffineTransform_float_3_3
Parameters: 0.999658 0.0257276 -0.00468459 -0.0256794 0.99962 0.0099577 0.00493841 -0.00983431 0.99994 -0.876265 0.426147 0.0352789
FixedParameters: 0 0 0

#Transform 127
Transform: AffineTransform_float_3_3
Parameters: 0.999677 0.0252117 -0.00340446 -0.0251784 0.999637 0.00958982 0.00364455 -0.00950119 0.999948 -0.837278 0.400315 -0.0212735
FixedParameters: 0 0 0

#Transform 128
Transform: AffineTransform_float_3_3
Parameters: 0.999642 0.0266868 -0.00184217 -0.0266672 0.999594 0.0100267 0.00210884 -0.00997429 0.999948 -0.868741 0.423472 -0.0229082
FixedParameters: 0 0 0

#Transform 129
Transform: AffineTransform_float_3_3
Parameters: 0.999627 0.0270324 -0.00384587 -0.0269956 0.999591 0.00945935 0.00410013 -0.00935165 0.999948 -0.914242 0.450002 -0.0370781
FixedParameters: 0 0 0

#Transform 130
Transform: AffineTransform_float_3_3
Parameters: 0.999659 0.0259063 -0.00335433 -0.0258737 0.999621 0.00933897 0.00359467 -0.00924903 0.999951 -0.867458 0.342696 0.0195883
FixedParameters: 0 0 0

#Transform 131
Transform: AffineTransform_float_3_3
Parameters: 0.999658 0.0259285 -0.00326075 -0.0258964 0.999618 0.00966074 0.00351025 -0.00957325 0.999948 -0.840892 0.497847 -0.0183144
FixedParameters: 0 0 0

#Transform 132
Transform: AffineTransform_float_3_3
Parameters: 0.999658 0.0259718 -0.00309823 -0.0259432 0.999623 0.00900745 0.00333076 -0.00892354 0.999954 -0.865769 0.345609 -0.0869915
FixedParameters: 0 0 0

#Transform 133
Transform: AffineTransform_float_3_3
Parameters: 0.999604 0.0279663 -0.00295022 -0.0279446 0.999584 0.00704423 0.00314679 -0.00695974 0.999971 -0.902 0.700198 -0.510223
FixedParameters: 0 0 0

#Transform 134
Transform: AffineTransform_float_3_3
Parameters: 0.999597 0.0281787 -0.00346629 -0.0281603 0.999589 0.00532776 0.00361471 -0.00522825 0.99998 -0.906426 0.595196 -0.736121
FixedParameters: 0 0 0

#Transform 135
Transform: AffineTransform_float_3_3
Parameters: 0.99964 0.026799 -0.00140067 -0.026791 0.999626 0.00544249 0.00154532 -0.00540254 0.999984 -0.866666 0.528824 -0.549392
FixedParameters: 0 0 0

#Transform 136
Transform: AffineTransform_float_3_3
Parameters: 0.999696 0.0246009 0.00114533 -0.0246061 0.999681 0.00568954 -0.00100469 -0.00571545 0.999983 -0.824431 0.275894 -0.469595
FixedParameters: 0 0 0

#Transform 137
Transform: AffineTransform_float_3_3
Parameters: 0.999794 0.0200936 0.00265622 -0.0201104 0.999778 0.00630187 -0.00252978 -0.00635413 0.999976 -0.698249 0.278358 -0.313363
FixedParameters: 0 0 0

#Transform 138
Transform: AffineTransform_float_3_3
Parameters: 0.999865 0.0161993 0.00269511 -0.0162167 0.999849 0.00627814 -0.00259287 -0.00632185 0.999976 -0.544736 0.220339 0.0398259
FixedParameters: 0 0 0

#Transform 139
Transform: AffineTransform_float_3_3
Parameters: 0.999878 0.0153655 0.00278345 -0.0153815 0.999863 0.00599192 -0.00269055 -0.00603408 0.999978 -0.50322 0.26977 -0.00741263
FixedParameters: 0 0 0

#Transform 140
Transform: AffineTransform_float_3_3
Parameters: 0.999859 0.0166644 0.00212718 -0.0166776 0.999839 0.00653145 -0.00201881 -0.00656657 0.999977 -0.56644 0.201766 -0.0271209
FixedParameters: 0 0 0

#Transform 141
Transform: AffineTransform_float_3_3
Parameters: 0.999848 0.0173281 0.00186336 -0.0173389 0.999831 0.0060046 -0.00175963 -0.00603641 0.99998 -0.593677 0.402041 -0.118044
FixedParameters: 0 0 0

#Transform 142
Transform: AffineTransform_float_3_3
Parameters: 0.99985 0.0171419 0.00217681 -0.0171561 0.999831 0.00661764 -0.00206318 -0.00665436 0.999975 -0.607433 0.192099 -0.0236942
FixedParameters: 0 0 0

#Transform 143
Transform: AffineTransform_float_3_3
Parameters: 0.99986 0.0166056 0.00175115 -0.0166163 0.999843 0.00607475 -0.00164986 -0.00610224 0.99998 -0.566737 0.380107 -0.0798379
FixedParameters: 0 0 0

#Transform 144
Transform: AffineTransform_float_3_3
Parameters: 0.999735 0.0209129 0.00960278 -0.0210591 0.99966 0.0153738 -0.00927822 -0.0155722 0.999835 -0.375525 0.595558 -0.158935
FixedParameters: 0 0 0

#Transform 145
Transform: AffineTransform_float_3_3
Parameters: 0.999701 0.0155864 0.0188094 -0.0158786 0.999753 0.01551 -0.0185626 -0.015804 0.999703 -0.0158784 0.569365 -0.0491709
FixedParameters: 0 0 0

#Transform 146
Transform: AffineTransform_float_3_3
Parameters: 0.999822 3.77553e-05 0.0188977 -0.000794261 0.999199 0.0400121 -0.0188814 -0.0400199 0.999021 0.219627 0.113017 3.00069
FixedParameters: 0 0 0

#Transform 147
Transform: AffineTransform_float_3_3
Parameters: 0.999614 -0.0128755 0.0246103 0.0111895 0.99766 0.0674394 -0.0254207 -0.0671386 0.99742 0.389886 -0.00244557 4.70249
FixedParameters: 0 0 0

#Transform 148
Transform: AffineTransform_float_3_3
Parameters: 0.999529 -0.0144555 0.0270478 0.0123065 0.996877 0.0780136 -0.0280913 -0.0776445 0.996586 0.426101 0.206755 5.14573
FixedParameters: 0 0 0

#Transform 149
Transform: AffineTransform_float_3_3
Parameters: 0.999377 -0.0183833 0.0301322 0.0160097 0.996885 0.0772275 -0.0314579 -0.0766965 0.996558 0.513075 0.0442191 5.04014
FixedParameters: 0 0 0

#Transform 150
Transform: AffineTransform_float_3_3
Parameters: 0.999116 -0.0230122 0.0351738 0.0200988 0.996508 0.0810435 -0.0369161 -0.0802654 0.996089 0.671895 0.00571799 5.5636
FixedParameters: 0 0 0

#Transform 151
Transform: AffineTransform_float_3_3
Parameters: 0.999425 -0.00427686 0.0336357 0.0015291 0.996688 0.0813001 -0.0338723 -0.0812018 0.996122 0.0330782 0.112143 5.83025
FixedParameters: 0 0 0

#Transform 152
Transform: AffineTransform_float_3_3
Parameters: 0.998276 0.0406434 0.042344 -0.0452836 0.992322 0.115095 -0.0373409 -0.116814 0.992451 -1.79906 -0.0207208 7.60563
FixedParameters: 0 0 0

#Transform 153
Transform: AffineTransform_float_3_3
Parameters: 0.999388 0.0181655 0.029876 -0.0207094 0.995977 0.0871896 -0.028172 -0.0877554 0.995743 -0.520633 0.53965 4.89602
FixedParameters: 0 0 0

#Transform 154
Transform: AffineTransform_float_3_3
Parameters: 0.99977 0.00653428 0.0204294 -0.00798276 0.997398 0.0716554 -0.0199086 -0.0718027 0.99722 -0.122626 0.27914 3.87835
FixedParameters: 0 0 0

#Transform 155
Transform: AffineTransform_float_3_3
Parameters: 0.999801 0.00612781 0.0189973 -0.00743216 0.997564 0.0693586 -0.0185257 -0.0694864 0.997411 -0.0938719 0.52883 3.83407
FixedParameters: 0 0 0

#Transform 156
Transform: AffineTransform_float_3_3
Parameters: 0.999794 0.00560399 0.0195423 -0.00698298 0.997435 0.0712262 -0.0190927 -0.0713487 0.997268 -0.0209315 0.379872 3.83214
FixedParameters: 0 0 0

#Transform 157
Transform: AffineTransform_float_3_3
Parameters: 0.999797 0.00517379 0.0194345 -0.00649726 0.99762 0.0686527 -0.0190335 -0.0687644 0.997452 -0.0003619 0.460066 3.66609
FixedParameters: 0 0 0

#Transform 158
Transform: AffineTransform_float_3_3
Parameters: 0.999894 0.00550377 0.0135243 -0.00628828 0.998259 0.0586462 -0.0131787 -0.0587248 0.998187 -0.134525 0.381817 3.32034
FixedParameters: 0 0 0

#Transform 159
Transform: AffineTransform_float_3_3
Parameters: 0.999897 0.00570691 0.0132239 -0.00651911 0.998042 0.0622052 -0.0128431 -0.0622847 0.997976 -0.1246 0.334648 3.42169
FixedParameters: 0 0 0

#Transform 160
Transform: AffineTransform_float_3_3
Parameters: 0.999893 0.00568964 0.013512 -0.00651938 0.998046 0.0621516 -0.013132 -0.0622324 0.997976 -0.12345 0.471058 3.34116
FixedParameters: 0 0 0

#Transform 161
Transform: AffineTransform_float_3_3
Parameters: 0.999909 0.00623992 0.0119174 -0.00698606 0.99795 0.0636255 -0.0114955 -0.0637025 0.997902 -0.161673 0.369421 3.36125
FixedParameters: 0 0 0

#Transform 162
Transform: AffineTransform_float_3_3
Parameters: 0.999935 -0.00465458 0.01046 0.00404942 0.998355 0.0571881 -0.010709 -0.0571419 0.998308 0.369823 0.616334 2.6662
FixedParameters: 0 0 0

#Transform 163
Transform: AffineTransform_float_3_3
Parameters: 0.999746 -0.0224664 0.00137157 0.0223835 0.998773 0.0441599 -0.00236239 -0.0441171 0.999024 1.40336 0.554193 1.86555
FixedParameters: 0 0 0

#Transform 164
Transform: AffineTransform_float_3_3
Parameters: 0.999948 -0.00895164 0.0049952 0.00871937 0.998958 0.0447969 -0.00539082 -0.0447511 0.998983 0.601154 0.40948 2.07099
FixedParameters: 0 0 0

#Transform 165
Transform: AffineTransform_float_3_3
Parameters: 0.999973 -0.00643829 0.00355573 0.0062797 0.99905 0.0431245 -0.0038303 -0.0431015 0.999064 0.483708 0.501049 1.99367
FixedParameters: 0 0 0

#Transform 166
Transform: AffineTransform_float_3_3
Parameters: 0.999992 -0.00273171 0.0029824 0.0026203 0.999317 0.0368401 -0.00308061 -0.0368319 0.999316 0.237718 0.333823 1.89404
FixedParameters: 0 0 0

#Transform 167
Transform: AffineTransform_float_3_3
Parameters: 0.999993 -0.000706949 0.00350898 0.000575048 0.999298 0.0374632 -0.00353302 -0.0374607 0.999292 0.172436 0.481652 1.78608
FixedParameters: 0 0 0

#Transform 168
Transform: AffineTransform_float_3_3
Parameters: 0.999985 -0.00144396 0.00537293 0.00123403 0.999243 0.0388783 -0.00542508 -0.0388708 0.99923 0.198225 0.146761 1.95521
FixedParameters: 0 0 0

#Transform 169
Transform: AffineTransform_float_3_3
Parameters: 0.999979 -0.00153295 0.00618421 0.00129206 0.999247 0.0387798 -0.00623879 -0.0387712 0.999228 0.190859 0.227099 1.98895
FixedParameters: 0 0 0

#Transform 170
Transform: AffineTransform_float_3_3
Parameters: 0.999978 -0.00134739 0.00651084 0.00110161 0.999288 0.037699 -0.00655718 -0.037691 0.999268 0.184964 0.364262 1.91126
FixedParameters: 0 0 0

#Transform 171
Transform: AffineTransform_float_3_3
Parameters: 0.999975 -0.0018093 0.00683208 0.0015387 0.999224 0.0393635 -0.0068979 -0.0393525 0.999201 0.198517 0.233286 2.0254
FixedParameters: 0 0 0

#Transform 172
Transform: AffineTransform_float_3_3
Parameters: 0.999973 -0.00199079 0.00698541 0.00172422 0.999276 0.037993 -0.00705558 -0.0379799 0.999253 0.190529 0.276896 1.97392
FixedParameters: 0 0 0

#Transform 173
Transform: AffineTransform_float_3_3
Parameters: 0.999964 -0.000733929 0.00847698 0.000446071 0.999425 0.033918 -0.00849701 -0.033913 0.999388 0.17397 0.203179 1.80545
FixedParameters: 0 0 0

#Transform 174
Transform: AffineTransform_float_3_3
Parameters: 0.999902 -0.0004447 0.0139515 0.000126311 0.999739 0.022836 -0.0139575 -0.022832 0.999642 0.176709 0.0937808 1.42447
FixedParameters: 0 0 0

#Transform 175
Transform: AffineTransform_float_3_3
Parameters: 0.999848 -0.00183434 0.0173691 0.00151266 0.999828 0.0184961 -0.0173999 -0.0184669 0.999678 0.286393 -0.0130509 1.32071
FixedParameters: 0 0 0

#Transform 176
Transform: AffineTransform_float_3_3
Parameters: 0.999942 0.00134863 0.0106649 -0.00156637 0.999789 0.0204935 -0.0106351 -0.0205095 0.999733 0.046675 -0.156252 1.67524
FixedParameters: 0 0 0

#Transform 177
Transform: AffineTransform_float_3_3
Parameters: 0.999938 0.000535892 0.0111407 -0.000770089 0.999779 0.0210197 -0.0111263 -0.0210273 0.999717 0.100364 -0.0654121 1.65926
FixedParameters: 0 0 0

#Transform 178
Transform: AffineTransform_float_3_3
Parameters: 0.999947 0.000818966 0.0103348 -0.00100903 0.999831 0.0183956 -0.0103182 -0.0184055 0.999778 0.0887464 0.0140558 1.37757
FixedParameters: 0 0 0

#Transform 179
Transform: AffineTransform_float_3_3
Parameters: 0.999936 0.00141447 0.0111675 -0.00160251 0.999856 0.0168902 -0.0111415 -0.0169078 0.999795 0.0639017 -0.115767 1.22426
FixedParameters: 0 0 0

#Transform 180
Transform: AffineTransform_float_3_3
Parameters: 0.99994 0.00210129 0.0107284 -0.0022697 0.999873 0.0157376 -0.0106936 -0.0157614 0.999818 0.0553461 0.0725802 1.10468
FixedParameters: 0 0 0

#Transform 181
Transform: AffineTransform_float_3_3
Parameters: 0.999955 0.00204682 0.00932535 -0.00218917 0.999881 0.0152613 -0.00929265 -0.0152817 0.99984 0.0541133 -0.0883835 0.998574
FixedParameters: 0 0 0

#Transform 182
Transform: AffineTransform_float_3_3
Parameters: 0.999941 0.00144024 0.0108214 -0.00157276 0.999924 0.0121767 -0.0108036 -0.0121933 0.999868 0.0726263 -0.0901641 1.28551
FixedParameters: 0 0 0

#Transform 183
Transform: AffineTransform_float_3_3
Parameters: 0.999894 0.0020299 0.014367 -0.0022641 0.999864 0.0162972 -0.014332 -0.0163278 0.999764 0.0594402 -0.0853483 1.39558
FixedParameters: 0 0 0

#Transform 184
Transform: AffineTransform_float_3_3
Parameters: 0.999913 0.00223251 0.012997 -0.00242149 0.99989 0.0145818 -0.012963 -0.0146122 0.999809 0.042421 -0.0196023 1.24947
FixedParameters: 0 0 0

#Transform 185
Transform: AffineTransform_float_3_3
Parameters: 0.999933 0.00228155 0.0113272 -0.00242144 0.99992 0.0124004 -0.0112978 -0.0124276 0.999859 -0.0028914 -0.13425 1.00291
FixedParameters: 0 0 0

#Transform 186
Transform: AffineTransform_float_3_3
Parameters: 0.999937 0.00434558 0.0103639 -0.00445842 0.999931 0.0108495 -0.0103151 -0.0108945 0.999888 -0.0508391 -0.0294159 0.92008
FixedParameters: 0 0 0

#Transform 187
Transform: AffineTransform_float_3_3
Parameters: 0.999934 0.0035649 0.0109332 -0.0036771 0.99994 0.0102505 -0.0108958 -0.0102895 0.999887 0.0047959 -0.0119873 0.805936
FixedParameters: 0 0 0

#Transform 188
Transform: AffineTransform_float_3_3
Parameters: 0.999932 0.0038216 0.0109663 -0.00392739 0.999946 0.00960558 -0.0109287 -0.00964841 0.999893 0.00748706 -0.163432 0.807533
FixedParameters: 0 0 0

#Transform 189
Transform: AffineTransform_float_3_3
Parameters: 0.999904 0.00371046 0.0133968 -0.00381254 0.999964 0.00763667 -0.0133672 -0.00768735 0.999881 0.0244133 -0.0474656 0.895712
FixedParameters: 0 0 0

#Transform 190
Transform: AffineTransform_float_3_3
