#Insight Transform File V1.0
#Transform 0
Transform: AffineTransform_float_3_3
Parameters: 0.999999 4.08319e-07 0.000943 4.08319e-07 1 -0.000433 -0.000943 0.000433 1 -0.0251402 -0.0428648 0.434527
FixedParameters: 0 0 0

#Transform 1
Transform: AffineTransform_float_3_3
Parameters: 1 0.000116014 0.000193992 -0.000115986 1 -7.00225e-05 -0.000194008 7.09775e-05 1 -0.0119974 -0.00405064 -0.12843
FixedParameters: 0 0 0

#Transform 2
Transform: AffineTransform_float_3_3
Parameters: 0.999999 0.000570509 -0.00128433 -0.000569491 0.999999 0.00117573 0.00128467 -0.00117427 0.999999 -0.017909 0.146359 -0.332563
FixedParameters: 0 0 0

#Transform 3
Transform: AffineTransform_float_3_3
Parameters: 0.999999 0.000607905 -0.000678085 -0.000608094 1 -0.000139588 0.000677915 0.000139412 1 -0.00853786 0.116862 -0.285019
FixedParameters: 0 0 0

#Transform 4
Transform: AffineTransform_float_3_3
Parameters: 1 0.00033399 -0.000311011 -0.00033401 1 -3.18961e-05 0.000310989 3.21039e-05 1 0.00497501 -0.00182846 -0.234017
FixedParameters: 0 0 0

#Transform 5
Transform: AffineTransform_float_3_3
Parameters: 1 1.645e-08 1.4e-05 1.645e-08 1 -0.001175 -1.4e-05 0.001175 1 0.0116456 0.00933379 -0.245433
FixedParameters: 0 0 0

#Transform 6
Transform: AffineTransform_float_3_3
Parameters: 1 0.000201419 0.000277697 -0.000200582 0.999999 -0.00150806 -0.000277303 0.00150794 0.999999 0.00109513 0.0570535 -0.131826
FixedParameters: 0 0 0

#Transform 7
Transform: AffineTransform_float_3_3
Parameters: 1 0.000356261 0.00035874 -0.000355739 0.999999 -0.000729127 -0.000358259 0.000728872 0.999999 -0.0314196 0.0495845 -0.181222
FixedParameters: 0 0 0

#Transform 8
Transform: AffineTransform_float_3_3
Parameters: 1 0.000632967 -7.6269e-05 -0.000633032 0.999999 -0.000424952 7.57309e-05 0.000425048 1 -0.0349595 0.036192 -0.157057
FixedParameters: 0 0 0

#Transform 9
Transform: AffineTransform_float_3_3
Parameters: 1 0.000128601 0.000680887 -0.000128399 1 -0.000882089 -0.000681114 0.000881913 1 -0.0425811 0.0187905 -0.105599
FixedParameters: 0 0 0

#Transform 10
Transform: AffineTransform_float_3_3
Parameters: 0.999999 -0.000330663 0.00140455 0.000333338 0.999998 -0.00166453 -0.00140445 0.00166446 0.999997 -0.00863845 0.109152 -0.144647
FixedParameters: 0 0 0

#Transform 11
Transform: AffineTransform_float_3_3
Parameters: 0.999999 4.212e-05 0.00156392 -3.88797e-05 0.999998 -0.00199506 -0.00156408 0.00199494 0.999997 -0.0397653 0.0327106 -0.165616
FixedParameters: 0 0 0

#Transform 12
Transform: AffineTransform_float_3_3
Parameters: 0.999998 8.3889e-05 0.00167286 -8.11105e-05 0.999999 -0.00172714 -0.00167314 0.00172686 0.999997 -0.0283865 0.0515386 -0.152019
FixedParameters: 0 0 0

#Transform 13
Transform: AffineTransform_float_3_3
Parameters: 0.999999 0.000251151 0.00151681 -0.000249849 0.999999 -0.000759379 -0.00151619 0.00075862 0.999998 -0.0368982 0.00386503 -0.067357
FixedParameters: 0 0 0

#Transform 14
Transform: AffineTransform_float_3_3
Parameters: 0.999999 0.00032923 0.00151673 -0.00032777 0.999999 -0.000811497 -0.00151627 0.000810501 0.999998 -0.0506563 0.0437176 -0.0908839
FixedParameters: 0 0 0

#Transform 15
Transform: AffineTransform_float_3_3
Parameters: 0.999998 0.000602814 0.00199975 -0.000602184 0.999999 -0.000408205 -0.00200024 0.000406795 0.999998 -0.0760625 0.0175294 -0.0773126
FixedParameters: 0 0 0

#Transform 16
Transform: AffineTransform_float_3_3
Parameters: 0.999997 0.000731938 0.00205666 -0.00073106 0.999999 -0.000457504 -0.00205733 0.000455495 0.999998 -0.0826699 0.0178484 -0.0923188
FixedParameters: 0 0 0

#Transform 17
Transform: AffineTransform_float_3_3
Parameters: 0.999997 0.00112582 0.00185111 -0.00112618 1 9.39156e-05 -0.00185189 -9.60852e-05 0.999999 -0.109057 0.0113267 -0.0651461
FixedParameters: 0 0 0

#Transform 18
Transform: AffineTransform_float_3_3
Parameters: 0.999997 0.00146988 0.00192485 -0.00147111 0.999999 0.00057717 -0.00192415 -0.00058083 0.999998 -0.134649 -0.0356482 -0.0523911
FixedParameters: 0 0 0

#Transform 19
Transform: AffineTransform_float_3_3
Parameters: 0.999997 0.0012737 0.00179192 -0.0012753 0.999999 0.000724717 -0.00179107 -0.000727283 0.999998 -0.11876 -0.00822629 -0.0179342
FixedParameters: 0 0 0

#Transform 20
Transform: AffineTransform_float_3_3
Parameters: 0.999998 0.00120846 0.00151663 -0.00120854 0.999999 -0.000303833 -0.00151637 0.000302168 0.999999 -0.113766 0.0155646 -0.0351591
FixedParameters: 0 0 0

#Transform 21
Transform: AffineTransform_float_3_3
Parameters: 0.999997 0.00112579 0.00180251 -0.00112421 1 -0.000437028 -0.00180349 0.000434971 0.999999 -0.111722 0.0309 -0.047595
FixedParameters: 0 0 0

#Transform 22
Transform: AffineTransform_float_3_3
Parameters: 0.999997 0.00100876 0.0019226 -0.00100824 1 -0.00039694 -0.0019224 0.000395062 0.999998 -0.110323 0.0207203 -0.0419158
FixedParameters: 0 0 0

#Transform 23
Transform: AffineTransform_float_3_3
Parameters: 0.999997 0.00124189 0.00203946 -0.00124111 0.999999 -0.000437532 -0.00203954 0.000434468 0.999998 -0.119789 0.0467095 -0.0604456
FixedParameters: 0 0 0

#Transform 24
Transform: AffineTransform_float_3_3
Parameters: 0.999998 0.00102641 0.0020483 -0.0010256 0.999999 -0.000687102 -0.0020487 0.000684899 0.999997 -0.106812 0.035382 -0.0539831
FixedParameters: 0 0 0

#Transform 25
Transform: AffineTransform_float_3_3
Parameters: 0.999997 0.00126033 0.00213321 -0.00125867 0.999999 -0.000626687 -0.00213379 0.000624312 0.999997 -0.111188 0.0306483 -0.054875
FixedParameters: 0 0 0

#Transform 26
Transform: AffineTransform_float_3_3
Parameters: 0.999996 0.00147253 0.00212094 -0.00147147 0.999998 -0.000723123 -0.00212206 0.000719878 0.999998 -0.119512 0.0184531 -0.0558143
FixedParameters: 0 0 0

#Transform 27
Transform: AffineTransform_float_3_3
Parameters: 0.999996 0.00125596 0.00222046 -0.00125504 0.999999 -0.000431788 -0.00222154 0.000429211 0.999998 -0.11094 0.00845615 -0.0543098
FixedParameters: 0 0 0

#Transform 28
Transform: AffineTransform_float_3_3
Parameters: 0.999996 0.00123656 0.00224504 -0.00123244 0.999998 -0.00158777 -0.00224696 0.00158423 0.999996 -0.116372 0.0797621 -0.110867
FixedParameters: 0 0 0

#Transform 29
Transform: AffineTransform_float_3_3
Parameters: 0.999997 0.0011987 0.00222401 -0.0011943 0.999998 -0.00166466 -0.00222599 0.00166234 0.999996 -0.112089 0.0636916 -0.10787
FixedParameters: 0 0 0

#Transform 30
Transform: AffineTransform_float_3_3
Parameters: 0.999996 0.000942722 0.00265668 -0.000939278 0.999998 -0.0014015 -0.00265832 0.0013995 0.999995 -0.120217 0.0486868 -0.120542
FixedParameters: 0 0 0

#Transform 31
Transform: AffineTransform_float_3_3
Parameters: 0.999997 0.00105027 0.00226549 -0.00104673 0.999998 -0.00144538 -0.00226652 0.00144362 0.999997 -0.108824 0.0296913 -0.103469
FixedParameters: 0 0 0

#Transform 32
Transform: AffineTransform_float_3_3
Parameters: 0.999996 0.0011376 0.00235678 -0.0011324 0.999998 -0.00195268 -0.00235921 0.00195032 0.999996 -0.11758 0.0400298 -0.111345
FixedParameters: 0 0 0

#Transform 33
Transform: AffineTransform_float_3_3
Parameters: 0.999997 0.00119269 0.00224304 -0.00118931 0.999998 -0.00164467 -0.00224496 0.00164133 0.999996 -0.113942 0.0564229 -0.108487
FixedParameters: 0 0 0

#Transform 34
Transform: AffineTransform_float_3_3
Parameters: 0.999997 0.00120988 0.00214482 -0.00120612 0.999997 -0.00180759 -0.00214718 0.00180541 0.999996 -0.112734 0.0827396 -0.120402
FixedParameters: 0 0 0

#Transform 35
Transform: AffineTransform_float_3_3
Parameters: 0.999997 0.00104668 0.00219878 -0.00104132 0.999997 -0.0021273 -0.00220022 0.0021247 0.999996 -0.101105 0.0616877 -0.124088
FixedParameters: 0 0 0

#Transform 36
Transform: AffineTransform_float_3_3
Parameters: 0.999996 0.0011105 0.0023474 -0.0011045 0.999996 -0.0023446 -0.0023496 0.0023424 0.999995 -0.0973638 0.0884261 -0.143514
FixedParameters: 0 0 0

#Transform 37
Transform: AffineTransform_float_3_3
Parameters: 0.999998 0.00112097 0.00203882 -0.00111703 0.999998 -0.00194628 -0.00204118 0.00194472 0.999996 -0.0960236 0.0466176 -0.108653
FixedParameters: 0 0 0

#Transform 38
Transform: AffineTransform_float_3_3
Parameters: 0.999998 0.00119518 0.00190401 -0.00119282 0.999998 -0.00167027 -0.001906 0.00166873 0.999997 -0.100181 0.05198 -0.0885748
FixedParameters: 0 0 0

#Transform 39
Transform: AffineTransform_float_3_3
Parameters: 0.999997 0.00128677 0.00217737 -0.00128424 0.999999 -0.0012708 -0.00217863 0.0012682 0.999997 -0.108697 0.0424993 -0.0797877
FixedParameters: 0 0 0

#Transform 40
Transform: AffineTransform_float_3_3
Parameters: 0.999995 0.00131663 0.0026512 -0.00131237 0.999998 -0.00136949 -0.0026528 0.00136651 0.999995 -0.13106 -0.0117402 -0.0957329
FixedParameters: 0 0 0

#Transform 41
Transform: AffineTransform_float_3_3
Parameters: 0.999996 0.00126324 0.00222616 -0.00126076 0.999998 -0.00145781 -0.00222884 0.00145519 0.999997 -0.11616 0.0474478 -0.123979
FixedParameters: 0 0 0

#Transform 42
Transform: AffineTransform_float_3_3
Parameters: 0.999996 0.00147503 0.00208215 -0.00147097 0.999997 -0.00193607 -0.00208485 0.00193293 0.999996 -0.124377 0.0615349 -0.137478
FixedParameters: 0 0 0

#Transform 43
Transform: AffineTransform_float_3_3
Parameters: 0.999997 0.001334 0.00216493 -0.00132901 0.999997 -0.00230689 -0.00216807 0.00230412 0.999995 -0.114066 0.0716048 -0.165254
FixedParameters: 0 0 0

#Transform 44
Transform: AffineTransform_float_3_3
Parameters: 0.999997 0.00114885 0.00220848 -0.00114315 0.999997 -0.00219653 -0.00221152 0.00219447 0.999995 -0.114488 0.0663016 -0.114617
FixedParameters: 0 0 0

#Transform 45
Transform: AffineTransform_float_3_3
Parameters: 0.999996 0.00106454 0.00238898 -0.00106046 0.999997 -0.00189954 -0.00239102 0.00189746 0.999996 -0.121441 0.0459295 -0.101954
FixedParameters: 0 0 0

#Transform 46
Transform: AffineTransform_float_3_3
Parameters: 0.999997 0.00123116 0.00242439 -0.00122684 0.999997 -0.00212998 -0.00242662 0.00212702 0.999995 -0.12962 0.0555575 -0.134594
FixedParameters: 0 0 0

#Transform 47
Transform: AffineTransform_float_3_3
Parameters: 0.999997 0.00127272 0.002424 -0.00126628 0.999997 -0.00236108 -0.002427 0.00235792 0.999995 -0.129183 0.0594345 -0.147682
FixedParameters: 0 0 0

#Transform 48
Transform: AffineTransform_float_3_3
Parameters: 0.999996 0.00125803 0.00251049 -0.00125297 0.999997 -0.00200415 -0.00251251 0.00200085 0.999995 -0.132118 0.0899061 -0.23017
FixedParameters: 0 0 0

#Transform 49
Transform: AffineTransform_float_3_3
Parameters: 0.999996 0.000987253 0.00242446 -0.000980744 0.999996 -0.00257939 -0.00242753 0.00257661 0.999993 -0.1191 0.139556 -0.298887
FixedParameters: 0 0 0

#Transform 50
Transform: AffineTransform_float_3_3
Parameters: 0.999997 0.00106812 0.00221806 -0.00106188 0.999995 -0.00276036 -0.00222094 0.00275763 0.999993 -0.115825 0.137333 -0.312504
FixedParameters: 0 0 0

#Transform 51
Transform: AffineTransform_float_3_3
Parameters: 0.999998 0.00107161 0.00202457 -0.00106639 0.999997 -0.00227617 -0.00202643 0.00227383 0.999996 -0.107649 0.0635888 -0.200888
FixedParameters: 0 0 0

#Transform 52
Transform: AffineTransform_float_3_3
Parameters: 0.999997 0.000970807 0.00247312 -0.000966193 0.999997 -0.0019444 -0.00247488 0.0019416 0.999995 -0.106584 0.0492964 -0.158991
FixedParameters: 0 0 0

#Transform 53
Transform: AffineTransform_float_3_3
Parameters: 0.999997 0.00105561 0.00212923 -0.00104939 0.999996 -0.00263224 -0.00213177 0.00262976 0.999995 -0.0995111 0.104732 -0.186023
FixedParameters: 0 0 0

#Transform 54
Transform: AffineTransform_float_3_3
Parameters: 0.999997 0.00112669 0.00189863 -0.00112131 0.999995 -0.00299514 -0.00190236 0.00299286 0.999993 -0.0943887 0.115664 -0.195872
FixedParameters: 0 0 0

#Transform 55
Transform: AffineTransform_float_3_3
Parameters: 0.999998 0.001164 0.00177307 -0.00115799 0.999993 -0.00338406 -0.00177693 0.00338194 0.999992 -0.0900214 0.12696 -0.234307
FixedParameters: 0 0 0

#Transform 56
Transform: AffineTransform_float_3_3
Parameters: 0.999997 0.00114825 0.00185314 -0.00114175 0.999993 -0.00337112 -0.00185686 0.00336887 0.999992 -0.0846817 0.112869 -0.227235
FixedParameters: 0 0 0

#Transform 57
Transform: AffineTransform_float_3_3
Parameters: 0.999997 0.00092222 0.00202372 -0.000914778 0.999993 -0.00356586 -0.00202727 0.00356414 0.999991 -0.0826272 0.132074 -0.250829
FixedParameters: 0 0 0

#Transform 58
Transform: AffineTransform_float_3_3
Parameters: 0.999998 0.00103063 0.00202414 -0.00102437 0.999995 -0.00278008 -0.00202686 0.00277792 0.999994 -0.079885 0.0753747 -0.185736
FixedParameters: 0 0 0

#Transform 59
Transform: AffineTransform_float_3_3
Parameters: 0.999997 0.00110599 0.00228763 -0.00109901 0.999994 -0.00305452 -0.00229136 0.00305147 0.999992 -0.0978513 0.112654 -0.190075
FixedParameters: 0 0 0

#Transform 60
Transform: AffineTransform_float_3_3
Parameters: 0.999997 0.00110372 0.00248559 -0.00109529 0.999994 -0.00310373 -0.00248841 0.00310126 0.999992 -0.0987273 0.104995 -0.193295
FixedParameters: 0 0 0

#Transform 61
Transform: AffineTransform_float_3_3
Parameters: 0.999997 0.00103196 0.00215568 -0.00102504 0.999995 -0.00322722 -0.00215832 0.00322478 0.999993 -0.0909223 0.120362 -0.19352
FixedParameters: 0 0 0

#Transform 62
Transform: AffineTransform_float_3_3
Parameters: 0.999996 0.0011534 0.00249814 -0.0011446 0.999993 -0.00336187 -0.00250286 0.00335913 0.999991 -0.0966755 0.0827321 -0.216967
FixedParameters: 0 0 0

#Transform 63
Transform: AffineTransform_float_3_3
Parameters: 0.999996 0.00123704 0.0022872 -0.00122996 0.999994 -0.00307782 -0.00229079 0.00307517 0.999992 -0.0980841 0.0808537 -0.204694
FixedParameters: 0 0 0

#Transform 64
Transform: AffineTransform_float_3_3
Parameters: 0.999997 0.00120453 0.00222494 -0.00119747 0.999994 -0.00338168 -0.00222906 0.00337933 0.999992 -0.0885371 0.10675 -0.204292
FixedParameters: 0 0 0

#Transform 65
Transform: AffineTransform_float_3_3
Parameters: 0.999997 0.00103214 0.00214658 -0.00102486 0.999994 -0.00332521 -0.00214942 0.00332279 0.999992 -0.0833088 0.100829 -0.175651
FixedParameters: 0 0 0

#Transform 66
Transform: AffineTransform_float_3_3
Parameters: 0.999997 0.00130625 0.00228273 -0.00129676 0.999991 -0.00404797 -0.00228727 0.00404503 0.999989 -0.101447 0.140437 -0.253769
FixedParameters: 0 0 0

#Transform 67
Transform: AffineTransform_float_3_3
Parameters: 0.999996 0.0015565 0.0023728 -0.0015465 0.999991 -0.00400069 -0.0023782 0.00399731 0.999989 -0.119666 0.110376 -0.25288
FixedParameters: 0 0 0

#Transform 68
Transform: AffineTransform_float_3_3
Parameters: 0.999996 0.00127952 0.00243951 -0.00126948 0.99999 -0.00431011 -0.00244449 0.00430689 0.999987 -0.109637 0.139003 -0.280185
FixedParameters: 0 0 0

#Transform 69
Transform: AffineTransform_float_3_3
Parameters: 0.999996 0.00145946 0.00246701 -0.00145154 0.999993 -0.0034286 -0.00247199 0.00342441 0.999991 -0.113941 0.107553 -0.251175
FixedParameters: 0 0 0

#Transform 70
Transform: AffineTransform_float_3_3
Parameters: 0.999997 0.00125137 0.00240114 -0.00124163 0.999991 -0.00389999 -0.00240586 0.003897 0.999989 -0.0983537 0.120848 -0.248521
FixedParameters: 0 0 0

#Transform 71
Transform: AffineTransform_float_3_3
Parameters: 0.999996 0.00126524 0.00245477 -0.00125676 0.999993 -0.0033541 -0.00245923 0.0033509 0.999992 -0.10946 0.0967029 -0.204974
FixedParameters: 0 0 0

#Transform 72
Transform: AffineTransform_float_3_3
Parameters: 0.999996 0.00132408 0.00249225 -0.00131692 0.999995 -0.00284029 -0.00249675 0.00283671 0.999993 -0.110745 0.0667623 -0.179551
FixedParameters: 0 0 0

#Transform 73
Transform: AffineTransform_float_3_3
Parameters: 0.999997 0.00136206 0.00202293 -0.00135594 0.999994 -0.00299275 -0.00202706 0.00298925 0.999993 -0.0992022 0.18285 -0.220376
FixedParameters: 0 0 0

#Transform 74
Transform: AffineTransform_float_3_3
Parameters: 0.999996 0.00155102 0.00230295 -0.00154198 0.999991 -0.00391457 -0.00230905 0.00391143 0.999989 -0.100832 0.0674182 -0.277307
FixedParameters: 0 0 0

#Transform 75
Transform: AffineTransform_float_3_3
Parameters: 0.999996 0.00150368 0.00261345 -0.00149332 0.999992 -0.00370192 -0.00261954 0.00369808 0.999989 -0.122328 0.0846789 -0.270909
FixedParameters: 0 0 0

#Transform 76
Transform: AffineTransform_float_3_3
Parameters: 0.999994 0.00150353 0.00294314 -0.00149247 0.999991 -0.00391541 -0.00294886 0.00391159 0.999988 -0.125117 0.132227 -0.286966
FixedParameters: 0 0 0

#Transform 77
Transform: AffineTransform_float_3_3
Parameters: 0.999995 0.00147847 0.00301838 -0.00146853 0.999994 -0.00313745 -0.00302362 0.00313255 0.99999 -0.134242 0.10513 -0.261085
FixedParameters: 0 0 0

#Transform 78
Transform: AffineTransform_float_3_3
Parameters: 0.999995 0.00156641 0.00255242 -0.00155459 0.999987 -0.00485699 -0.00255958 0.00485301 0.999985 -0.14981 0.177177 -0.320337
FixedParameters: 0 0 0

#Transform 79
Transform: AffineTransform_float_3_3
Parameters: 0.999997 0.0014933 0.00227929 -0.0014827 0.999988 -0.0045144 -0.00228571 0.0045106 0.999987 -0.153431 0.160124 -0.346966
FixedParameters: 0 0 0

#Transform 80
Transform: AffineTransform_float_3_3
Parameters: 0.999996 0.00160146 0.00227799 -0.00158955 0.999986 -0.00502164 -0.00228601 0.00501836 0.999985 -0.148391 0.197047 -0.389502
FixedParameters: 0 0 0

#Transform 81
Transform: AffineTransform_float_3_3
Parameters: 0.999996 0.00148065 0.00261131 -0.00146735 0.999986 -0.00522186 -0.0026197 0.00521815 0.999983 -0.138289 0.173757 -0.398078
FixedParameters: 0 0 0

#Transform 82
Transform: AffineTransform_float_3_3
Parameters: 0.999995 0.00136532 0.00293584 -0.00135167 0.999989 -0.00453599 -0.00294216 0.00453201 0.999986 -0.138413 0.163593 -0.373718
FixedParameters: 0 0 0

#Transform 83
Transform: AffineTransform_float_3_3
Parameters: 0.999996 0.00138733 0.00251588 -0.00137767 0.999992 -0.00370648 -0.00252112 0.00370252 0.99999 -0.121052 0.16207 -0.314043
FixedParameters: 0 0 0

#Transform 84
Transform: AffineTransform_float_3_3
Parameters: 0.999996 0.00152133 0.00228179 -0.00151467 0.999995 -0.00277447 -0.00228621 0.00277153 0.999994 -0.138464 -0.0704631 -0.106213
FixedParameters: 0 0 0

#Transform 85
Transform: AffineTransform_float_3_3
Parameters: 0.999997 0.00147939 0.00227993 -0.00147061 0.999991 -0.00411637 -0.00228607 0.00411263 0.999989 -0.140799 0.227073 -0.362405
FixedParameters: 0 0 0

#Transform 86
Transform: AffineTransform_float_3_3
Parameters: 0.999995 0.00142283 0.00258899 -0.00141017 0.999987 -0.00494967 -0.00259601 0.00494633 0.999985 -0.145172 0.19194 -0.403608
FixedParameters: 0 0 0

#Transform 87
Transform: AffineTransform_float_3_3
Parameters: 0.999995 0.00142272 0.00255496 -0.00141028 0.999986 -0.00497262 -0.00256204 0.00496938 0.999985 -0.141566 0.23369 -0.539219
FixedParameters: 0 0 0

#Transform 88
Transform: AffineTransform_float_3_3
Parameters: 0.999997 0.00142116 0.00227908 -0.00140985 0.999987 -0.00488823 -0.00228592 0.00488577 0.999986 -0.131658 0.185187 -0.503947
FixedParameters: 0 0 0

#Transform 89
Transform: AffineTransform_float_3_3
Parameters: 0.999997 0.00141804 0.00228102 -0.00140996 0.999993 -0.00352123 -0.00228598 0.00351777 0.999991 -0.127653 0.276526 -0.582821
FixedParameters: 0 0 0

#Transform 90
Transform: AffineTransform_float_3_3
Parameters: 0.999994 0.00173329 0.00299592 -0.00172171 0.99999 -0.00410118 -0.00300308 0.00409582 0.999987 -0.14995 0.435858 -0.55343
FixedParameters: 0 0 0

#Transform 91
Transform: AffineTransform_float_3_3
Parameters: 0.999992 0.000863289 0.00388268 -0.000838708 0.99998 -0.00625331 -0.00388832 0.00624969 0.999973 -0.110913 -0.0174042 -0.530631
FixedParameters: 0 0 0

#Transform 92
Transform: AffineTransform_float_3_3
Parameters: 0.999992 0.000598412 0.00394079 -0.000570585 0.999974 -0.00720731 -0.00394522 0.0072047 0.999967 -0.094516 0.176929 -0.498853
FixedParameters: 0 0 0

#Transform 93
Transform: AffineTransform_float_3_3
Parameters: 0.999991 0.000657395 0.00416762 -0.00062961 0.999976 -0.00681068 -0.00417139 0.00680832 0.999968 -0.124243 0.160587 -0.528803
FixedParameters: 0 0 0

#Transform 94
Transform: AffineTransform_float_3_3
Parameters: 0.999993 0.000739067 0.00362759 -0.000712935 0.999972 -0.00745763 -0.00363242 0.00745436 0.999965 -0.119101 0.274112 -0.596752
FixedParameters: 0 0 0

#Transform 95
Transform: AffineTransform_float_3_3
Parameters: 0.999991 0.000747149 0.00434909 -0.000717851 0.999978 -0.00670019 -0.00435391 0.00669681 0.999968 -0.124265 0.25715 -0.6434
FixedParameters: 0 0 0

#Transform 96
Transform: AffineTransform_float_3_3
Parameters: 0.999991 0.000734224 0.00434852 -0.000701771 0.99997 -0.00763713 -0.00435449 0.00763388 0.999962 -0.105205 0.311983 -0.664254
FixedParameters: 0 0 0

#Transform 97
Transform: AffineTransform_float_3_3
Parameters: 0.999993 0.000734438 0.00385988 -0.000707566 0.999975 -0.00710579 -0.00386413 0.00710222 0.999968 -0.0746707 0.193325 -0.63298
FixedParameters: 0 0 0

#Transform 98
Transform: AffineTransform_float_3_3
Parameters: 0.999994 0.000894202 0.00355175 -0.000869799 0.999974 -0.00709013 -0.00355826 0.00708786 0.999968 -0.0684499 0.225823 -0.575322
FixedParameters: 0 0 0

#Transform 99
Transform: AffineTransform_float_3_3
Parameters: 0.999993 0.000689758 0.00368473 -0.00066125 0.99997 -0.00779949 -0.00368927 0.00779751 0.999963 -0.0499952 0.215913 -0.635399
FixedParameters: 0 0 0

#Transform 100
Transform: AffineTransform_float_3_3
Parameters: 0.999993 0.000597384 0.00366349 -0.000568619 0.99997 -0.00774414 -0.00366751 0.00774186 0.999964 -0.0444577 0.211926 -0.591487
FixedParameters: 0 0 0

#Transform 101
Transform: AffineTransform_float_3_3
Parameters: 0.999994 0.000466683 0.00356161 -0.000440319 0.999972 -0.00748961 -0.0035644 0.00748738 0.999965 -0.0284675 0.217263 -0.553619
FixedParameters: 0 0 0

#Transform 102
Transform: AffineTransform_float_3_3
Parameters: 0.999994 0.000443899 0.00347291 -0.000419098 0.999974 -0.0071675 -0.00347609 0.0071655 0.999969 -0.0292351 0.210601 -0.566814
FixedParameters: 0 0 0

#Transform 103
Transform: AffineTransform_float_3_3
Parameters: 0.999993 0.000575436 0.00372716 -0.000549568 0.999976 -0.00682109 -0.00373083 0.0068199 0.99997 -0.0400976 0.176582 -0.507418
FixedParameters: 0 0 0

#Transform 104
Transform: AffineTransform_float_3_3
Parameters: 0.999993 0.000468546 0.00372776 -0.000442452 0.999974 -0.00711869 -0.00373124 0.0071173 0.999967 -0.0334569 0.201694 -0.5291
FixedParameters: 0 0 0

#Transform 105
Transform: AffineTransform_float_3_3
Parameters: 0.999994 0.000630242 0.003597 -0.000607757 0.999979 -0.00645923 -0.003601 0.00645677 0.999972 -0.0432686 0.150229 -0.429347
FixedParameters: 0 0 0

#Transform 106
Transform: AffineTransform_float_3_3
Parameters: 0.999992 0.00080048 0.00372541 -0.000773516 0.999975 -0.00710394 -0.00373159 0.00710107 0.999968 -0.0670062 0.284635 -0.505913
FixedParameters: 0 0 0

#Transform 107
Transform: AffineTransform_float_3_3
Parameters: 0.999993 0.000696892 0.00372589 -0.000669109 0.999972 -0.00748155 -0.00373111 0.00747945 0.999965 -0.0785066 0.194915 -0.536171
FixedParameters: 0 0 0

#Transform 108
Transform: AffineTransform_float_3_3
Parameters: 0.999993 0.000395489 0.00372779 -0.000363508 0.999965 -0.00844442 -0.0037312 0.00844259 0.999958 -0.0461093 0.318667 -0.590724
FixedParameters: 0 0 0

#Transform 109
Transform: AffineTransform_float_3_3
Parameters: 0.999994 0.000405295 0.00360642 -0.000372702 0.999958 -0.00922741 -0.00361059 0.0092266 0.999951 -0.0440727 0.229115 -0.649128
FixedParameters: 0 0 0

#Transform 110
Transform: AffineTransform_float_3_3
Parameters: 0.999994 0.000290057 0.00356354 -0.000257939 0.999959 -0.00899297 -0.00356647 0.00899202 0.999953 -0.0498589 0.238993 -0.571863
FixedParameters: 0 0 0

#Transform 111
Transform: AffineTransform_float_3_3
Parameters: 0.999994 0.000429419 0.00342444 -0.000400575 0.999963 -0.00858743 -0.00342857 0.00858558 0.999958 -0.0391832 0.239931 -0.544583
FixedParameters: 0 0 0

#Transform 112
Transform: AffineTransform_float_3_3
Parameters: 0.999994 0.000273899 0.00363687 -0.0002441 0.999966 -0.00821894 -0.00363913 0.00821806 0.999959 -0.0379783 0.289437 -0.707201
FixedParameters: 0 0 0

#Transform 113
Transform: AffineTransform_float_3_3
Parameters: 0.999996 0.000526476 0.00302701 -0.000503526 0.99997 -0.00775056 -0.003031 0.00774944 0.999966 -0.046543 0.464748 -1.04145
FixedParameters: 0 0 0

#Transform 114
Transform: AffineTransform_float_3_3
Parameters: 0.999997 0.000378578 0.00264341 -0.000360425 0.999976 -0.00702498 -0.0026456 0.00702402 0.999972 -0.0376671 0.347136 -0.990512
FixedParameters: 0 0 0

#Transform 115
Transform: AffineTransform_float_3_3
Parameters: 0.999996 0.000203563 0.00259868 -0.000186433 0.999977 -0.00675751 -0.00260032 0.00675649 0.999974 -0.0237697 0.3532 -1.01325
FixedParameters: 0 0 0

#Transform 116
Transform: AffineTransform_float_3_3
Parameters: 0.999998 0.000515386 0.00192172 -0.000503613 0.999979 -0.00643998 -0.00192528 0.00643902 0.999978 -0.031273 0.312532 -0.848598
FixedParameters: 0 0 0

#Transform 117
Transform: AffineTransform_float_3_3
Parameters: 0.999996 0.000523943 0.00285824 -0.000503057 0.999973 -0.00732347 -0.00286176 0.00732153 0.999969 -0.059438 0.372891 -0.918348
FixedParameters: 0 0 0

#Transform 118
Transform: AffineTransform_float_3_3
Parameters: 0.999995 0.000522861 0.00292151 -0.000503136 0.999977 -0.0067945 -0.00292548 0.0067935 0.999972 -0.060884 0.329314 -0.874222
FixedParameters: 0 0 0

#Transform 119
Transform: AffineTransform_float_3_3
Parameters: 0.999994 0.000527727 0.0034443 -0.000503265 0.999974 -0.00717678 -0.0034487 0.00717423 0.999969 -0.0740578 0.349383 -0.889264
FixedParameters: 0 0 0

#Transform 120
Transform: AffineTransform_float_3_3
Parameters: 0.999996 0.000525895 0.00300208 -0.000503107 0.999971 -0.00762155 -0.00300592 0.00762046 0.999967 -0.0624039 0.367383 -0.927677
FixedParameters: 0 0 0

#Transform 121
Transform: AffineTransform_float_3_3
Parameters: 0.999995 0.000528897 0.003339 -0.000503104 0.99997 -0.00775173 -0.003343 0.00775028 0.999965 -0.0793728 0.35498 -0.926719
FixedParameters: 0 0 0

#Transform 122
Transform: AffineTransform_float_3_3
Parameters: 0.999997 0.000750639 0.00236216 -0.000731354 0.999968 -0.00788175 -0.00236884 0.00788024 0.999966 -0.0486453 0.434524 -1.14197
FixedParameters: 0 0 0

#Transform 123
Transform: AffineTransform_float_3_3
Parameters: 0.999996 0.000942958 0.00285316 -0.000922037 0.999972 -0.00733766 -0.00286084 0.00733533 0.999969 -0.091346 0.349929 -0.913898
FixedParameters: 0 0 0

#Transform 124
Transform: AffineTransform_float_3_3
Parameters: 0.999994 0.000826409 0.00316423 -0.000804592 0.999974 -0.00707658 -0.00316977 0.00707442 0.99997 -0.099039 0.349299 -0.876987
FixedParameters: 0 0 0

#Transform 125
Transform: AffineTransform_float_3_3
Parameters: 0.999992 0.000950299 0.00370811 -0.000922698 0.999972 -0.00735747 -0.00371489 0.00735352 0.999966 -0.116187 0.351863 -0.897146
FixedParameters: 0 0 0

#Transform 126
Transform: AffineTransform_float_3_3
Parameters: 0.999994 0.000771614 0.00331059 -0.000748389 0.999975 -0.00712852 -0.00331542 0.00712549 0.999969 -0.093481 0.354092 -0.893466
FixedParameters: 0 0 0

#Transform 127
Transform: AffineTransform_float_3_3
Parameters: 0.999994 0.000873729 0.00342078 -0.000849268 0.999973 -0.00722395 -0.00342722 0.00722105 0.999968 -0.101701 0.357021 -0.892603
FixedParameters: 0 0 0

#Transform 128
Transform: AffineTransform_float_3_3
Parameters: 0.999994 0.000933374 0.00338738 -0.000909628 0.999973 -0.00719013 -0.00339363 0.00718688 0.999969 -0.0942849 0.345755 -0.893109
FixedParameters: 0 0 0

#Transform 129
Transform: AffineTransform_float_3_3
Parameters: 0.999993 0.000928931 0.00345439 -0.00090407 0.999973 -0.00721217 -0.00346061 0.00720883 0.999968 -0.098571 0.328929 -0.879362
FixedParameters: 0 0 0

#Transform 130
Transform: AffineTransform_float_3_3
Parameters: 0.999994 0.00105002 0.00334717 -0.00102797 0.999978 -0.00657548 -0.00335383 0.00657152 0.999973 -0.113151 0.304492 -0.799884
FixedParameters: 0 0 0

#Transform 131
Transform: AffineTransform_float_3_3
Parameters: 0.999994 0.00101955 0.00347246 -0.000996457 0.999979 -0.00648851 -0.00347854 0.0064845 0.999973 -0.117296 0.31928 -0.833249
FixedParameters: 0 0 0

#Transform 132
Transform: AffineTransform_float_3_3
Parameters: 0.999993 0.000945338 0.0034352 -0.000923662 0.999981 -0.00620821 -0.0034408 0.00620479 0.999975 -0.106913 0.337631 -0.85563
FixedParameters: 0 0 0

#Transform 133
Transform: AffineTransform_float_3_3
Parameters: 0.999994 0.00132891 0.00315829 -0.0013081 0.999978 -0.00661217 -0.00316672 0.00660783 0.999973 -0.105966 0.380234 -0.960659
FixedParameters: 0 0 0

#Transform 134
Transform: AffineTransform_float_3_3
Parameters: 0.999992 0.00108514 0.00390621 -0.00105285 0.999965 -0.00822217 -0.00391478 0.00821781 0.999958 -0.113759 0.403526 -0.985213
FixedParameters: 0 0 0

#Transform 135
Transform: AffineTransform_float_3_3
Parameters: 0.999992 0.0010295 0.00391686 -0.000998501 0.999967 -0.00803498 -0.00392515 0.00803103 0.99996 -0.116429 0.402246 -0.984721
FixedParameters: 0 0 0

#Transform 136
Transform: AffineTransform_float_3_3
Parameters: 0.999992 0.000937453 0.00402836 -0.000903548 0.999965 -0.00829872 -0.00403564 0.00829429 0.999958 -0.11679 0.428192 -1.01151
FixedParameters: 0 0 0

#Transform 137
Transform: AffineTransform_float_3_3
Parameters: 0.999992 0.000925234 0.00399189 -0.000894763 0.999969 -0.00781964 -0.00399912 0.00781537 0.999962 -0.115908 0.390045 -0.993179
FixedParameters: 0 0 0

#Transform 138
Transform: AffineTransform_float_3_3
Parameters: 0.99999 0.000970768 0.00434438 -0.000936234 0.999967 -0.00799814 -0.00435162 0.00799385 0.999958 -0.11879 0.383973 -1.0001
FixedParameters: 0 0 0

#Transform 139
Transform: AffineTransform_float_3_3
Parameters: 0.999991 0.000805182 0.00419003 -0.000767821 0.999961 -0.0088673 -0.00419697 0.0088647 0.999952 -0.117539 0.468326 -1.06942
FixedParameters: 0 0 0

#Transform 140
Transform: AffineTransform_float_3_3
Parameters: 0.999992 0.000748346 0.00408381 -0.000707649 0.999951 -0.00987297 -0.00409119 0.00986902 0.999943 -0.0995432 0.434294 -1.09898
FixedParameters: 0 0 0

#Transform 141
Transform: AffineTransform_float_3_3
Parameters: 0.999991 0.000781458 0.00434543 -0.000743536 0.999962 -0.00861532 -0.00435257 0.00861168 0.999954 -0.0994953 0.412048 -1.00766
FixedParameters: 0 0 0

#Transform 142
Transform: AffineTransform_float_3_3
Parameters: 0.999991 0.000742218 0.00416304 -0.000707782 0.999966 -0.00821502 -0.00416895 0.00821198 0.999957 -0.0905928 0.405923 -1.01402
FixedParameters: 0 0 0

#Transform 143
Transform: AffineTransform_float_3_3
Parameters: 0.999991 0.000685476 0.00434656 -0.000650521 0.999967 -0.00815791 -0.00435245 0.0081551 0.999958 -0.100057 0.39113 -0.999389
FixedParameters: 0 0 0

#Transform 144
Transform: AffineTransform_float_3_3
Parameters: 0.999992 0.000847749 0.00405409 -0.000814251 0.999965 -0.00831937 -0.00406092 0.00831563 0.999957 -0.10477 0.402614 -1.0266
FixedParameters: 0 0 0

#Transform 145
Transform: AffineTransform_float_3_3
Parameters: 0.99999 0.000931923 0.00423683 -0.000894075 0.999959 -0.00894387 -0.00424516 0.00894012 0.999951 -0.118508 0.417685 -1.04924
FixedParameters: 0 0 0

#Transform 146
Transform: AffineTransform_float_3_3
Parameters: 0.999992 0.000917602 0.00370956 -0.0008864 0.999965 -0.00824335 -0.00371643 0.00823965 0.999959 -0.118788 0.430082 -1.07414
FixedParameters: 0 0 0

#Transform 147
Transform: AffineTransform_float_3_3
Parameters: 0.999999 0.0017777 -0.00030474 -0.00178029 0.999968 -0.00772347 0.000290259 0.00772353 0.99997 -0.123714 0.622626 -1.6012
FixedParameters: 0 0 0

#Transform 148
Transform: AffineTransform_float_3_3
Parameters: 0.999998 0.00151028 -0.00068502 -0.00151672 0.999949 -0.00992297 0.000669981 0.00992402 0.99995 -0.134935 0.708381 -1.89768
FixedParameters: 0 0 0

#Transform 149
Transform: AffineTransform_float_3_3
Parameters: 0.999996 0.00163327 -0.00198821 -0.00165372 0.999944 -0.0104677 0.00197079 0.0104713 0.999943 -0.116111 0.60741 -1.65638
FixedParameters: 0 0 0

#Transform 150
Transform: AffineTransform_float_3_3
Parameters: 0.999999 0.00156276 -0.000816971 -0.00157025 0.999947 -0.0101917 0.000801038 0.0101923 0.999947 -0.13907 0.486718 -1.32478
FixedParameters: 0 0 0

#Transform 151
Transform: AffineTransform_float_3_3
Parameters: 0.999998 0.00166576 -0.000230811 -0.00166824 0.999948 -0.0100846 0.000214188 0.0100844 0.999949 -0.148716 0.559229 -1.39167
FixedParameters: 0 0 0

#Transform 152
Transform: AffineTransform_float_3_3
Parameters: 0.999998 0.00179411 -0.000594091 -0.00179989 0.999947 -0.0100659 0.000575911 0.010067 0.999949 -0.133765 0.548853 -1.28132
FixedParameters: 0 0 0

#Transform 153
Transform: AffineTransform_float_3_3
Parameters: 0.999998 0.00172307 0.000105875 -0.00172193 0.999954 -0.0093612 -0.000122126 0.0093618 0.999956 -0.146553 0.529797 -1.27122
FixedParameters: 0 0 0

#Transform 154
Transform: AffineTransform_float_3_3
Parameters: 0.999998 0.00190028 0.000517995 -0.00189572 0.999948 -0.010015 -0.000537011 0.010014 0.999949 -0.159848 0.520815 -1.33795
FixedParameters: 0 0 0

#Transform 155
Transform: AffineTransform_float_3_3
Parameters: 0.999998 0.0020238 -2.96787e-05 -0.0020232 0.999946 -0.010217 9.32938e-06 0.010217 0.999948 -0.145171 0.582828 -1.37332
FixedParameters: 0 0 0

#Transform 156
Transform: AffineTransform_float_3_3
Parameters: 0.999997 0.00242177 6.33518e-05 -0.00242123 0.999946 -0.0101792 -8.76501e-05 0.0101788 0.999948 -0.164357 0.553962 -1.42147
FixedParameters: 0 0 0

#Transform 157
Transform: AffineTransform_float_3_3
Parameters: 0.999998 0.00224045 0.000415698 -0.00223656 0.999944 -0.010411 -0.000438308 0.01041 0.999945 -0.155647 0.526393 -1.45102
FixedParameters: 0 0 0

#Transform 158
Transform: AffineTransform_float_3_3
Parameters: 0.999998 0.00228972 0.000343029 -0.00228628 0.999942 -0.0104778 -0.000366975 0.0104772 0.999945 -0.146378 0.570053 -1.44489
FixedParameters: 0 0 0

#Transform 159
Transform: AffineTransform_float_3_3
Parameters: 0.999997 0.00214714 0.000633258 -0.00213985 0.999937 -0.0110764 -0.00065774 0.0110746 0.999939 -0.146432 0.569644 -1.45837
FixedParameters: 0 0 0

#Transform 160
Transform: AffineTransform_float_3_3
Parameters: 0.999998 0.00206669 0.000348822 -0.00206331 0.999946 -0.0102567 -0.000370182 0.0102563 0.999948 -0.124775 0.562713 -1.3829
FixedParameters: 0 0 0

#Transform 161
Transform: AffineTransform_float_3_3
Parameters: 0.999998 0.00211013 0.000892412 -0.00209987 0.999935 -0.0112059 -0.000915587 0.0112041 0.999937 -0.138171 0.584792 -1.45223
FixedParameters: 0 0 0

#Transform 162
Transform: AffineTransform_float_3_3
Parameters: 0.999998 0.00217912 0.000476134 -0.00217488 0.999942 -0.0105061 -0.000498876 0.0105049 0.999944 -0.114879 0.603191 -1.39449
FixedParameters: 0 0 0

#Transform 163
Transform: AffineTransform_float_3_3
Parameters: 0.999999 0.00172004 0.000364415 -0.00171696 0.99994 -0.0108176 -0.000382596 0.0108174 0.999942 -0.0809295 0.612695 -1.43567
FixedParameters: 0 0 0

#Transform 164
Transform: AffineTransform_float_3_3
Parameters: 0.999999 0.00173727 0.00067818 -0.00172872 0.999927 -0.0120132 -0.000699816 0.0120118 0.999927 -0.0749509 0.606731 -1.47422
FixedParameters: 0 0 0

#Transform 165
Transform: AffineTransform_float_3_3
Parameters: 0.999999 0.00174231 0.000590712 -0.00173669 0.999943 -0.0105161 -0.000609296 0.010515 0.999945 -0.0764558 0.589776 -1.40268
FixedParameters: 0 0 0

#Transform 166
Transform: AffineTransform_float_3_3
Parameters: 0.999998 0.00165748 0.000976775 -0.00164652 0.999931 -0.0116396 -0.00099623 0.0116374 0.999932 -0.084382 0.608539 -1.46828
FixedParameters: 0 0 0

#Transform 167
Transform: AffineTransform_float_3_3
Parameters: 0.999998 0.00168117 0.00128642 -0.00166584 0.99993 -0.0117012 -0.00130558 0.0116988 0.99993 -0.0803652 0.611332 -1.52478
FixedParameters: 0 0 0

#Transform 168
Transform: AffineTransform_float_3_3
Parameters: 0.999997 0.00181334 0.00111111 -0.00180066 0.999938 -0.011008 -0.00113089 0.011006 0.999939 -0.0859977 0.635898 -1.47509
FixedParameters: 0 0 0

#Transform 169
Transform: AffineTransform_float_3_3
Parameters: 0.999998 0.00155911 0.00109029 -0.00154789 0.999947 -0.0101157 -0.00110571 0.0101143 0.999948 -0.0660453 0.528686 -1.41145
FixedParameters: 0 0 0

#Transform 170
Transform: AffineTransform_float_3_3
Parameters: 0.999997 0.00121878 0.00184782 -0.00119722 0.999931 -0.0117422 -0.00186218 0.0117398 0.99993 -0.0563457 0.581629 -1.46907
FixedParameters: 0 0 0

#Transform 171
Transform: AffineTransform_float_3_3
Parameters: 1 0.000606519 0.00104252 -0.000596476 0.999959 -0.00910763 -0.00104848 0.00910637 0.999958 0.0103952 0.444383 -1.29848
FixedParameters: 0 0 0

#Transform 172
Transform: AffineTransform_float_3_3
Parameters: 0.999997 0.00120002 0.00201706 -0.00117799 0.99994 -0.0108804 -0.00202994 0.0108786 0.999939 -0.0570614 0.615379 -1.43759
FixedParameters: 0 0 0

#Transform 173
Transform: AffineTransform_float_3_3
Parameters: 0.999997 0.00134717 0.0019811 -0.00132583 0.999937 -0.0111497 -0.00199591 0.0111473 0.999936 -0.0687412 0.566329 -1.48027
FixedParameters: 0 0 0

#Transform 174
Transform: AffineTransform_float_3_3
Parameters: 0.999997 0.00142637 0.00174212 -0.00140763 0.999944 -0.0105015 -0.00175688 0.0104995 0.999944 -0.0570965 0.573971 -1.46919
FixedParameters: 0 0 0

#Transform 175
Transform: AffineTransform_float_3_3
Parameters: 0.999999 0.00104338 0.000972026 -0.00103362 0.999954 -0.00960302 -0.000981971 0.00960199 0.999954 0.00595868 0.521474 -1.38913
FixedParameters: 0 0 0

#Transform 176
Transform: AffineTransform_float_3_3
Parameters: 0.999998 0.00117345 0.00164036 -0.00115754 0.99995 -0.00999292 -0.00165265 0.00999108 0.999948 -0.0323754 0.554679 -1.41331
FixedParameters: 0 0 0

#Transform 177
Transform: AffineTransform_float_3_3
Parameters: 0.999997 0.00135656 0.00205054 -0.00133643 0.999949 -0.00999577 -0.00206446 0.00999323 0.999948 -0.0479698 0.558167 -1.4295
FixedParameters: 0 0 0

#Transform 178
Transform: AffineTransform_float_3_3
Parameters: 0.999998 0.00151885 0.00175153 -0.00150216 0.999953 -0.00957965 -0.00176547 0.00957734 0.999952 -0.0447413 0.582639 -1.4134
FixedParameters: 0 0 0

#Transform 179
Transform: AffineTransform_float_3_3
Parameters: 0.999997 0.0012905 0.00197073 -0.00127051 0.999946 -0.0103675 -0.00198328 0.0103645 0.999945 -0.0446583 0.568352 -1.48518
FixedParameters: 0 0 0

#Transform 180
Transform: AffineTransform_float_3_3
Parameters: 0.999997 0.00145057 0.002063 -0.00142943 0.999944 -0.010418 -0.002078 0.010415 0.999943 -0.0562106 0.596725 -1.50008
FixedParameters: 0 0 0

#Transform 181
Transform: AffineTransform_float_3_3
Parameters: 0.999997 0.00136934 0.00197437 -0.00134866 0.999941 -0.0107717 -0.00198864 0.0107693 0.99994 -0.0425132 0.607011 -1.51408
FixedParameters: 0 0 0

#Transform 182
Transform: AffineTransform_float_3_3
Parameters: 0.999997 0.00152171 0.0018782 -0.00150229 0.999945 -0.0104509 -0.0018938 0.0104481 0.999943 -0.0517189 0.570374 -1.45188
FixedParameters: 0 0 0

#Transform 183
Transform: AffineTransform_float_3_3
Parameters: 0.999997 0.00152203 0.00179218 -0.00150196 0.999937 -0.0111267 -0.00180982 0.0111233 0.999936 -0.0519222 0.596045 -1.4811
FixedParameters: 0 0 0

#Transform 184
Transform: AffineTransform_float_3_3
Parameters: 0.999998 0.00152024 0.00168068 -0.00150176 0.999941 -0.0108026 -0.00169732 0.0108005 0.99994 -0.0416508 0.580519 -1.45919
FixedParameters: 0 0 0

#Transform 185
Transform: AffineTransform_float_3_3
Parameters: 0.999999 0.00128852 0.00123305 -0.00127648 0.999948 -0.0101016 -0.00124596 0.0100994 0.999948 -0.0192359 0.587662 -1.38609
FixedParameters: 0 0 0

#Transform 186
Transform: AffineTransform_float_3_3
Parameters: 0.999998 0.00151834 0.00147334 -0.00150165 0.999938 -0.0110302 -0.00149065 0.0110278 0.999938 -0.0352053 0.610632 -1.44088
FixedParameters: 0 0 0

#Transform 187
Transform: AffineTransform_float_3_3
Parameters: 0.999997 0.00152237 0.00182419 -0.00150263 0.999937 -0.0111168 -0.00184082 0.0111142 0.999936 -0.0457542 0.58165 -1.45419
FixedParameters: 0 0 0

#Transform 188
Transform: AffineTransform_float_3_3
