#Insight Transform File V1.0
#Transform 0
Transform: AffineTransform_float_3_3
Parameters: 0.999999 0.000770034 -0.00011677 -0.000769964 0.999999 0.00029909 0.00011723 -0.00029891 1 -0.0239785 -0.0472961 0.481192
FixedParameters: 0 0 0

#Transform 1
Transform: AffineTransform_float_3_3
Parameters: 0.999998 -0.000990616 -0.00179887 0.000993384 0.999997 0.00188122 0.00179713 -0.00188278 0.999996 0.123888 -0.0954733 0.206552
FixedParameters: 0 0 0

#Transform 2
Transform: AffineTransform_float_3_3
Parameters: 0.999996 -0.0018961 -0.00174815 0.0018989 0.999997 0.00165769 0.00174485 -0.00166031 0.999997 0.189393 -0.0855817 0.0595292
FixedParameters: 0 0 0

#Transform 3
Transform: AffineTransform_float_3_3
Parameters: 0.999996 -0.00204786 -0.00166563 0.00205014 0.999997 0.00128259 0.00166337 -0.00128641 0.999998 0.209114 -0.054081 0.0317523
FixedParameters: 0 0 0

#Transform 4
Transform: AffineTransform_float_3_3
Parameters: 0.999996 -0.00186384 -0.00207694 0.00186616 0.999997 0.00104013 0.00207506 -0.00104387 0.999998 0.206024 -0.0481843 0.010517
FixedParameters: 0 0 0

#Transform 5
Transform: AffineTransform_float_3_3
Parameters: 0.999994 -0.00227444 -0.0023265 0.00227756 0.999997 0.00109871 0.00232449 -0.00110429 0.999996 0.236317 -0.0321353 -0.00797676
FixedParameters: 0 0 0

#Transform 6
Transform: AffineTransform_float_3_3
Parameters: 0.999995 -0.00214505 -0.00222475 0.00215095 0.999994 0.00267423 0.00221825 -0.00267977 0.999994 0.22919 -0.0140221 0.0305293
FixedParameters: 0 0 0

#Transform 7
Transform: AffineTransform_float_3_3
Parameters: 0.999994 -0.00250616 -0.00231716 0.00251084 0.999995 0.00165419 0.00231284 -0.00165981 0.999996 0.242619 -0.0147324 0.0231699
FixedParameters: 0 0 0

#Transform 8
Transform: AffineTransform_float_3_3
Parameters: 0.999994 -0.00267323 -0.00251502 0.00267678 0.999996 0.00149928 0.00251098 -0.00150572 0.999995 0.260034 0.00543733 0.00377905
FixedParameters: 0 0 0

#Transform 9
Transform: AffineTransform_float_3_3
Parameters: 0.999993 -0.00276856 -0.00260772 0.00277243 0.999994 0.00169878 0.00260328 -0.00170622 0.999995 0.27326 -0.0159829 0.00100129
FixedParameters: 0 0 0

#Transform 10
Transform: AffineTransform_float_3_3
Parameters: 0.999993 -0.00288968 -0.00211417 0.00289232 0.999995 0.00109389 0.00211083 -0.00110011 0.999997 0.277494 -0.0108586 -0.0186068
FixedParameters: 0 0 0

#Transform 11
Transform: AffineTransform_float_3_3
Parameters: 0.999992 -0.00313978 -0.00245856 0.00314022 0.999995 0.000492283 0.00245744 -0.00049972 0.999997 0.279686 0.042073 -0.026785
FixedParameters: 0 0 0

#Transform 12
Transform: AffineTransform_float_3_3
Parameters: 0.999991 -0.00331207 -0.00242763 0.00331393 0.999994 0.000790962 0.00242536 -0.00079904 0.999996 0.295791 0.0198585 -0.0195544
FixedParameters: 0 0 0

#Transform 13
Transform: AffineTransform_float_3_3
Parameters: 0.999992 -0.00356334 -0.00211381 0.00356567 0.999994 0.00078347 0.00211019 -0.000791527 0.999998 0.293849 0.000499118 -0.0159205
FixedParameters: 0 0 0

#Transform 14
Transform: AffineTransform_float_3_3
Parameters: 0.99999 -0.00356353 -0.002625 0.00356547 0.999994 0.000555647 0.00262301 -0.000564353 0.999997 0.295346 0.0471012 -0.0260096
FixedParameters: 0 0 0

#Transform 15
Transform: AffineTransform_float_3_3
Parameters: 0.999991 -0.00344159 -0.00256387 0.00344041 0.999994 -0.000624827 0.00256614 0.000616174 0.999997 0.295242 0.103249 -0.104746
FixedParameters: 0 0 0

#Transform 16
Transform: AffineTransform_float_3_3
Parameters: 0.999992 -0.00335372 -0.00210667 0.00335128 0.999993 -0.00129507 0.00211033 0.00128793 0.999997 0.269722 0.103752 -0.146782
FixedParameters: 0 0 0

#Transform 17
Transform: AffineTransform_float_3_3
Parameters: 0.999991 -0.00335245 -0.00254142 0.00335256 0.999995 -0.000178522 0.00254259 0.000170478 0.999997 0.290035 0.0589475 -0.0683875
FixedParameters: 0 0 0

#Transform 18
Transform: AffineTransform_float_3_3
Parameters: 0.99999 -0.00343275 -0.00262802 0.00343225 0.999994 -0.000291023 0.00262898 0.000281978 0.999997 0.296779 0.058639 -0.0757042
FixedParameters: 0 0 0

#Transform 19
Transform: AffineTransform_float_3_3
Parameters: 0.99999 -0.00354284 -0.0029518 0.00354117 0.999994 -0.00062746 0.0029542 0.000616541 0.999996 0.295482 0.108585 -0.09796
FixedParameters: 0 0 0

#Transform 20
Transform: AffineTransform_float_3_3
Parameters: 0.999989 -0.00378764 -0.00298766 0.00378536 0.999993 -0.00088932 0.00299135 0.000877681 0.999995 0.311911 0.113152 -0.0993994
FixedParameters: 0 0 0

#Transform 21
Transform: AffineTransform_float_3_3
Parameters: 0.999989 -0.00365584 -0.00299242 0.00365716 0.999993 0.000383061 0.00299058 -0.000394938 0.999996 0.305255 0.0686133 -0.0676875
FixedParameters: 0 0 0

#Transform 22
Transform: AffineTransform_float_3_3
Parameters: 0.999988 -0.00382307 -0.00299347 0.00382493 0.999993 0.000639558 0.00299054 -0.000650441 0.999996 0.308169 0.0374851 -0.0376825
FixedParameters: 0 0 0

#Transform 23
Transform: AffineTransform_float_3_3
Parameters: 0.999988 -0.00377665 -0.00307166 0.00377835 0.999993 0.000434399 0.00306934 -0.000446597 0.999995 0.30462 0.075686 -0.0537587
FixedParameters: 0 0 0

#Transform 24
Transform: AffineTransform_float_3_3
Parameters: 0.999989 -0.00380502 -0.00298844 0.00380299 0.999992 -0.000679373 0.00299057 0.000668629 0.999996 0.2978 0.108041 -0.0980465
FixedParameters: 0 0 0

#Transform 25
Transform: AffineTransform_float_3_3
Parameters: 0.999988 -0.0039747 -0.0030571 0.0039743 0.999992 -0.000234153 0.00305791 0.000221849 0.999996 0.303089 0.090271 -0.0835194
FixedParameters: 0 0 0

#Transform 26
Transform: AffineTransform_float_3_3
Parameters: 0.999987 -0.00389612 -0.00335687 0.00389588 0.999993 -4.10785e-05 0.00335713 2.79206e-05 0.999995 0.297572 0.0803085 -0.103906
FixedParameters: 0 0 0

#Transform 27
Transform: AffineTransform_float_3_3
Parameters: 0.999987 -0.00364332 -0.00354765 0.00364169 0.999994 -0.000376924 0.00354835 0.000364077 0.999993 0.286965 0.0937948 -0.0899687
FixedParameters: 0 0 0

#Transform 28
Transform: AffineTransform_float_3_3
Parameters: 0.999987 -0.00354198 -0.003514 0.00353902 0.999994 -0.000853447 0.003517 0.000840554 0.999994 0.291126 0.113367 -0.0952697
FixedParameters: 0 0 0

#Transform 29
Transform: AffineTransform_float_3_3
Parameters: 0.999987 -0.00360854 -0.00356945 0.00360647 0.999994 -0.000435879 0.00357155 0.000423117 0.999993 0.300139 0.069306 -0.101399
FixedParameters: 0 0 0

#Transform 30
Transform: AffineTransform_float_3_3
Parameters: 0.999986 -0.00378536 -0.00388058 0.00378864 0.999992 0.000672308 0.00387743 -0.000686687 0.999992 0.311842 0.0868112 -0.0315189
FixedParameters: 0 0 0

#Transform 31
Transform: AffineTransform_float_3_3
Parameters: 0.999986 -0.00330308 -0.00399823 0.00330691 0.999994 0.000972791 0.00399476 -0.000986208 0.999991 0.278169 0.0328751 -0.0292539
FixedParameters: 0 0 0

#Transform 32
Transform: AffineTransform_float_3_3
Parameters: 0.999986 -0.00342402 -0.00416635 0.00342198 0.999994 -0.000491264 0.00416766 0.000477737 0.999991 0.284662 0.0752637 -0.0674088
FixedParameters: 0 0 0

#Transform 33
Transform: AffineTransform_float_3_3
Parameters: 0.999986 -0.0034467 -0.00395226 0.0034463 0.999994 6.93803e-05 0.00395274 -8.26251e-05 0.999992 0.296214 0.0891089 -0.0443436
FixedParameters: 0 0 0

#Transform 34
Transform: AffineTransform_float_3_3
Parameters: 0.999986 -0.00347695 -0.00397804 0.00347705 0.999994 5.16823e-06 0.00397796 -1.88314e-05 0.999992 0.304834 0.0766003 -0.0408036
FixedParameters: 0 0 0

#Transform 35
Transform: AffineTransform_float_3_3
Parameters: 0.999987 -0.00341432 -0.00393333 0.00341668 0.999994 0.00067357 0.00393068 -0.00068743 0.999992 0.293127 0.0980184 -0.0403362
FixedParameters: 0 0 0

#Transform 36
Transform: AffineTransform_float_3_3
Parameters: 0.999987 -0.00354516 -0.0036787 0.00354884 0.999993 0.00103696 0.0036753 -0.00105004 0.999992 0.2981 0.0779066 -0.0277556
FixedParameters: 0 0 0

#Transform 37
Transform: AffineTransform_float_3_3
Parameters: 0.999988 -0.0036835 -0.00341969 0.0036865 0.999993 0.000724402 0.00341731 -0.000736597 0.999994 0.302402 0.0858903 -0.0331617
FixedParameters: 0 0 0

#Transform 38
Transform: AffineTransform_float_3_3
Parameters: 0.999985 -0.0035107 -0.00408725 0.0035103 0.999994 6.56534e-05 0.00408674 -8.03485e-05 0.999991 0.302655 0.106634 -0.0503184
FixedParameters: 0 0 0

#Transform 39
Transform: AffineTransform_float_3_3
Parameters: 0.999986 -0.00341252 -0.0040288 0.00341648 0.999993 0.00110625 0.0040242 -0.00111975 0.999992 0.294586 0.0938928 -0.0718028
FixedParameters: 0 0 0

#Transform 40
Transform: AffineTransform_float_3_3
Parameters: 0.999986 -0.0035635 -0.00386631 0.0035655 0.999994 0.000640224 0.0038637 -0.000653778 0.999993 0.285186 0.0824493 -0.0633683
FixedParameters: 0 0 0

#Transform 41
Transform: AffineTransform_float_3_3
Parameters: 0.999985 -0.00379199 -0.00396096 0.003793 0.999993 0.00024598 0.00396004 -0.00026102 0.999992 0.298724 0.134695 -0.0803466
FixedParameters: 0 0 0

#Transform 42
Transform: AffineTransform_float_3_3
Parameters: 0.999984 -0.00376757 -0.00427526 0.00376843 0.999993 0.000326894 0.00427474 -0.000343111 0.999991 0.302558 0.153935 -0.0927925
FixedParameters: 0 0 0

#Transform 43
Transform: AffineTransform_float_3_3
Parameters: 0.999983 -0.0037091 -0.00435988 0.0037159 0.999992 0.00157583 0.00435412 -0.00159218 0.99999 0.300583 0.0605542 -0.062628
FixedParameters: 0 0 0

#Transform 44
Transform: AffineTransform_float_3_3
Parameters: 0.999985 -0.00382431 -0.00388066 0.00382569 0.999992 0.00042716 0.00387934 -0.000441842 0.999993 0.302439 0.124115 -0.0488887
FixedParameters: 0 0 0

#Transform 45
Transform: AffineTransform_float_3_3
Parameters: 0.999981 -0.00391727 -0.00474174 0.00392273 0.999991 0.00120042 0.00473726 -0.00121858 0.999988 0.320463 0.142792 -0.0396734
FixedParameters: 0 0 0

#Transform 46
Transform: AffineTransform_float_3_3
Parameters: 0.999984 -0.00385308 -0.00398579 0.00385692 0.999992 0.000975642 0.0039822 -0.000991359 0.999991 0.30365 0.10731 -0.0530563
FixedParameters: 0 0 0

#Transform 47
Transform: AffineTransform_float_3_3
Parameters: 0.999986 -0.00375354 -0.00387635 0.00375646 0.999992 0.000885451 0.00387265 -0.000899549 0.999992 0.292742 0.0877359 -0.0499152
FixedParameters: 0 0 0

#Transform 48
Transform: AffineTransform_float_3_3
Parameters: 0.999985 -0.00374343 -0.00397747 0.00374557 0.999993 0.000386108 0.00397652 -0.000401892 0.999992 0.294051 0.106471 -0.0713061
FixedParameters: 0 0 0

#Transform 49
Transform: AffineTransform_float_3_3
Parameters: 0.999986 -0.00373704 -0.00391587 0.00373996 0.999993 0.000493362 0.00391413 -0.000508635 0.999992 0.29344 0.133962 -0.050718
FixedParameters: 0 0 0

#Transform 50
Transform: AffineTransform_float_3_3
Parameters: 0.999982 -0.00376532 -0.00454354 0.00377168 0.999992 0.00146189 0.00453845 -0.00147911 0.999988 0.300981 0.0914666 -0.0419891
FixedParameters: 0 0 0

#Transform 51
Transform: AffineTransform_float_3_3
Parameters: 0.999985 -0.00369101 -0.00387276 0.00369599 0.999993 0.0012817 0.00386824 -0.0012963 0.999991 0.286568 0.0759525 -0.0481565
FixedParameters: 0 0 0

#Transform 52
Transform: AffineTransform_float_3_3
Parameters: 0.999984 -0.00384589 -0.00396996 0.00385111 0.999992 0.00128073 0.00396504 -0.00129627 0.999992 0.292738 0.0777736 -0.0254162
FixedParameters: 0 0 0

#Transform 53
Transform: AffineTransform_float_3_3
Parameters: 0.999986 -0.00387791 -0.00374728 0.00388309 0.999991 0.00135247 0.00374173 -0.00136653 0.999992 0.298871 0.0858335 -0.0353989
FixedParameters: 0 0 0

#Transform 54
Transform: AffineTransform_float_3_3
Parameters: 0.999983 -0.00381135 -0.00435683 0.00381765 0.999991 0.00151839 0.00435118 -0.00153561 0.99999 0.297749 0.078308 -0.0479459
FixedParameters: 0 0 0

#Transform 55
Transform: AffineTransform_float_3_3
Parameters: 0.999981 -0.00410508 -0.0044444 0.00411192 0.999991 0.00154875 0.0044376 -0.00156725 0.999989 0.294055 0.0587391 -0.0362374
FixedParameters: 0 0 0

#Transform 56
Transform: AffineTransform_float_3_3
Parameters: 0.999982 -0.00387343 -0.00458955 0.00387957 0.999991 0.00142322 0.00458345 -0.00144078 0.999989 0.290912 0.0599853 -0.00641809
FixedParameters: 0 0 0

#Transform 57
Transform: AffineTransform_float_3_3
Parameters: 0.999983 -0.00402309 -0.00438559 0.00402691 0.999992 0.000882356 0.00438141 -0.000900643 0.99999 0.302405 0.179177 -0.0728512
FixedParameters: 0 0 0

#Transform 58
Transform: AffineTransform_float_3_3
Parameters: 0.999985 -0.00368054 -0.00402184 0.00368746 0.999991 0.0018492 0.00401516 -0.00186381 0.99999 0.28006 0.0899312 -0.0540488
FixedParameters: 0 0 0

#Transform 59
Transform: AffineTransform_float_3_3
Parameters: 0.999985 -0.00365171 -0.0040397 0.00365729 0.999992 0.00155125 0.0040343 -0.00156575 0.99999 0.28327 0.0852771 -0.0266756
FixedParameters: 0 0 0

#Transform 60
Transform: AffineTransform_float_3_3
Parameters: 0.999985 -0.00381484 -0.00387207 0.00382216 0.999991 0.00184323 0.00386493 -0.00185777 0.999991 0.279188 0.0931453 -0.0127533
FixedParameters: 0 0 0

#Transform 61
Transform: AffineTransform_float_3_3
Parameters: 0.999984 -0.00383895 -0.00401774 0.00384605 0.999991 0.00174758 0.00401125 -0.00176343 0.999991 0.284576 0.103959 -0.0302209
FixedParameters: 0 0 0

#Transform 62
Transform: AffineTransform_float_3_3
Parameters: 0.999982 -0.00424704 -0.00423198 0.00425295 0.99999 0.00139903 0.00422601 -0.00141797 0.99999 0.282402 0.0579319 0.00825416
FixedParameters: 0 0 0

#Transform 63
Transform: AffineTransform_float_3_3
Parameters: 0.999982 -0.0040888 -0.00440476 0.0040952 0.99999 0.00139899 0.00439924 -0.00141701 0.99999 0.299875 0.126727 -0.0272099
FixedParameters: 0 0 0

#Transform 64
Transform: AffineTransform_float_3_3
Parameters: 0.999985 -0.00371759 -0.00400403 0.00372341 0.999992 0.00134411 0.00399897 -0.00135889 0.999991 0.284561 0.133391 -0.0450038
FixedParameters: 0 0 0

#Transform 65
Transform: AffineTransform_float_3_3
Parameters: 0.999985 -0.00391396 -0.0037962 0.00391904 0.999992 0.00132114 0.0037918 -0.00133586 0.999992 0.283261 0.0776906 -0.0206246
FixedParameters: 0 0 0

#Transform 66
Transform: AffineTransform_float_3_3
Parameters: 0.999985 -0.00416974 -0.00373078 0.00417427 0.99999 0.00113644 0.00372623 -0.00115156 0.999993 0.295826 0.100696 -0.0117916
FixedParameters: 0 0 0

#Transform 67
Transform: AffineTransform_float_3_3
Parameters: 0.999985 -0.00383827 -0.00405239 0.00384473 0.999991 0.00165445 0.00404562 -0.00166956 0.999991 0.296495 0.155239 -0.0742592
FixedParameters: 0 0 0

#Transform 68
Transform: AffineTransform_float_3_3
Parameters: 0.999985 -0.00418124 -0.00337014 0.00419176 0.999987 0.00289392 0.00335786 -0.00290708 0.99999 0.303048 0.1339 -0.0528928
FixedParameters: 0 0 0

#Transform 69
Transform: AffineTransform_float_3_3
Parameters: 0.999986 -0.00426983 -0.00312333 0.00428118 0.999985 0.00357968 0.00310866 -0.00359332 0.999988 0.30232 0.156847 0.0269668
FixedParameters: 0 0 0

#Transform 70
Transform: AffineTransform_float_3_3
Parameters: 0.999985 -0.00419659 -0.00331848 0.00420842 0.999985 0.00344008 0.00330451 -0.00345392 0.999988 0.306674 0.157449 0.0232988
FixedParameters: 0 0 0

#Transform 71
Transform: AffineTransform_float_3_3
Parameters: 0.999987 -0.00390172 -0.00311743 0.00391328 0.999984 0.00394285 0.00310257 -0.00395515 0.999988 0.282237 0.177417 0.00298001
FixedParameters: 0 0 0

#Transform 72
Transform: AffineTransform_float_3_3
Parameters: 0.999985 -0.00383366 -0.0040838 0.00384335 0.99999 0.00228334 0.00407521 -0.00229866 0.999989 0.277379 0.134225 0.00624439
FixedParameters: 0 0 0

#Transform 73
Transform: AffineTransform_float_3_3
Parameters: 0.999985 -0.00350363 -0.00426536 0.00351436 0.999991 0.00266005 0.00425564 -0.00267495 0.999988 0.285564 0.0888205 -0.00284158
FixedParameters: 0 0 0

#Transform 74
Transform: AffineTransform_float_3_3
Parameters: 0.999983 -0.00405954 -0.00421964 0.00405446 0.999991 -0.00108313 0.00422336 0.00106587 0.99999 0.296063 0.122615 -0.12074
FixedParameters: 0 0 0

#Transform 75
Transform: AffineTransform_float_3_3
Parameters: 0.999989 -0.00323055 -0.00335856 0.00320645 0.999969 -0.00728985 0.00338245 0.00727915 0.999968 0.215729 0.282263 -0.431452
FixedParameters: 0 0 0

#Transform 76
Transform: AffineTransform_float_3_3
Parameters: 0.999989 -0.00375237 -0.00302989 0.00374463 0.99999 -0.00243437 0.0030391 0.00242262 0.999992 0.279385 0.168956 -0.207416
FixedParameters: 0 0 0

#Transform 77
Transform: AffineTransform_float_3_3
Parameters: 0.999982 -0.00444552 -0.00398574 0.00443948 0.999989 -0.00164272 0.00399226 0.00162428 0.99999 0.287192 0.0961717 -0.106116
FixedParameters: 0 0 0

#Transform 78
Transform: AffineTransform_float_3_3
Parameters: 0.999984 -0.00399027 -0.00395269 0.00398473 0.999991 -0.00133977 0.00395831 0.00132423 0.999992 0.294853 0.158896 -0.134592
FixedParameters: 0 0 0

#Transform 79
Transform: AffineTransform_float_3_3
Parameters: 0.999983 -0.00395005 -0.00414218 0.00394495 0.999992 -0.00122736 0.00414681 0.00121064 0.99999 0.293438 0.195282 -0.152388
FixedParameters: 0 0 0

#Transform 80
Transform: AffineTransform_float_3_3
Parameters: 0.999982 -0.00390925 -0.00451865 0.00390975 0.999993 0.000156336 0.00451735 -0.000174663 0.99999 0.297573 0.138153 -0.0428277
FixedParameters: 0 0 0

#Transform 81
Transform: AffineTransform_float_3_3
Parameters: 0.99998 -0.00444076 -0.00447626 0.00443925 0.99999 -0.000401879 0.00447774 0.000382123 0.99999 0.329619 0.148191 -0.0645935
FixedParameters: 0 0 0

#Transform 82
Transform: AffineTransform_float_3_3
Parameters: 0.999983 -0.00459827 -0.00356521 0.00459273 0.999989 -0.0014854 0.00357179 0.0014686 0.999992 0.338629 0.140583 -0.065575
FixedParameters: 0 0 0

#Transform 83
Transform: AffineTransform_float_3_3
Parameters: 0.999985 -0.00433181 -0.00331572 0.00432719 0.999989 -0.00145737 0.00332128 0.00144263 0.999994 0.324448 0.166155 -0.0762243
FixedParameters: 0 0 0

#Transform 84
Transform: AffineTransform_float_3_3
Parameters: 0.99998 -0.00418837 -0.00473167 0.00418863 0.999991 -8.7821e-05 0.00473133 6.81848e-05 0.999989 0.342798 0.191243 -0.0599782
FixedParameters: 0 0 0

#Transform 85
Transform: AffineTransform_float_3_3
Parameters: 0.999985 -0.00421248 -0.00369805 0.00420953 0.99999 -0.000946581 0.00370196 0.00093142 0.999992 0.320707 0.209585 -0.114838
FixedParameters: 0 0 0

#Transform 86
Transform: AffineTransform_float_3_3
Parameters: 0.999984 -0.00409498 -0.00385266 0.00408903 0.999991 -0.00155778 0.00385935 0.00154222 0.999992 0.315426 0.330616 -0.197473
FixedParameters: 0 0 0

#Transform 87
Transform: AffineTransform_float_3_3
Parameters: 0.999978 -0.00416483 -0.00513682 0.00417218 0.999991 0.0013866 0.00513118 -0.0014074 0.999986 0.345466 0.19122 -0.029069
FixedParameters: 0 0 0

#Transform 88
Transform: AffineTransform_float_3_3
Parameters: 0.999982 -0.00394007 -0.00436932 0.00395693 0.999984 0.00387278 0.00435467 -0.00389022 0.999983 0.328412 0.280382 0.0444544
FixedParameters: 0 0 0

#Transform 89
Transform: AffineTransform_float_3_3
Parameters: 0.999978 -0.00437142 -0.00499126 0.00436658 0.99999 -0.00109682 0.00499574 0.00107418 0.999987 0.375068 0.0436155 0.0918889
FixedParameters: 0 0 0

#Transform 90
Transform: AffineTransform_float_3_3
Parameters: 0.999979 -0.00414726 -0.00498749 0.00413674 0.99999 -0.00206568 0.00499551 0.00204433 0.999986 0.371465 0.147164 0.0614731
FixedParameters: 0 0 0

#Transform 91
Transform: AffineTransform_float_3_3
Parameters: 0.999975 -0.00459547 -0.00547474 0.00458853 0.999988 -0.00137616 0.00548126 0.00135084 0.999984 0.377207 0.126178 0.017452
FixedParameters: 0 0 0

#Transform 92
Transform: AffineTransform_float_3_3
Parameters: 0.999977 -0.00467184 -0.00487473 0.00465916 0.999985 -0.00264177 0.00488627 0.00261923 0.999984 0.38656 0.130815 0.112006
FixedParameters: 0 0 0

#Transform 93
Transform: AffineTransform_float_3_3
Parameters: 0.999978 -0.00433638 -0.00515245 0.00432462 0.999988 -0.00221733 0.00516256 0.00219466 0.999985 0.373398 0.197233 0.0452633
FixedParameters: 0 0 0

#Transform 94
Transform: AffineTransform_float_3_3
Parameters: 0.999977 -0.0046033 -0.0049992 0.00459669 0.999988 -0.00127201 0.0050048 0.00124899 0.999986 0.379838 0.121789 0.0732602
FixedParameters: 0 0 0

#Transform 95
Transform: AffineTransform_float_3_3
Parameters: 0.999978 -0.00470406 -0.00453461 0.00469493 0.999987 -0.00200833 0.00454438 0.00198666 0.999987 0.401048 0.0941261 0.127151
FixedParameters: 0 0 0

#Transform 96
Transform: AffineTransform_float_3_3
Parameters: 0.999979 -0.00445431 -0.00465841 0.0044387 0.999984 -0.00329074 0.00467259 0.00327025 0.999983 0.381102 0.193702 -0.0297928
FixedParameters: 0 0 0

#Transform 97
Transform: AffineTransform_float_3_3
Parameters: 0.999975 -0.00436232 -0.00568739 0.00435568 0.999989 -0.00129881 0.00569261 0.0012742 0.999983 0.385442 0.182236 0.0544626
FixedParameters: 0 0 0

#Transform 98
Transform: AffineTransform_float_3_3
Parameters: 0.999982 -0.00456416 -0.00385287 0.00457483 0.999985 0.00280742 0.00384013 -0.00282558 0.999988 0.299331 0.262654 0.122746
FixedParameters: 0 0 0

#Transform 99
Transform: AffineTransform_float_3_3
Parameters: 0.999985 -0.00419147 -0.00348314 0.00420353 0.999984 0.00359841 0.00346787 -0.00361259 0.999988 0.274702 0.0423148 0.205152
FixedParameters: 0 0 0

#Transform 100
Transform: AffineTransform_float_3_3
Parameters: 0.999983 -0.00453503 -0.0036644 0.00454098 0.999989 0.00162339 0.00365759 -0.00164062 0.999992 0.3208 0.0535426 0.189477
FixedParameters: 0 0 0

#Transform 101
Transform: AffineTransform_float_3_3
Parameters: 0.999981 -0.00535486 -0.00328151 0.00535615 0.999986 0.000646437 0.0032785 -0.00066357 0.999995 0.361008 0.0363442 0.242153
FixedParameters: 0 0 0

#Transform 102
Transform: AffineTransform_float_3_3
Parameters: 0.999976 -0.0058585 -0.00358175 0.00585149 0.99998 -0.00210301 0.00359425 0.00208199 0.999992 0.367948 0.144792 0.114814
FixedParameters: 0 0 0

#Transform 103
Transform: AffineTransform_float_3_3
Parameters: 0.999977 -0.00625331 -0.00266192 0.00624269 0.999973 -0.00386271 0.00268608 0.00384629 0.999989 0.371539 0.101609 0.0712471
FixedParameters: 0 0 0

#Transform 104
Transform: AffineTransform_float_3_3
Parameters: 0.999979 -0.00593535 -0.00232675 0.00592464 0.999972 -0.00443387 0.00235325 0.00442012 0.999987 0.371003 0.122955 0.0398156
FixedParameters: 0 0 0

#Transform 105
Transform: AffineTransform_float_3_3
Parameters: 0.999981 -0.00558907 -0.00232759 0.00557793 0.999973 -0.00473607 0.00235441 0.00472293 0.999986 0.372956 0.189188 -0.00103622
FixedParameters: 0 0 0

#Transform 106
Transform: AffineTransform_float_3_3
Parameters: 0.999975 -0.00605056 -0.00345463 0.00603644 0.999973 -0.00420896 0.00347937 0.00418805 0.999985 0.419576 0.0629844 0.196774
FixedParameters: 0 0 0

#Transform 107
Transform: AffineTransform_float_3_3
Parameters: 0.999981 -0.00530422 -0.00312032 0.00529279 0.999979 -0.00391059 0.00314068 0.00389441 0.999987 0.369848 0.205618 0.0403025
FixedParameters: 0 0 0

#Transform 108
Transform: AffineTransform_float_3_3
Parameters: 0.999979 -0.00506301 -0.00408032 0.00505599 0.999985 -0.00172667 0.00408868 0.00170533 0.99999 0.372404 0.1025 0.115282
FixedParameters: 0 0 0

#Transform 109
Transform: AffineTransform_float_3_3
Parameters: 0.999982 -0.00483024 -0.003702 0.00483077 0.999989 0.00019712 0.00370101 -0.000214881 0.999993 0.36518 0.0887254 0.200203
FixedParameters: 0 0 0

#Transform 110
Transform: AffineTransform_float_3_3
Parameters: 0.999981 -0.00498634 -0.00376588 0.00498766 0.999987 0.00016622 0.00376512 -0.000185778 0.999993 0.384634 0.0423172 0.19986
FixedParameters: 0 0 0

#Transform 111
Transform: AffineTransform_float_3_3
Parameters: 0.999983 -0.00457591 -0.0037561 0.00458509 0.999986 0.00241382 0.00374491 -0.00243118 0.99999 0.365966 0.116228 0.249569
FixedParameters: 0 0 0

#Transform 112
Transform: AffineTransform_float_3_3
Parameters: 0.999981 -0.00467779 -0.00386959 0.0046892 0.999985 0.00289191 0.00385641 -0.00291009 0.999989 0.376465 0.0584329 0.26706
FixedParameters: 0 0 0

#Transform 113
Transform: AffineTransform_float_3_3
Parameters: 0.999984 -0.00486082 -0.00313783 0.00487118 0.999983 0.00324477 0.00312118 -0.00325923 0.99999 0.374445 0.0845617 0.265911
FixedParameters: 0 0 0

#Transform 114
Transform: AffineTransform_float_3_3
Parameters: 0.999985 -0.00440802 -0.0031914 0.00442197 0.99998 0.00438595 0.00317161 -0.00439905 0.999986 0.362874 0.247297 0.240551
FixedParameters: 0 0 0

#Transform 115
Transform: AffineTransform_float_3_3
Parameters: 0.999983 -0.00481681 -0.00332091 0.00482519 0.999986 0.00246202 0.00330909 -0.00247798 0.999991 0.380005 -0.0330207 0.248915
FixedParameters: 0 0 0

#Transform 116
Transform: AffineTransform_float_3_3
Parameters: 0.999981 -0.0049476 -0.00361751 0.0049564 0.999985 0.00231611 0.00360549 -0.00233388 0.999991 0.395592 0.0660696 0.24762
FixedParameters: 0 0 0

#Transform 117
Transform: AffineTransform_float_3_3
Parameters: 0.999981 -0.00495799 -0.00361975 0.00496801 0.999984 0.00276107 0.00360625 -0.00277893 0.999989 0.38482 0.126224 0.249344
FixedParameters: 0 0 0

#Transform 118
Transform: AffineTransform_float_3_3
Parameters: 0.999982 -0.00477937 -0.00376763 0.00479363 0.999981 0.00388301 0.00374837 -0.00390099 0.999986 0.375573 0.182706 0.238913
FixedParameters: 0 0 0

#Transform 119
Transform: AffineTransform_float_3_3
Parameters: 0.99998 -0.0049557 -0.00374335 0.00496831 0.999983 0.00328546 0.00372665 -0.00330353 0.999987 0.382738 0.108641 0.245412
FixedParameters: 0 0 0

#Transform 120
Transform: AffineTransform_float_3_3
Parameters: 0.999983 -0.00448556 -0.00385868 0.00449944 0.999984 0.0034817 0.00384232 -0.0034993 0.999987 0.358833 0.192572 0.239794
FixedParameters: 0 0 0

#Transform 121
Transform: AffineTransform_float_3_3
Parameters: 0.999978 -0.00495555 -0.00428444 0.00496745 0.999984 0.00290078 0.00426955 -0.00292222 0.999986 0.393215 0.0804599 0.269918
FixedParameters: 0 0 0

#Transform 122
Transform: AffineTransform_float_3_3
Parameters: 0.999973 -0.0054073 -0.00496807 0.00539971 0.999985 -0.00148087 0.00497593 0.00145413 0.999986 0.390287 0.0841637 0.17824
FixedParameters: 0 0 0

#Transform 123
Transform: AffineTransform_float_3_3
Parameters: 0.999972 -0.00582546 -0.00454318 0.00581754 0.999982 -0.00187248 0.00455383 0.00184652 0.999988 0.382157 0.146681 0.0711643
FixedParameters: 0 0 0

#Transform 124
Transform: AffineTransform_float_3_3
Parameters: 0.999973 -0.00608149 -0.00425219 0.00606852 0.999978 -0.00294389 0.0042698 0.00291711 0.999986 0.411829 0.124438 0.146729
FixedParameters: 0 0 0

#Transform 125
Transform: AffineTransform_float_3_3
Parameters: 0.999979 -0.0051935 -0.00387232 0.00518951 0.999986 -0.000912115 0.00387669 0.000892885 0.999992 0.36946 0.17799 0.109002
FixedParameters: 0 0 0

#Transform 126
Transform: AffineTransform_float_3_3
Parameters: 0.999989 -0.000223255 -0.00465369 0.00025574 0.999975 0.00703689 0.00465132 -0.00703812 0.999965 -0.0310677 0.0996932 0.282179
FixedParameters: 0 0 0

#Transform 127
Transform: AffineTransform_float_3_3
Parameters: 0.999996 0.000656649 -0.00298576 -0.000618361 0.999917 0.0129269 0.00299324 -0.0129251 0.999912 -0.0392958 -0.103579 0.0360246
FixedParameters: 0 0 0

#Transform 128
Transform: AffineTransform_float_3_3
Parameters: 0.999989 -0.000878068 -0.00462037 0.000925926 0.999945 0.0103818 0.00461064 -0.0103862 0.999936 0.19315 -0.291942 0.400058
FixedParameters: 0 0 0

#Transform 129
Transform: AffineTransform_float_3_3
Parameters: 0.99999 -0.00076091 -0.00456657 0.000805097 0.999953 0.00966143 0.00455943 -0.00966457 0.999943 0.219002 -0.249388 0.413939
FixedParameters: 0 0 0

#Transform 130
Transform: AffineTransform_float_3_3
Parameters: 0.999988 -0.000884462 -0.00480583 0.00092653 0.999962 0.00864765 0.00479717 -0.00865235 0.999951 0.261528 -0.105944 0.406182
FixedParameters: 0 0 0

#Transform 131
Transform: AffineTransform_float_3_3
Parameters: 0.999988 -0.0015017 -0.00463226 0.0015363 0.999972 0.00741097 0.00462074 -0.00741803 0.999962 0.248835 0.0210129 0.260621
FixedParameters: 0 0 0

#Transform 132
Transform: AffineTransform_float_3_3
Parameters: 0.999981 -0.0012109 -0.00594984 0.00126309 0.999961 0.00875964 0.00593916 -0.00876735 0.999944 0.220079 -0.135525 0.224443
FixedParameters: 0 0 0

#Transform 133
Transform: AffineTransform_float_3_3
Parameters: 0.999991 -0.00137931 -0.0041397 0.00141069 0.999969 0.00766223 0.00412831 -0.00766777 0.999962 0.226095 -0.0853488 0.257157
FixedParameters: 0 0 0

#Transform 134
Transform: AffineTransform_float_3_3
Parameters: 0.999984 -0.00133334 -0.0054636 0.00138066 0.999963 0.00854459 0.00545239 -0.00855241 0.999948 0.311898 -0.196167 0.353059
FixedParameters: 0 0 0

#Transform 135
Transform: AffineTransform_float_3_3
Parameters: 0.999975 -0.000569828 -0.00694976 0.000646172 0.999938 0.0111068 0.00694325 -0.0111112 0.999914 0.226734 0.0192143 0.180196
FixedParameters: 0 0 0

#Transform 136
Transform: AffineTransform_float_3_3
Parameters: 0.999989 0.00149179 -0.00434018 -0.00150121 0.999996 -0.00212051 0.00433682 0.00212649 0.999989 0.0502926 0.0764459 -0.55109
FixedParameters: 0 0 0

#Transform 137
Transform: AffineTransform_float_3_3
Parameters: 0.999996 -0.000430442 -0.00303466 0.000441558 0.999992 0.00380868 0.00303334 -0.00381032 0.999988 0.213345 -0.230517 -0.0316207
FixedParameters: 0 0 0

#Transform 138
Transform: AffineTransform_float_3_3
Parameters: 0.999989 -0.00107806 -0.00443988 0.00110594 0.999979 0.00629615 0.00443312 -0.00630084 0.999971 0.2463 0.0329341 0.00141791
FixedParameters: 0 0 0

#Transform 139
Transform: AffineTransform_float_3_3
Parameters: 0.999987 -0.00125079 -0.00506207 0.0012832 0.999979 0.00636359 0.00505393 -0.00637041 0.999967 0.24704 0.0163854 0.0580124
FixedParameters: 0 0 0

#Transform 140
Transform: AffineTransform_float_3_3
Parameters: 0.999981 -0.00194609 -0.00574085 0.00197191 0.999988 0.00451076 0.00573215 -0.00452224 0.999974 0.287687 -0.0370053 0.0770199
FixedParameters: 0 0 0

#Transform 141
Transform: AffineTransform_float_3_3
Parameters: 0.99998 -0.0026644 -0.00575372 0.0026806 0.999993 0.00287964 0.00574628 -0.00289537 0.99998 0.324861 0.0141567 0.0671632
FixedParameters: 0 0 0

#Transform 142
Transform: AffineTransform_float_3_3
Parameters: 0.999984 -0.00205521 -0.00538559 0.00207479 0.999991 0.00367089 0.00537841 -0.00368211 0.999979 0.305832 0.0480946 0.00802312
FixedParameters: 0 0 0

#Transform 143
Transform: AffineTransform_float_3_3
Parameters: 0.999987 -0.00200877 -0.00469042 0.00202522 0.999991 0.00367055 0.00468259 -0.00368046 0.999983 0.296744 0.0480629 -0.00587784
FixedParameters: 0 0 0

#Transform 144
Transform: AffineTransform_float_3_3
Parameters: 0.999987 -0.00244656 -0.00462634 0.00246645 0.999988 0.00420165 0.00461667 -0.00421236 0.999981 0.326318 -0.0294066 0.0320065
FixedParameters: 0 0 0

#Transform 145
Transform: AffineTransform_float_3_3
Parameters: 0.999985 -0.00223413 -0.00499746 0.00226387 0.999979 0.00597977 0.00498454 -0.00599122 0.999969 0.334491 0.0916347 0.0803936
FixedParameters: 0 0 0

#Transform 146
Transform: AffineTransform_float_3_3
Parameters: 0.999984 -0.00202869 -0.00531851 0.00207431 0.999962 0.00852711 0.0053015 -0.0085379 0.99995 0.317765 0.193011 0.0592029
FixedParameters: 0 0 0

#Transform 147
Transform: AffineTransform_float_3_3
Parameters: 0.999982 -0.00201118 -0.00574629 0.00207183 0.999943 0.0104233 0.00572571 -0.0104347 0.999929 0.329139 0.178633 0.123619
FixedParameters: 0 0 0

#Transform 148
Transform: AffineTransform_float_3_3
Parameters: 0.999981 -0.00222591 -0.00565856 0.00227509 0.999959 0.00868429 0.00563844 -0.00869671 0.999947 0.345108 0.0554103 0.13761
FixedParameters: 0 0 0

#Transform 149
Transform: AffineTransform_float_3_3
Parameters: 0.999982 -0.00200551 -0.00555848 0.0020565 0.999956 0.00909373 0.00554052 -0.00910427 0.999943 0.31871 0.200028 0.123407
FixedParameters: 0 0 0

#Transform 150
Transform: AffineTransform_float_3_3
Parameters: 0.999981 -0.00201057 -0.00582671 0.00206442 0.999956 0.00917714 0.00580828 -0.00918985 0.999941 0.313646 0.167434 0.147166
FixedParameters: 0 0 0

#Transform 151
Transform: AffineTransform_float_3_3
Parameters: 0.999982 -0.00202957 -0.0057477 0.00207843 0.999961 0.00860722 0.00572932 -0.00861879 0.999947 0.312125 0.0296704 0.157415
FixedParameters: 0 0 0

#Transform 152
Transform: AffineTransform_float_3_3
Parameters: 0.99998 -0.00172837 -0.00609042 0.00179163 0.999943 0.0104573 0.00607258 -0.0104687 0.999927 0.287388 0.243471 0.144014
FixedParameters: 0 0 0

#Transform 153
Transform: AffineTransform_float_3_3
Parameters: 0.99998 -0.00194599 -0.00611572 0.00201601 0.999933 0.0114619 0.00609328 -0.0114741 0.999915 0.290793 0.171312 0.137138
FixedParameters: 0 0 0

#Transform 154
Transform: AffineTransform_float_3_3
Parameters: 0.999981 -0.0018068 -0.00601298 0.00187121 0.99994 0.010856 0.00599303 -0.010867 0.999923 0.287315 0.138499 0.150578
FixedParameters: 0 0 0

#Transform 155
Transform: AffineTransform_float_3_3
Parameters: 0.999979 -0.00240947 -0.00610082 0.00246453 0.999957 0.00894616 0.00607918 -0.00896084 0.999942 0.296365 0.0800147 0.22365
FixedParameters: 0 0 0

#Transform 156
Transform: AffineTransform_float_3_3
Parameters: 0.999974 -0.00157793 -0.00693883 0.00164608 0.999951 0.00981683 0.00692316 -0.00982718 0.999927 0.286879 0.205869 0.209019
FixedParameters: 0 0 0

#Transform 157
Transform: AffineTransform_float_3_3
Parameters: 0.999973 -0.00101557 -0.00726425 0.00109244 0.999942 0.0106633 0.00725376 -0.0106706 0.999917 0.265243 0.0299452 0.297141
FixedParameters: 0 0 0

#Transform 158
Transform: AffineTransform_float_3_3
Parameters: 0.999977 -0.0016691 -0.00664889 0.0017359 0.99995 0.00991769 0.0066321 -0.0099293 0.999928 0.287633 -0.0707603 0.333682
FixedParameters: 0 0 0

#Transform 159
Transform: AffineTransform_float_3_3
Parameters: 0.999976 -0.00165895 -0.00673208 0.00171905 0.999958 0.00892363 0.00671691 -0.00893535 0.999937 0.28665 0.00410315 0.382616
FixedParameters: 0 0 0

#Transform 160
Transform: AffineTransform_float_3_3
Parameters: 0.999979 -0.00167709 -0.00629427 0.0017369 0.999953 0.00952427 0.00627773 -0.00953573 0.999935 0.285185 0.00696622 0.36439
FixedParameters: 0 0 0

#Transform 161
Transform: AffineTransform_float_3_3
Parameters: 0.999974 -0.00143273 -0.00697866 0.00150727 0.999942 0.0106488 0.00696333 -0.0106592 0.999919 0.288749 0.103062 0.337266
FixedParameters: 0 0 0

#Transform 162
Transform: AffineTransform_float_3_3
Parameters: 0.999976 -0.0014362 -0.00688316 0.0015068 0.999946 0.0102919 0.00686785 -0.0103021 0.999924 0.291124 0.0741486 0.330793
FixedParameters: 0 0 0

#Transform 163
Transform: AffineTransform_float_3_3
Parameters: 0.999979 -0.00197894 -0.00627097 0.00203506 0.999958 0.00894643 0.00625304 -0.00895857 0.999941 0.285277 0.0402278 0.350585
FixedParameters: 0 0 0

#Transform 164
Transform: AffineTransform_float_3_3
Parameters: 0.999978 -0.00195048 -0.00632081 0.00200152 0.999966 0.00799652 0.00630519 -0.00800847 0.999948 0.292708 0.0577385 0.323646
FixedParameters: 0 0 0

#Transform 165
Transform: AffineTransform_float_3_3
Parameters: 0.999977 -0.0017992 -0.0064588 0.00185479 0.999961 0.00864321 0.00644219 -0.00865478 0.999942 0.290632 0.0245412 0.337009
FixedParameters: 0 0 0

#Transform 166
Transform: AffineTransform_float_3_3
Parameters: 0.999978 -0.00207198 -0.00627111 0.00212603 0.99996 0.00862085 0.00625289 -0.00863314 0.999943 0.303545 0.0823965 0.353892
FixedParameters: 0 0 0

#Transform 167
Transform: AffineTransform_float_3_3
Parameters: 0.999977 -0.00190536 -0.00660699 0.00196964 0.99995 0.00979122 0.00658802 -0.00980379 0.99993 0.286944 0.0918032 0.352362
FixedParameters: 0 0 0

#Transform 168
Transform: AffineTransform_float_3_3
Parameters: 0.999975 -0.00201723 -0.00675338 0.00208077 0.999953 0.00944918 0.00673362 -0.00946282 0.999932 0.285012 0.066877 0.349479
FixedParameters: 0 0 0

#Transform 169
Transform: AffineTransform_float_3_3
Parameters: 0.999979 -0.00328409 -0.00559865 0.00331391 0.99998 0.00534056 0.00558135 -0.00535944 0.99997 0.340921 -0.0355631 0.361894
FixedParameters: 0 0 0

#Transform 170
Transform: AffineTransform_float_3_3
Parameters: 0.999977 -0.00377019 -0.00572409 0.00379382 0.999985 0.00397938 0.00570991 -0.00400062 0.999975 0.375831 -0.00647804 0.341868
FixedParameters: 0 0 0

#Transform 171
Transform: AffineTransform_float_3_3
Parameters: 0.999982 -0.00386899 -0.00470387 0.00388701 0.999985 0.00382579 0.00468913 -0.00384421 0.999981 0.360056 0.03126 0.353878
FixedParameters: 0 0 0

#Transform 172
Transform: AffineTransform_float_3_3
Parameters: 0.999978 -0.00337367 -0.00573495 0.00340333 0.99998 0.0052866 0.00571705 -0.0053064 0.999969 0.357504 0.120934 0.329687
FixedParameters: 0 0 0

#Transform 173
Transform: AffineTransform_float_3_3
Parameters: 0.999978 -0.00338126 -0.00566863 0.00340374 0.999986 0.00400679 0.00565537 -0.00402621 0.999976 0.355869 -0.0501638 0.34969
FixedParameters: 0 0 0

#Transform 174
Transform: AffineTransform_float_3_3
Parameters: 0.999982 -0.00327738 -0.00499324 0.00330462 0.999979 0.0055336 0.00497476 -0.00555041 0.999972 0.351749 0.0608613 0.355733
FixedParameters: 0 0 0

#Transform 175
Transform: AffineTransform_float_3_3
Parameters: 0.99998 -0.00293385 -0.00559491 0.00296415 0.999981 0.00538752 0.00557909 -0.00540448 0.99997 0.361801 0.0951824 0.389875
FixedParameters: 0 0 0

#Transform 176
Transform: AffineTransform_float_3_3
Parameters: 0.999979 -0.00301434 -0.00562309 0.00304566 0.99998 0.00563099 0.00560591 -0.00564802 0.999969 0.360828 0.0344883 0.407665
FixedParameters: 0 0 0

#Transform 177
Transform: AffineTransform_float_3_3
Parameters: 0.999975 -0.00282592 -0.00639047 0.00287407 0.999967 0.00752582 0.00636952 -0.00754418 0.999952 0.362323 0.0442244 0.422824
FixedParameters: 0 0 0

#Transform 178
Transform: AffineTransform_float_3_3
Parameters: 0.999979 -0.00278157 -0.00572632 0.00282143 0.999973 0.00688898 0.00570667 -0.00690501 0.99996 0.361638 0.0986655 0.446782
FixedParameters: 0 0 0

#Transform 179
Transform: AffineTransform_float_3_3
Parameters: 0.999979 -0.00348145 -0.00544213 0.00350455 0.999984 0.00432302 0.00542787 -0.00434198 0.999976 0.385227 -0.0102714 0.461848
FixedParameters: 0 0 0

#Transform 180
Transform: AffineTransform_float_3_3
Parameters: 0.999979 -0.00392578 -0.00504853 0.00393822 0.99999 0.00241317 0.00503847 -0.00243283 0.999985 0.395499 -0.0224708 0.447079
FixedParameters: 0 0 0

#Transform 181
Transform: AffineTransform_float_3_3
Parameters: 0.99998 -0.00329254 -0.00539946 0.00330846 0.999991 0.0028572 0.00538954 -0.00287481 0.999982 0.383928 0.0662824 0.334907
FixedParameters: 0 0 0

#Transform 182
Transform: AffineTransform_float_3_3
Parameters: 0.999979 -0.00329174 -0.00550275 0.00330826 0.99999 0.00294786 0.00549324 -0.00296614 0.99998 0.379456 0.108997 0.327519
FixedParameters: 0 0 0

#Transform 183
Transform: AffineTransform_float_3_3
Parameters: 0.999979 -0.00349093 -0.00557352 0.00351407 0.999986 0.0041355 0.00555848 -0.00415549 0.999976 0.398239 -0.028256 0.527779
FixedParameters: 0 0 0

#Transform 184
Transform: AffineTransform_float_3_3
Parameters: 0.999978 -0.00344769 -0.00563962 0.00346531 0.99999 0.00306253 0.00562938 -0.00308248 0.99998 0.406842 0.0191556 0.538772
FixedParameters: 0 0 0

#Transform 185
Transform: AffineTransform_float_3_3
Parameters: 0.999975 -0.00436268 -0.00544229 0.00437332 0.999988 0.00188625 0.00543371 -0.00190975 0.999984 0.424736 -0.0516913 0.518346
FixedParameters: 0 0 0

#Transform 186
Transform: AffineTransform_float_3_3
Parameters: 0.999978 -0.00460649 -0.00492129 0.00461052 0.999989 0.000703326 0.00491771 -0.00072567 0.999987 0.435653 -0.0661498 0.593945
FixedParameters: 0 0 0

#Transform 187
Transform: AffineTransform_float_3_3
Parameters: 0.999982 -0.00427819 -0.00420386 0.00428081 0.99999 0.000659016 0.00420114 -0.000676985 0.999991 0.421483 0.0405956 0.478702
FixedParameters: 0 0 0

#Transform 188
Transform: AffineTransform_float_3_3
Parameters: 0.999976 -0.00380571 -0.00581275 0.00381629 0.999991 0.00176086 0.00580624 -0.00178314 0.999981 0.427078 0.0614488 0.46023
FixedParameters: 0 0 0

#Transform 189
