#Insight Transform File V1.0
#Transform 0
Transform: AffineTransform_float_3_3
Parameters: 1 5.09979e-05 4.66089e-07 -5.09979e-05 0.999958 0.009139 4.66089e-07 -0.009139 0.999958 -0.00752163 0.12372 -0.181625
FixedParameters: 0 0 0

#Transform 1
Transform: AffineTransform_float_3_3
Parameters: 1 -8.10719e-07 -0.001057 1.8928e-07 0.999999 -0.000767001 0.001057 0.000766999 0.999999 -0.0343238 0.0057321 -0.00312553
FixedParameters: 0 0 0

#Transform 2
Transform: AffineTransform_float_3_3
Parameters: 1 0.000247828 -0.000258165 -0.000248171 0.999999 -0.000664936 0.000257835 0.000665064 0.999999 -0.019424 0.0734387 -0.0617997
FixedParameters: 0 0 0

#Transform 3
Transform: AffineTransform_float_3_3
Parameters: 1 0.000125939 -0.000244032 -0.000126061 1 -0.000250969 0.000243968 0.000251031 1 -0.0145166 0.0346736 -0.0516235
FixedParameters: 0 0 0

#Transform 4
Transform: AffineTransform_float_3_3
Parameters: 0.999998 0.00151178 0.00144714 -0.00150922 0.999998 -0.00122919 -0.00144885 0.00122681 0.999998 -0.0653681 0.077312 -0.0431582
FixedParameters: 0 0 0

#Transform 5
Transform: AffineTransform_float_3_3
Parameters: 1 0.00051452 -0.000274901 -0.000514481 0.999999 -0.00175086 0.000274099 0.00175114 0.999998 -0.0283069 0.0532973 -0.0871105
FixedParameters: 0 0 0

#Transform 6
Transform: AffineTransform_float_3_3
Parameters: 1 0.000695987 -1.27183e-05 -0.000696013 0.999999 -0.00103199 1.22817e-05 0.00103201 1 -0.0432756 0.0390583 -0.0456682
FixedParameters: 0 0 0

#Transform 7
Transform: AffineTransform_float_3_3
Parameters: 1 0.000513181 0.000146368 -0.00051282 0.999999 -0.00123108 -0.000146631 0.00123093 0.999999 -0.0390403 0.0745194 -0.0847947
FixedParameters: 0 0 0

#Transform 8
Transform: AffineTransform_float_3_3
Parameters: 1 0.000546193 0.000149295 -0.000545806 0.999999 -0.00129108 -0.000150705 0.00129092 0.999999 -0.0465326 0.0270289 -0.0786511
FixedParameters: 0 0 0

#Transform 9
Transform: AffineTransform_float_3_3
Parameters: 1 0.00028799 -1.2239e-05 -0.000288011 0.999999 -0.000829996 1.2761e-05 0.000830003 0.999999 -0.0419852 0.0757437 -0.0669518
FixedParameters: 0 0 0

#Transform 10
Transform: AffineTransform_float_3_3
Parameters: 1 0.000287513 -0.000281498 -0.000288488 0.999998 -0.00173092 0.000281501 0.00173108 0.999999 -0.022512 0.0761789 -0.0872313
FixedParameters: 0 0 0

#Transform 11
Transform: AffineTransform_float_3_3
Parameters: 1 0.000288086 7.86846e-05 -0.000287915 1 -0.00109502 -7.83153e-05 0.00109498 1 -0.0251967 0.0566521 -0.0598667
FixedParameters: 0 0 0

#Transform 12
Transform: AffineTransform_float_3_3
Parameters: 1 0.000288096 7.86503e-05 -0.000287905 0.999999 -0.00121402 -7.83496e-05 0.00121398 1 -0.0324642 0.0932309 -0.0978562
FixedParameters: 0 0 0

#Transform 13
Transform: AffineTransform_float_3_3
Parameters: 1 0.000287797 -0.00027721 -0.000288202 0.999999 -0.00073092 0.000276789 0.000731079 0.999999 -0.0467405 0.0311378 -0.0839798
FixedParameters: 0 0 0

#Transform 14
Transform: AffineTransform_float_3_3
Parameters: 1 0.000288031 1.54352e-05 -0.00028797 0.999998 -0.001961 -1.55647e-05 0.001961 0.999998 -0.0340316 0.0725777 -0.0555441
FixedParameters: 0 0 0

#Transform 15
Transform: AffineTransform_float_3_3
Parameters: 1 0.00055711 0.000169639 -0.00055689 0.999999 -0.000647094 -0.00016936 0.000646905 1 -0.0256023 0.0323457 -0.0516333
FixedParameters: 0 0 0

#Transform 16
Transform: AffineTransform_float_3_3
Parameters: 1 0.000676005 7.89574e-05 -0.000676995 1 -6.30535e-05 -7.90426e-05 6.29466e-05 1 -0.037671 0.0410083 -0.0315627
FixedParameters: 0 0 0

#Transform 17
Transform: AffineTransform_float_3_3
Parameters: 1 0.000535944 -6.84405e-05 -0.000536056 0.999999 -0.000821963 6.85593e-05 0.000822036 0.999999 -0.0481784 0.100642 -0.072547
FixedParameters: 0 0 0

#Transform 18
Transform: AffineTransform_float_3_3
Parameters: 1 0.000536049 7.86671e-05 -0.000535951 0.999999 -0.000621042 -7.83328e-05 0.000620958 1 -0.0441593 0.0561808 -0.0872935
FixedParameters: 0 0 0

#Transform 19
Transform: AffineTransform_float_3_3
Parameters: 1 0.000481604 -0.000446427 -0.000482395 1 -0.000886786 0.000445572 0.000887216 1 -0.0292128 0.0776845 -0.0846417
FixedParameters: 0 0 0

#Transform 20
Transform: AffineTransform_float_3_3
Parameters: 1 0.000425937 -0.00101601 -0.000440063 0.999903 -0.0138816 0.00100999 0.0138824 0.999903 -0.198274 0.464021 -2.00747
FixedParameters: 0 0 0

#Transform 21
Transform: AffineTransform_float_3_3
Parameters: 0.999987 -0.00142385 -0.00487984 0.00138415 0.999968 -0.00795486 0.00489116 0.00794815 0.999957 -0.174052 0.238704 -1.98856
FixedParameters: 0 0 0

#Transform 22
Transform: AffineTransform_float_3_3
Parameters: 0.999995 -0.000780307 -0.00299549 0.000786697 0.999998 0.00190065 0.00299451 -0.00190234 0.999993 -0.207551 0.0661342 -0.934273
FixedParameters: 0 0 0

#Transform 23
Transform: AffineTransform_float_3_3
Parameters: 0.999993 -0.00101554 -0.00366675 0.00102846 0.999992 0.00367025 0.00366324 -0.00367474 0.999986 -0.18457 0.0705277 -0.323709
FixedParameters: 0 0 0

#Transform 24
Transform: AffineTransform_float_3_3
Parameters: 0.999995 -9.3224e-05 -0.00311541 0.000105781 0.999991 0.00410169 0.00311559 -0.00410131 0.999986 -0.22478 0.0634176 -0.314106
FixedParameters: 0 0 0

#Transform 25
Transform: AffineTransform_float_3_3
Parameters: 0.999996 0.000224995 -0.00261557 -0.000220007 0.999998 0.00190958 0.00261542 -0.00190942 0.999995 -0.201369 0.143554 -0.349974
FixedParameters: 0 0 0

#Transform 26
Transform: AffineTransform_float_3_3
Parameters: 0.999998 0.000364382 -0.00192755 -0.000361618 0.999999 0.0012357 0.00192845 -0.0012353 0.999998 -0.1893 0.075995 -0.3623
FixedParameters: 0 0 0

#Transform 27
Transform: AffineTransform_float_3_3
Parameters: 0.999999 0.00022259 -0.00155563 -0.00022041 0.999998 0.00166534 0.00155537 -0.00166466 0.999998 -0.199821 0.022046 -0.305491
FixedParameters: 0 0 0

#Transform 28
Transform: AffineTransform_float_3_3
Parameters: 0.999999 0.000221084 -0.00178287 -0.000219916 1 0.000608393 0.00178314 -0.000607607 0.999998 -0.177212 0.102979 -0.349031
FixedParameters: 0 0 0

#Transform 29
Transform: AffineTransform_float_3_3
Parameters: 0.999998 0.000222383 -0.00166668 -0.000219616 0.999999 0.00143037 0.00166731 -0.00142963 0.999997 -0.193429 0.0415001 -0.325524
FixedParameters: 0 0 0

#Transform 30
Transform: AffineTransform_float_3_3
Parameters: 0.999999 0.0002203 -0.00179796 -0.000219699 1 0.000167395 0.00179804 -0.000166604 0.999999 -0.188617 0.0886318 -0.299737
FixedParameters: 0 0 0

#Transform 31
Transform: AffineTransform_float_3_3
Parameters: 0.999998 0.000222574 -0.00199271 -0.000220426 0.999999 0.00129144 0.00199329 -0.00129156 0.999997 -0.19938 0.087557 -0.330295
FixedParameters: 0 0 0

#Transform 32
Transform: AffineTransform_float_3_3
Parameters: 0.999999 0.000221887 -0.00173276 -0.000220112 1 0.00108938 0.00173324 -0.00108862 0.999998 -0.192561 0.0616523 -0.267423
FixedParameters: 0 0 0

#Transform 33
Transform: AffineTransform_float_3_3
Parameters: 0.999999 0.00022146 -0.00133576 -0.00021954 1 0.00109329 0.00133624 -0.0010927 0.999998 -0.192777 0.0781356 -0.292722
FixedParameters: 0 0 0

#Transform 34
Transform: AffineTransform_float_3_3
Parameters: 0.999998 0.000870314 -0.00170784 -0.000869684 0.999999 0.000185485 0.00170816 -0.000183514 0.999998 -0.21674 0.0611347 -0.321244
FixedParameters: 0 0 0

#Transform 35
Transform: AffineTransform_float_3_3
Parameters: 0.999999 0.0010347 -0.000982372 -0.0010363 0.999998 -0.00132498 0.000980627 0.00132601 0.999998 -0.212766 0.0971185 -0.306064
FixedParameters: 0 0 0

#Transform 36
Transform: AffineTransform_float_3_3
Parameters: 0.999999 0.00089179 -0.00110817 -0.00089121 0.999999 -0.000189013 0.00110783 0.000189988 1 -0.195052 0.0861099 -0.313937
FixedParameters: 0 0 0

#Transform 37
Transform: AffineTransform_float_3_3
Parameters: 0.999999 0.000633502 -0.00133624 -0.000633498 0.999999 -0.000372154 0.00133676 0.000372847 0.999999 -0.212024 0.0556417 -0.300715
FixedParameters: 0 0 0

#Transform 38
Transform: AffineTransform_float_3_3
Parameters: 1 0.000633189 -0.000958537 -0.000633812 1 -0.000846394 0.000958464 0.000847608 0.999999 -0.194521 0.108013 -0.304958
FixedParameters: 0 0 0

#Transform 39
Transform: AffineTransform_float_3_3
Parameters: 0.999999 0.000744893 -0.00133606 -0.000745106 0.999999 -7.90046e-05 0.00133694 7.9996e-05 0.999999 -0.214331 0.0606989 -0.296455
FixedParameters: 0 0 0

#Transform 40
Transform: AffineTransform_float_3_3
Parameters: 0.999998 -0.000796938 -0.00213702 0.00079706 0.999999 2.72967e-05 0.00213698 -2.97031e-05 0.999997 -0.152758 0.063649 -0.250697
FixedParameters: 0 0 0

#Transform 41
Transform: AffineTransform_float_3_3
Parameters: 1 0.00027266 -0.00116908 -0.00027334 1 -0.000290681 0.00116892 0.000291319 1 -0.18869 0.0957584 -0.28624
FixedParameters: 0 0 0

#Transform 42
Transform: AffineTransform_float_3_3
Parameters: 0.999999 0.000251333 -0.00132613 -0.000251667 1 -0.000502667 0.00132587 0.000503334 0.999999 -0.178411 0.0605153 -0.277983
FixedParameters: 0 0 0

#Transform 43
Transform: AffineTransform_float_3_3
Parameters: 0.999999 0.000305386 -0.00172593 -0.000304613 1 0.000224526 0.00172607 -0.000223473 0.999999 -0.18405 0.00149541 -0.255355
FixedParameters: 0 0 0

#Transform 44
Transform: AffineTransform_float_3_3
Parameters: 0.999998 0.000250844 -0.00166317 -0.000252158 0.999999 -0.000695582 0.00166383 0.000695418 0.999999 -0.18351 0.0875019 -0.258477
FixedParameters: 0 0 0

#Transform 45
Transform: AffineTransform_float_3_3
Parameters: 0.999999 0.00025333 -0.00132575 -0.000251671 1 0.00100233 0.00132625 -0.00100267 0.999998 -0.197763 0.0299572 -0.258201
FixedParameters: 0 0 0

#Transform 46
Transform: AffineTransform_float_3_3
Parameters: 0.999999 8.00379e-05 -0.0015401 -8.19618e-05 0.999999 -0.00127388 0.0015399 0.00127413 0.999998 -0.182066 0.126686 -0.338606
FixedParameters: 0 0 0

#Transform 47
Transform: AffineTransform_float_3_3
Parameters: 0.999999 0.000251566 -0.00132608 -0.000252433 1 -0.000326666 0.00132592 0.000327334 0.999999 -0.181301 0.0574543 -0.330457
FixedParameters: 0 0 0

#Transform 48
Transform: AffineTransform_float_3_3
Parameters: 0.999999 0.000251505 -0.00132609 -0.000251496 1 -0.000373667 0.00132591 0.000373334 0.999999 -0.181315 0.0809177 -0.311575
FixedParameters: 0 0 0

#Transform 49
Transform: AffineTransform_float_3_3
Parameters: 0.999999 0.000250797 -0.00132623 -0.000252204 0.999999 -0.000907666 0.00132577 0.000907333 0.999998 -0.181258 0.0917212 -0.352126
FixedParameters: 0 0 0

#Transform 50
Transform: AffineTransform_float_3_3
Parameters: 0.999999 0.000251061 -0.00132618 -0.000251938 0.999999 -0.000707666 0.00132582 0.000708333 0.999999 -0.181322 0.0603155 -0.313946
FixedParameters: 0 0 0

#Transform 51
Transform: AffineTransform_float_3_3
Parameters: 0.999999 0.000250187 -0.00132634 -0.000251812 0.999999 -0.00136667 0.00132566 0.00136733 0.999998 -0.181291 0.0932523 -0.330871
FixedParameters: 0 0 0

#Transform 52
Transform: AffineTransform_float_3_3
Parameters: 0.999999 0.000251154 -0.00132616 -0.000251846 1 -0.000637666 0.00132584 0.000638333 0.999999 -0.190165 0.0448103 -0.312696
FixedParameters: 0 0 0

#Transform 53
Transform: AffineTransform_float_3_3
Parameters: 0.999999 0.000250466 -0.00155525 -0.000251534 1 -0.000986611 0.00155475 0.000986391 0.999999 -0.182782 0.0756023 -0.289881
FixedParameters: 0 0 0

#Transform 54
Transform: AffineTransform_float_3_3
Parameters: 0.999999 0.000250568 -0.00132627 -0.000252432 1 -0.00107967 0.00132573 0.00108033 0.999998 -0.181325 0.058859 -0.317436
FixedParameters: 0 0 0

#Transform 55
Transform: AffineTransform_float_3_3
Parameters: 0.999999 0.000391598 -0.00132612 -0.000391403 1 -0.000303481 0.00132588 0.000303519 0.999999 -0.188755 0.0339269 -0.295442
FixedParameters: 0 0 0

#Transform 56
Transform: AffineTransform_float_3_3
Parameters: 0.999999 -0.000158734 -0.00175376 0.000156265 0.999999 -0.00155928 0.00175425 0.00155872 0.999997 -0.156567 0.0870476 -0.313142
FixedParameters: 0 0 0

#Transform 57
Transform: AffineTransform_float_3_3
Parameters: 0.999998 -0.000159935 -0.00195268 0.000156066 0.999998 -0.00201531 0.00195232 0.00201469 0.999996 -0.141214 0.0785136 -0.439689
FixedParameters: 0 0 0

#Transform 58
Transform: AffineTransform_float_3_3
Parameters: 0.999998 2.0002e-05 -0.00195302 -2.19979e-05 1 -0.00102296 0.00195298 0.00102304 0.999997 -0.0890507 0.0874719 -0.378948
FixedParameters: 0 0 0

#Transform 59
Transform: AffineTransform_float_3_3
Parameters: 1 -0.000248544 -0.000475239 0.000248457 1 0.000959883 0.000475762 -0.000959119 1 -0.101172 0.0956846 -0.317505
FixedParameters: 0 0 0

#Transform 60
Transform: AffineTransform_float_3_3
Parameters: 0.999999 0.000210764 -0.000701771 -0.000210236 1 0.00108815 0.000702229 -0.00108885 0.999999 -0.126121 0.053197 -0.284832
FixedParameters: 0 0 0

#Transform 61
Transform: AffineTransform_float_3_3
Parameters: 0.999999 4.77199e-05 -0.000831016 -4.828e-05 1 -0.00033696 0.000830983 0.00033704 0.999999 -0.140275 0.106436 -0.280713
FixedParameters: 0 0 0

#Transform 62
Transform: AffineTransform_float_3_3
Parameters: 1 4.90043e-05 -0.001089 -4.89956e-05 1 4.05336e-06 0.001089 -3.94664e-06 1 -0.157587 0.070261 -0.305288
FixedParameters: 0 0 0

#Transform 63
Transform: AffineTransform_float_3_3
Parameters: 0.999999 2.22892e-06 -0.000850999 -1.77108e-06 1 0.000269001 0.000851 -0.000268998 0.999999 -0.156598 0.0619335 -0.266204
FixedParameters: 0 0 0

#Transform 64
Transform: AffineTransform_float_3_3
Parameters: 0.999999 4.66018e-05 -0.000905021 -4.73982e-05 1 -0.000439957 0.000904979 0.000440043 1 -0.150138 0.073804 -0.293706
FixedParameters: 0 0 0

#Transform 65
Transform: AffineTransform_float_3_3
Parameters: 0.999999 0.000104893 -0.000866012 -0.000105107 1 -0.000123909 0.000865986 0.000124091 0.999999 -0.164861 0.0134098 -0.282651
FixedParameters: 0 0 0

#Transform 66
Transform: AffineTransform_float_3_3
Parameters: 1 0.000172433 -0.000561175 -0.000173566 0.999999 -0.0010099 0.000560825 0.0010101 1 -0.15703 0.0907 -0.274858
FixedParameters: 0 0 0

#Transform 67
Transform: AffineTransform_float_3_3
Parameters: 1 6.28288e-05 -0.000666016 -6.31711e-05 1 -0.000256958 0.000665983 0.000257042 0.999999 -0.161458 0.0547368 -0.282926
FixedParameters: 0 0 0

#Transform 68
Transform: AffineTransform_float_3_3
Parameters: 0.999999 0.000118312 -0.000777952 -0.000117688 1 0.000401091 0.000778047 -0.000400908 0.999999 -0.184501 0.0257234 -0.235981
FixedParameters: 0 0 0

#Transform 69
Transform: AffineTransform_float_3_3
Parameters: 1 0.000171904 -0.00109717 -0.000173096 0.999999 -0.00099881 0.00109683 0.000999189 0.999999 -0.186585 0.097204 -0.302746
FixedParameters: 0 0 0

#Transform 70
Transform: AffineTransform_float_3_3
Parameters: 0.999998 2.86658e-07 -0.001657 -2.71334e-06 1 -0.001034 0.001657 0.001034 0.999998 -0.165839 0.0645294 -0.306522
FixedParameters: 0 0 0

#Transform 71
Transform: AffineTransform_float_3_3
Parameters: 0.999999 -5.02154e-05 -0.000939884 4.87842e-05 0.999997 -0.00235705 0.000940117 0.00235695 0.999997 -0.140989 0.119743 -0.314031
FixedParameters: 0 0 0

#Transform 72
Transform: AffineTransform_float_3_3
Parameters: 0.999999 -0.000341133 -0.000880561 0.000339867 0.999999 -0.0012863 0.000881438 0.0012867 0.999999 -0.153305 0.0767452 -0.28846
FixedParameters: 0 0 0

#Transform 73
Transform: AffineTransform_float_3_3
Parameters: 0.999999 -0.00051568 -0.00117126 0.000514321 0.999999 -0.0014336 0.00117174 0.0014334 0.999999 -0.148283 0.0773276 -0.276217
FixedParameters: 0 0 0

#Transform 74
Transform: AffineTransform_float_3_3
Parameters: 1 -0.000448351 -0.00113147 0.000446649 0.999999 -0.00119351 0.00113253 0.00119349 0.999998 -0.150708 0.0907234 -0.303797
FixedParameters: 0 0 0

#Transform 75
Transform: AffineTransform_float_3_3
Parameters: 1 -0.000293112 -0.0010647 0.00029289 1 -0.00104331 0.00106431 0.00104369 0.999999 -0.144196 0.0781825 -0.303274
FixedParameters: 0 0 0

#Transform 76
Transform: AffineTransform_float_3_3
Parameters: 1 -0.000210258 -0.000939942 0.000209742 1 -0.000274197 0.000940058 0.000273802 0.999999 -0.165968 0.0510153 -0.242598
FixedParameters: 0 0 0

#Transform 77
Transform: AffineTransform_float_3_3
Parameters: 0.999999 -0.000176602 -0.000939887 0.000175397 1 -0.000641165 0.000940113 0.000640834 1 -0.153943 0.0996136 -0.277331
FixedParameters: 0 0 0

#Transform 78
Transform: AffineTransform_float_3_3
Parameters: 1 -2.8595e-05 -0.000939983 2.7405e-05 1 -0.000633026 0.000940018 0.000632973 1 -0.166331 0.0581128 -0.267425
FixedParameters: 0 0 0

#Transform 79
Transform: AffineTransform_float_3_3
Parameters: 0.999999 -0.000171814 -0.000939851 0.000171187 0.999999 -0.000865161 0.000940148 0.000865839 0.999999 -0.160762 0.0680355 -0.262599
FixedParameters: 0 0 0

#Transform 80
Transform: AffineTransform_float_3_3
Parameters: 0.999999 -0.000447981 -0.000939533 0.00044702 1 -0.00104342 0.000939467 0.00104358 0.999999 -0.149488 0.0803873 -0.271982
FixedParameters: 0 0 0

#Transform 81
Transform: AffineTransform_float_3_3
Parameters: 0.999995 -0.00085923 -0.00298451 0.000860773 1 0.000592434 0.00298449 -0.000594568 0.999996 -0.197611 -0.0176906 -0.176149
FixedParameters: 0 0 0

#Transform 82
Transform: AffineTransform_float_3_3
Parameters: 0.99999 0.000114066 -0.00463449 -9.0929e-05 0.999987 0.00497747 0.00463551 -0.00497652 0.999977 -0.270868 0.0775393 -0.0778095
FixedParameters: 0 0 0

#Transform 83
Transform: AffineTransform_float_3_3
Parameters: 0.999991 -0.00018382 -0.00408076 0.000199178 0.999992 0.00396422 0.00408024 -0.00396578 0.999984 -0.239363 0.0319347 -0.105335
FixedParameters: 0 0 0

#Transform 84
Transform: AffineTransform_float_3_3
Parameters: 0.999993 -0.000185522 -0.00370275 0.00019948 0.999993 0.00391029 0.00370225 -0.00391071 0.999985 -0.236323 0.0221314 -0.110323
FixedParameters: 0 0 0

#Transform 85
Transform: AffineTransform_float_3_3
Parameters: 0.999994 -0.000722307 -0.00320335 0.00073669 0.999989 0.00458767 0.00319965 -0.00459034 0.999985 -0.205205 0.0380797 -0.101174
FixedParameters: 0 0 0

#Transform 86
Transform: AffineTransform_float_3_3
Parameters: 0.999992 -0.000652665 -0.00377398 0.000663337 0.999996 0.00300352 0.00377202 -0.00300549 0.999989 -0.208812 0.0221528 -0.148934
FixedParameters: 0 0 0

#Transform 87
Transform: AffineTransform_float_3_3
Parameters: 0.999992 -0.000506679 -0.00377454 0.00051832 0.999996 0.00299907 0.00377246 -0.00300094 0.999989 -0.209485 0.04302 -0.136103
FixedParameters: 0 0 0

#Transform 88
Transform: AffineTransform_float_3_3
Parameters: 0.999993 -0.000408752 -0.00377412 0.00041925 0.999996 0.00271544 0.00377288 -0.00271656 0.999989 -0.207107 0.0559305 -0.166918
FixedParameters: 0 0 0

#Transform 89
Transform: AffineTransform_float_3_3
Parameters: 0.999994 -0.000463668 -0.00362147 0.000474332 0.999995 0.0031283 0.00362053 -0.0031307 0.999988 -0.208505 -0.00985408 -0.142136
FixedParameters: 0 0 0

#Transform 90
Transform: AffineTransform_float_3_3
Parameters: 0.999993 -0.000433673 -0.00377396 0.000442329 0.999998 0.00220635 0.00377303 -0.00220765 0.99999 -0.209573 0.0702384 -0.171961
FixedParameters: 0 0 0

#Transform 91
Transform: AffineTransform_float_3_3
Parameters: 0.999994 -0.000445758 -0.00346846 0.000457238 0.999994 0.00324043 0.00346653 -0.00324256 0.999988 -0.220168 0.0128265 -0.153799
FixedParameters: 0 0 0

#Transform 92
Transform: AffineTransform_float_3_3
Parameters: 0.999994 -0.000441159 -0.00336517 0.00044984 0.999997 0.0026265 0.00336383 -0.0026285 0.999991 -0.207065 0.0432549 -0.142066
FixedParameters: 0 0 0

#Transform 93
Transform: AffineTransform_float_3_3
Parameters: 0.999994 -0.000384095 -0.00326894 0.000391904 0.999997 0.00241773 0.00326806 -0.00241927 0.999991 -0.221407 0.0424238 -0.159937
FixedParameters: 0 0 0

#Transform 94
Transform: AffineTransform_float_3_3
Parameters: 0.999994 -0.00019235 -0.00341044 0.000199651 0.999998 0.00224333 0.00340956 -0.00224367 0.999991 -0.219968 0.0155976 -0.144652
FixedParameters: 0 0 0

#Transform 95
Transform: AffineTransform_float_3_3
Parameters: 0.999993 -0.000191886 -0.00377342 0.00019911 0.999997 0.00214926 0.00377258 -0.00215074 0.99999 -0.210452 0.0591368 -0.146086
FixedParameters: 0 0 0

#Transform 96
Transform: AffineTransform_float_3_3
Parameters: 0.999995 -0.00019295 -0.00316144 0.000199048 0.999998 0.00222938 0.00316057 -0.00223062 0.999993 -0.222271 0.00055365 -0.153359
FixedParameters: 0 0 0

#Transform 97
Transform: AffineTransform_float_3_3
Parameters: 0.999994 -0.000192742 -0.00323844 0.00019926 0.999998 0.00224137 0.00323856 -0.00224164 0.999992 -0.224232 0.038 -0.138542
FixedParameters: 0 0 0

#Transform 98
Transform: AffineTransform_float_3_3
Parameters: 0.999995 -0.000194397 -0.00296437 0.000199604 0.999998 0.00189042 0.00296363 -0.00189058 0.999994 -0.214193 0.0355404 -0.157081
FixedParameters: 0 0 0

#Transform 99
Transform: AffineTransform_float_3_3
Parameters: 0.999995 -0.000260887 -0.00292673 0.000268114 0.999996 0.00277223 0.00292627 -0.00277278 0.999992 -0.219441 0.00682217 -0.119294
FixedParameters: 0 0 0

#Transform 100
Transform: AffineTransform_float_3_3
Parameters: 0.999996 -0.000194795 -0.00306134 0.000199206 0.999998 0.0017004 0.00306067 -0.0017006 0.999994 -0.218668 0.0684569 -0.145847
FixedParameters: 0 0 0

#Transform 101
Transform: AffineTransform_float_3_3
Parameters: 0.999995 -0.000313801 -0.00292367 0.000320197 0.999997 0.00212007 0.00292233 -0.00212093 0.999994 -0.223001 0.0192302 -0.144792
FixedParameters: 0 0 0

#Transform 102
Transform: AffineTransform_float_3_3
Parameters: 0.999997 -0.000192452 -0.00269755 0.000199548 0.999996 0.00279747 0.00269745 -0.00279853 0.999993 -0.220744 0.0468436 -0.0983207
FixedParameters: 0 0 0

#Transform 103
Transform: AffineTransform_float_3_3
Parameters: 0.999997 -0.000194297 -0.00269742 0.000199705 0.999997 0.00211447 0.00269759 -0.00211453 0.999994 -0.236402 0.054387 -0.118867
FixedParameters: 0 0 0

#Transform 104
Transform: AffineTransform_float_3_3
Parameters: 0.999996 -0.0001916 -0.00302254 0.000199402 0.999996 0.00277941 0.00302246 -0.00277959 0.999991 -0.234491 0.00796584 -0.111893
FixedParameters: 0 0 0

#Transform 105
Transform: AffineTransform_float_3_3
Parameters: 0.999997 -0.000195023 -0.00269736 0.00019998 0.999999 0.00184547 0.00269764 -0.00184553 0.999994 -0.216975 0.0664729 -0.103354
FixedParameters: 0 0 0

#Transform 106
Transform: AffineTransform_float_3_3
Parameters: 0.999997 -0.000194119 -0.00269743 0.00019988 0.999997 0.00217947 0.00269757 -0.00218053 0.999994 -0.216686 0.0247479 -0.105261
FixedParameters: 0 0 0

#Transform 107
Transform: AffineTransform_float_3_3
Parameters: 0.999997 -0.000193785 -0.00269745 0.000199215 0.999998 0.00230347 0.00269755 -0.00230453 0.999993 -0.226815 -0.00187649 -0.100512
FixedParameters: 0 0 0

#Transform 108
Transform: AffineTransform_float_3_3
Parameters: 0.999997 -0.000132377 -0.00248025 0.000137622 0.999999 0.00186367 0.00247975 -0.00186433 0.999995 -0.229701 0.0746558 -0.0978205
FixedParameters: 0 0 0

#Transform 109
Transform: AffineTransform_float_3_3
Parameters: 0.999997 6.46229e-05 -0.00269687 -5.93764e-05 0.999998 0.00208517 0.00269713 -0.00208483 0.999994 -0.227149 0.0221356 -0.139835
FixedParameters: 0 0 0

#Transform 110
Transform: AffineTransform_float_3_3
Parameters: 0.999998 0.000226363 -0.00223756 -0.000221637 0.999998 0.0019505 0.00223744 -0.0019495 0.999995 -0.224737 0.0376226 -0.114294
FixedParameters: 0 0 0

#Transform 111
Transform: AffineTransform_float_3_3
Parameters: 0.999997 0.000218034 -0.0021666 -0.000213964 0.999998 0.00186247 0.0021674 -0.00186153 0.999996 -0.215141 0.0514506 -0.161355
FixedParameters: 0 0 0

#Transform 112
Transform: AffineTransform_float_3_3
Parameters: 0.999999 -1.49928e-06 -0.00182901 5.5007e-06 0.999998 0.00191399 0.00182899 -0.00191401 0.999997 -0.223776 0.0135167 -0.129856
FixedParameters: 0 0 0

#Transform 113
Transform: AffineTransform_float_3_3
Parameters: 0.999997 8.71336e-05 -0.00213591 -8.4868e-05 0.999999 0.000998183 0.00213609 -0.000998816 0.999997 -0.21635 0.0709513 -0.118156
FixedParameters: 0 0 0

#Transform 114
Transform: AffineTransform_float_3_3
Parameters: 0.999997 9.0981e-05 -0.00241682 -8.60181e-05 0.999998 0.00206121 0.00241718 -0.00206079 0.999995 -0.21852 0.0351678 -0.124806
FixedParameters: 0 0 0

#Transform 115
Transform: AffineTransform_float_3_3
Parameters: 0.999998 -0.000166103 -0.00208731 0.000169898 0.999998 0.00186765 0.00208669 -0.00186735 0.999996 -0.210592 -0.00741844 -0.112266
FixedParameters: 0 0 0

#Transform 116
Transform: AffineTransform_float_3_3
Parameters: 0.999998 -5.15685e-06 -0.00225801 8.8431e-06 0.999998 0.00170198 0.00225799 -0.00170202 0.999996 -0.212846 0.0466521 -0.101444
FixedParameters: 0 0 0

#Transform 117
Transform: AffineTransform_float_3_3
Parameters: 0.999996 -3.14296e-05 -0.0028311 3.95699e-05 0.999997 0.0026739 0.00283091 -0.0026741 0.999993 -0.227285 0.0271781 -0.141039
FixedParameters: 0 0 0

#Transform 118
Transform: AffineTransform_float_3_3
Parameters: 0.999998 -1.24956e-05 -0.00206502 1.55043e-05 0.999998 0.00169697 0.00206498 -0.00169703 0.999997 -0.213573 0.0263405 -0.126569
FixedParameters: 0 0 0

#Transform 119
Transform: AffineTransform_float_3_3
Parameters: 0.999998 -6.39383e-07 -0.002272 3.3606e-06 0.999999 0.00103899 0.002272 -0.001039 0.999997 -0.233516 0.0590465 -0.156367
FixedParameters: 0 0 0

#Transform 120
Transform: AffineTransform_float_3_3
Parameters: 0.999998 -0.000126397 -0.0016392 0.000128602 0.999998 0.00158779 0.0016388 -0.00158821 0.999998 -0.218723 0.0293029 -0.154236
FixedParameters: 0 0 0

#Transform 121
Transform: AffineTransform_float_3_3
Parameters: 0.999998 -9.59791e-07 -0.00222601 5.04019e-06 0.999999 0.00181499 0.002226 -0.00181501 0.999996 -0.227529 0.0287169 -0.0937495
FixedParameters: 0 0 0

#Transform 122
Transform: AffineTransform_float_3_3
Parameters: 0.999998 0.000183506 -0.00163883 -0.000181495 0.999999 0.000918299 0.00163917 -0.0009187 0.999998 -0.217025 0.0366187 -0.160108
FixedParameters: 0 0 0

#Transform 123
Transform: AffineTransform_float_3_3
Parameters: 0.999998 -3.01974e-05 -0.00195006 3.48024e-05 0.999998 0.00194994 0.00194994 -0.00195006 0.999996 -0.221832 0.0189238 -0.1086
FixedParameters: 0 0 0

#Transform 124
Transform: AffineTransform_float_3_3
Parameters: 0.999998 -9.94789e-05 -0.00163915 0.00010252 0.999999 0.00153783 0.00163884 -0.00153816 0.999997 -0.197733 0.0619653 -0.105913
FixedParameters: 0 0 0

#Transform 125
Transform: AffineTransform_float_3_3
Parameters: 0.999998 3.78138e-06 -0.001639 -2.18608e-07 0.999998 0.001697 0.001639 -0.001697 0.999997 -0.206225 0.0661227 -0.169712
FixedParameters: 0 0 0

#Transform 126
Transform: AffineTransform_float_3_3
Parameters: 0.999999 0.000123199 -0.00147082 -0.000120801 0.999999 0.00149518 0.00147118 -0.00149482 0.999998 -0.217317 0.0407917 -0.137038
FixedParameters: 0 0 0

#Transform 127
Transform: AffineTransform_float_3_3
Parameters: 0.999999 -0.000134047 -0.00138909 0.000134953 1 0.000685813 0.00138891 -0.000686187 0.999999 -0.19595 0.0952011 -0.150389
FixedParameters: 0 0 0

#Transform 128
Transform: AffineTransform_float_3_3
Parameters: 0.999999 -1.18269e-05 -0.00150802 1.4173e-05 0.999999 0.00144098 0.00150798 -0.00144102 0.999998 -0.220937 0.0422387 -0.171023
FixedParameters: 0 0 0

#Transform 129
Transform: AffineTransform_float_3_3
Parameters: 0.999999 -0.000110454 -0.00132613 0.000111546 1 0.00116585 0.00132587 -0.00116615 0.999998 -0.222177 0.0189705 -0.119278
FixedParameters: 0 0 0

#Transform 130
Transform: AffineTransform_float_3_3
Parameters: 0.999999 -1.97597e-05 -0.00156402 2.12402e-05 0.999999 0.000792968 0.00156398 -0.000793032 0.999999 -0.216443 0.0711361 -0.176065
FixedParameters: 0 0 0

#Transform 131
Transform: AffineTransform_float_3_3
Parameters: 0.999999 0.000101946 -0.00140986 -0.000100055 0.999999 0.00137914 0.00141014 -0.00137986 0.999998 -0.215885 0.00727649 -0.130941
FixedParameters: 0 0 0

#Transform 132
Transform: AffineTransform_float_3_3
Parameters: 0.999999 0.00064618 -0.00109289 -0.000646819 1 0.000165707 0.00109311 -0.000164294 1 -0.24128 0.115705 -0.176559
FixedParameters: 0 0 0

#Transform 133
Transform: AffineTransform_float_3_3
Parameters: 0.999999 -0.000348938 -0.00129683 0.000352064 0.999997 0.00236255 0.00129617 -0.00236246 0.999997 -0.221523 0.222544 -0.277676
FixedParameters: 0 0 0

#Transform 134
Transform: AffineTransform_float_3_3
Parameters: 0.999999 -0.00031228 -0.000800281 0.000312719 0.999999 0.00089875 0.000799719 -0.00089925 1 -0.213934 0.141691 -0.234498
FixedParameters: 0 0 0

#Transform 135
Transform: AffineTransform_float_3_3
Parameters: 0.999999 -0.000335028 -0.00136324 0.000335971 0.999999 0.000712542 0.00136276 -0.000713457 0.999999 -0.217232 0.186815 -0.263989
FixedParameters: 0 0 0

#Transform 136
Transform: AffineTransform_float_3_3
Parameters: 0.999998 -0.000335364 -0.00158913 0.000335635 1 0.000399467 0.00158886 -0.000400533 0.999998 -0.196624 0.152274 -0.255472
FixedParameters: 0 0 0

#Transform 137
Transform: AffineTransform_float_3_3
Parameters: 0.999999 -0.000238597 -0.00129607 0.000239403 1 0.00031069 0.00129693 -0.00031131 0.999999 -0.201024 0.175041 -0.22172
FixedParameters: 0 0 0

#Transform 138
Transform: AffineTransform_float_3_3
Parameters: 0.999999 -0.000335916 -0.00091203 0.000336084 1 9.16935e-05 0.000911968 -9.23063e-05 0.999999 -0.196953 0.140282 -0.24168
FixedParameters: 0 0 0

#Transform 139
Transform: AffineTransform_float_3_3
Parameters: 0.999999 -0.000334866 -0.000818464 0.000336134 0.999999 0.00138472 0.000818535 -0.00138527 0.999998 -0.197579 0.100296 -0.206007
FixedParameters: 0 0 0

#Transform 140
Transform: AffineTransform_float_3_3
Parameters: 0.999999 -0.000176301 -0.000863143 0.0001767 0.999999 0.000810848 0.000862857 -0.000810152 1 -0.194411 0.153012 -0.19315
FixedParameters: 0 0 0

#Transform 141
Transform: AffineTransform_float_3_3
Parameters: 0.999999 0.000185751 -0.00106269 -0.000184249 0.999998 0.0016482 0.0010623 -0.0016478 0.999998 -0.197777 0.124228 -0.2055
FixedParameters: 0 0 0

#Transform 142
Transform: AffineTransform_float_3_3
Parameters: 0.999998 0.000275184 -0.00186453 -0.000272815 0.999998 0.00170751 0.00186547 -0.00170749 0.999997 -0.21788 0.108586 -0.20376
FixedParameters: 0 0 0

#Transform 143
Transform: AffineTransform_float_3_3
Parameters: 0.999999 0.00015572 -0.00144782 -0.00015428 1 0.00118823 0.00144818 -0.00118778 0.999998 -0.207751 0.158308 -0.197492
FixedParameters: 0 0 0

#Transform 144
Transform: AffineTransform_float_3_3
Parameters: 0.999999 0.000196515 -0.00124376 -0.000194487 0.999999 0.00121724 0.00124324 -0.00121776 0.999998 -0.208579 0.139043 -0.211639
FixedParameters: 0 0 0

#Transform 145
Transform: AffineTransform_float_3_3
Parameters: 0.999999 1.29055e-05 -0.00126698 -1.10944e-05 0.999999 0.00150402 0.00126702 -0.00150398 0.999998 -0.214979 0.119321 -0.211773
FixedParameters: 0 0 0

#Transform 146
Transform: AffineTransform_float_3_3
Parameters: 1 3.13163e-05 -0.00116897 -3.06837e-05 1 0.00112604 0.00116904 -0.00112596 0.999998 -0.20991 0.125492 -0.181387
FixedParameters: 0 0 0

#Transform 147
Transform: AffineTransform_float_3_3
Parameters: 1 0.000320849 -0.00112376 -0.00032015 0.999999 0.00075636 0.00112424 -0.00075564 0.999999 -0.208599 0.16038 -0.218495
FixedParameters: 0 0 0

#Transform 148
Transform: AffineTransform_float_3_3
Parameters: 0.999999 0.000272613 -0.00150753 -0.000269388 0.999999 0.00173341 0.00150747 -0.00173259 0.999998 -0.211276 0.080263 -0.147824
FixedParameters: 0 0 0

#Transform 149
Transform: AffineTransform_float_3_3
Parameters: 0.999998 2.33799e-05 -0.00210797 -2.062e-05 1 0.00112905 0.00210802 -0.00112895 0.999997 -0.183769 0.174169 -0.182009
FixedParameters: 0 0 0

#Transform 150
Transform: AffineTransform_float_3_3
Parameters: 0.999999 0.000153501 -0.00135972 -0.000150499 0.999999 0.00183921 0.00136028 -0.00183879 0.999998 -0.204365 0.116351 -0.178642
FixedParameters: 0 0 0

#Transform 151
Transform: AffineTransform_float_3_3
Parameters: 0.999998 1.04363e-06 -0.001665 2.04362e-06 0.999999 0.001828 0.001665 -0.001828 0.999997 -0.205759 0.117458 -0.14551
FixedParameters: 0 0 0

#Transform 152
Transform: AffineTransform_float_3_3
Parameters: 0.999999 -2.49899e-05 -0.00136004 2.701e-05 0.999999 0.00147796 0.00135996 -0.00147804 0.999998 -0.20371 0.153851 -0.196979
FixedParameters: 0 0 0

#Transform 153
Transform: AffineTransform_float_3_3
Parameters: 0.999999 -2.39644e-05 -0.00136006 2.70355e-05 0.999998 0.00223197 0.00135994 -0.00223203 0.999996 -0.214158 0.103512 -0.177462
FixedParameters: 0 0 0

#Transform 154
Transform: AffineTransform_float_3_3
Parameters: 0.999999 -2.43017e-05 -0.00136005 2.76982e-05 0.999998 0.00198396 0.00135995 -0.00198404 0.999997 -0.210204 0.142569 -0.188439
FixedParameters: 0 0 0

#Transform 155
Transform: AffineTransform_float_3_3
Parameters: 0.999999 -2.44391e-05 -0.00136005 2.75608e-05 0.999998 0.00188297 0.00135995 -0.00188304 0.999998 -0.203727 0.123552 -0.178739
FixedParameters: 0 0 0

#Transform 156
Transform: AffineTransform_float_3_3
Parameters: 1 0.000122168 -0.00118178 -0.000120832 0.999999 0.00183414 0.00118222 -0.00183386 0.999997 -0.213221 0.0937917 -0.167803
FixedParameters: 0 0 0

#Transform 157
Transform: AffineTransform_float_3_3
Parameters: 1 -2.53342e-05 -0.00115204 2.76672e-05 0.999999 0.00144597 0.00115296 -0.00144603 0.999999 -0.208394 0.160065 -0.180056
FixedParameters: 0 0 0

#Transform 158
Transform: AffineTransform_float_3_3
Parameters: 0.999999 0.000108208 -0.00135975 -0.000104791 0.999997 0.00235915 0.00136025 -0.00235886 0.999997 -0.215822 0.114324 -0.177172
FixedParameters: 0 0 0

#Transform 159
Transform: AffineTransform_float_3_3
Parameters: 0.999999 -0.000503745 -0.00168698 0.000506256 0.999998 0.00193015 0.00168603 -0.00193085 0.999996 -0.179197 0.111382 -0.131819
FixedParameters: 0 0 0

#Transform 160
Transform: AffineTransform_float_3_3
Parameters: 0.999994 -0.00106458 -0.00312516 0.00106842 0.999999 0.00109267 0.00312383 -0.00109633 0.999994 -0.169575 0.124801 -0.183615
FixedParameters: 0 0 0

#Transform 161
Transform: AffineTransform_float_3_3
Parameters: 0.999998 0.000262685 -0.00192823 -0.000257316 0.999995 0.0029475 0.00192877 -0.0029475 0.999994 -0.223756 0.0848789 -0.156425
FixedParameters: 0 0 0

#Transform 162
Transform: AffineTransform_float_3_3
Parameters: 0.999999 0.000192761 -0.00170669 -0.000189239 0.999998 0.00161733 0.00170731 -0.00161767 0.999997 -0.212665 0.157475 -0.15181
FixedParameters: 0 0 0

#Transform 163
Transform: AffineTransform_float_3_3
Parameters: 0.999998 0.000404045 -0.00204481 -0.000397954 0.999995 0.00295582 0.00204618 -0.00295518 0.999993 -0.231105 0.0851421 -0.170432
FixedParameters: 0 0 0

#Transform 164
Transform: AffineTransform_float_3_3
Parameters: 0.999998 0.00023445 -0.00163365 -0.000231548 0.999999 0.00150038 0.00163435 -0.00149962 0.999997 -0.21245 0.154674 -0.139914
FixedParameters: 0 0 0

#Transform 165
Transform: AffineTransform_float_3_3
Parameters: 0.999998 0.000227384 -0.00164653 -0.000224616 0.999998 0.00205437 0.00164746 -0.00205463 0.999996 -0.212415 0.143433 -0.160659
FixedParameters: 0 0 0

#Transform 166
Transform: AffineTransform_float_3_3
Parameters: 0.999998 -0.000181607 -0.00228935 0.000186394 0.999998 0.00191958 0.00228865 -0.00191942 0.999995 -0.188337 0.088541 -0.169238
FixedParameters: 0 0 0

#Transform 167
Transform: AffineTransform_float_3_3
Parameters: 0.999999 0.000162694 -0.00181785 -0.000160305 0.999999 0.000932292 0.00181815 -0.000931705 0.999998 -0.2161 0.145375 -0.192273
FixedParameters: 0 0 0

#Transform 168
Transform: AffineTransform_float_3_3
Parameters: 0.999998 0.000306193 -0.00161659 -0.000303807 0.999999 0.00135649 0.00161741 -0.00135651 0.999998 -0.220586 0.103025 -0.176192
FixedParameters: 0 0 0

#Transform 169
Transform: AffineTransform_float_3_3
Parameters: 0.999999 0.000486596 -0.00171127 -0.000484405 0.999998 0.00151683 0.00171174 -0.00151617 0.999998 -0.226402 0.0892994 -0.124924
FixedParameters: 0 0 0

#Transform 170
Transform: AffineTransform_float_3_3
Parameters: 0.999998 0.0003086 -0.00228839 -0.000303402 0.999998 0.0020097 0.00228862 -0.0020093 0.999996 -0.229835 0.134417 -0.156808
FixedParameters: 0 0 0

#Transform 171
Transform: AffineTransform_float_3_3
Parameters: 0.999998 0.000545544 -0.00187669 -0.000540458 0.999997 0.00242102 0.00187731 -0.00241998 0.999996 -0.222157 0.140747 -0.131239
FixedParameters: 0 0 0

#Transform 172
Transform: AffineTransform_float_3_3
Parameters: 0.999998 0.000306544 -0.00187759 -0.000303458 0.999999 0.00135457 0.00187741 -0.00135443 0.999998 -0.211256 0.240166 -0.148443
FixedParameters: 0 0 0

#Transform 173
Transform: AffineTransform_float_3_3
Parameters: 0.999999 0.000306454 -0.00151851 -0.000303548 0.999998 0.00161546 0.00151849 -0.00161554 0.999997 -0.209055 0.125886 -0.166703
FixedParameters: 0 0 0

#Transform 174
Transform: AffineTransform_float_3_3
Parameters: 0.999999 0.000421013 -0.00133837 -0.000418987 0.999999 0.00150356 0.00133963 -0.00150344 0.999998 -0.20831 0.115383 -0.136693
FixedParameters: 0 0 0

#Transform 175
Transform: AffineTransform_float_3_3
Parameters: 0.999999 0.000306222 -0.00144353 -0.000303778 0.999999 0.00153844 0.00144447 -0.00153856 0.999998 -0.208596 0.147748 -0.155145
FixedParameters: 0 0 0

#Transform 176
Transform: AffineTransform_float_3_3
Parameters: 0.999999 0.000306798 -0.00148242 -0.000304203 0.999998 0.00188745 0.00148258 -0.00188655 0.999997 -0.218508 0.117474 -0.146546
FixedParameters: 0 0 0

#Transform 177
Transform: AffineTransform_float_3_3
Parameters: 0.999998 0.000307088 -0.00164843 -0.000303912 0.999998 0.0018735 0.00164857 -0.0018725 0.999997 -0.215416 0.116826 -0.132762
FixedParameters: 0 0 0

#Transform 178
Transform: AffineTransform_float_3_3
Parameters: 0.999999 0.000487604 -0.00145113 -0.000485396 0.999999 0.00179471 0.00145187 -0.0017933 0.999998 -0.213291 0.135448 -0.187143
FixedParameters: 0 0 0

#Transform 179
Transform: AffineTransform_float_3_3
Parameters: 0.999999 0.000310017 -0.00182299 -0.000303984 0.999994 0.00329956 0.00182401 -0.00329944 0.999993 -0.220172 0.0819584 -0.165953
FixedParameters: 0 0 0

#Transform 180
Transform: AffineTransform_float_3_3
Parameters: 0.999998 0.00030825 -0.00191632 -0.000303749 0.999997 0.00221758 0.00191768 -0.00221741 0.999995 -0.211574 0.151688 -0.16343
FixedParameters: 0 0 0

#Transform 181
Transform: AffineTransform_float_3_3
Parameters: 0.999999 0.000254797 -0.00144734 -0.000251203 0.999997 0.00262337 0.00144766 -0.00262264 0.999996 -0.21479 0.0800572 -0.142448
FixedParameters: 0 0 0

#Transform 182
Transform: AffineTransform_float_3_3
Parameters: 0.999999 0.000164371 -0.00182379 -0.00016163 0.999999 0.0013003 0.00182321 -0.0012997 0.999998 -0.210558 0.150307 -0.137688
FixedParameters: 0 0 0

#Transform 183
Transform: AffineTransform_float_3_3
Parameters: 0.999999 0.000307445 -0.00182342 -0.000303555 0.999998 0.00188956 0.00182358 -0.00188844 0.999996 -0.211017 0.0954782 -0.168379
FixedParameters: 0 0 0

#Transform 184
Transform: AffineTransform_float_3_3
Parameters: 0.999999 -9.72897e-05 -0.00145018 9.97098e-05 0.999998 0.00186886 0.00144982 -0.00186914 0.999997 -0.20725 0.109989 -0.135022
FixedParameters: 0 0 0

#Transform 185
Transform: AffineTransform_float_3_3
Parameters: 0.999999 3.66878e-05 -0.00144893 -3.4312e-05 0.999999 0.00185505 0.00144907 -0.00185495 0.999997 -0.207687 0.123344 -0.16776
FixedParameters: 0 0 0

#Transform 186
Transform: AffineTransform_float_3_3
Parameters: 0.999999 0.000307377 -0.00153433 -0.00030362 0.999997 0.00220147 0.00153567 -0.00220053 0.999997 -0.209274 0.0840218 -0.158206
FixedParameters: 0 0 0

#Transform 187
Transform: AffineTransform_float_3_3
Parameters: 0.999999 6.33521e-05 -0.00128893 -6.16491e-05 1 0.00104808 0.00128907 -0.00104892 0.999998 -0.201768 0.0865785 -0.139777
FixedParameters: 0 0 0

#Transform 188
Transform: AffineTransform_float_3_3
Parameters: 0.999999 -5.86078e-05 -0.00132615 6.13917e-05 0.999996 0.00255792 0.00132585 -0.00255808 0.999996 -0.20662 0.101345 -0.16215
FixedParameters: 0 0 0

#Transform 189
