#Insight Transform File V1.0
#Transform 0
Transform: AffineTransform_float_3_3
Parameters: 1 -0.000387998 1.68731e-06 0.000387998 0.999976 -0.006926 1.68731e-06 0.006926 0.999976 -0.0220032 -0.0745644 0.0375316
FixedParameters: 0 0 0

#Transform 1
Transform: AffineTransform_float_3_3
Parameters: 1 6.8508e-08 0.000132 6.8508e-08 1 -0.000519 -0.000132 0.000519 1 -0.000581667 -0.0116644 -0.0444404
FixedParameters: 0 0 0

#Transform 2
Transform: AffineTransform_float_3_3
Parameters: 1 2.067e-08 0.000195 2.067e-08 1 -0.000106 -0.000195 0.000106 1 0.000606505 -0.00573636 -0.0427363
FixedParameters: 0 0 0

#Transform 3
Transform: AffineTransform_float_3_3
Parameters: 1 -1.474e-09 1.1e-05 -1.474e-09 1 0.000134 -1.1e-05 -0.000134 1 0.00582133 -0.00029055 -0.0625955
FixedParameters: 0 0 0

#Transform 4
Transform: AffineTransform_float_3_3
Parameters: 1 -0.000243105 0.000188864 0.000242894 1 0.000558046 -0.000189136 -0.000557954 1 -0.0115785 0.0199299 -0.0500737
FixedParameters: 0 0 0

#Transform 5
Transform: AffineTransform_float_3_3
Parameters: 1 -0.000392285 0.000285609 0.000392714 1 0.000998113 -0.000286392 -0.000997889 1 -0.00438888 -0.00923815 -0.0530769
FixedParameters: 0 0 0

#Transform 6
Transform: AffineTransform_float_3_3
Parameters: 1 -0.000252378 0.00036674 0.000252622 1 0.00103109 -0.000367261 -0.00103091 1 -0.0174527 -0.00172226 -0.0422281
FixedParameters: 0 0 0

#Transform 7
Transform: AffineTransform_float_3_3
Parameters: 0.999999 0.000845113 0.00131364 -0.000842887 0.999999 -0.00160811 -0.00131536 0.00160689 0.999998 -0.0651524 0.0260093 -0.176176
FixedParameters: 0 0 0

#Transform 8
Transform: AffineTransform_float_3_3
Parameters: 0.999954 -0.00760711 -0.0058277 0.0076629 0.999925 0.00963078 0.0057533 -0.00967421 0.999936 0.137472 -0.0159312 0.0268998
FixedParameters: 0 0 0

#Transform 9
Transform: AffineTransform_float_3_3
Parameters: 0.999992 -0.00170214 -0.00346384 0.00171786 0.999988 0.00458108 0.00345616 -0.00458691 0.999983 -0.0127962 -0.0359117 -0.0380066
FixedParameters: 0 0 0

#Transform 10
Transform: AffineTransform_float_3_3
Parameters: 0.999996 -0.00136584 -0.00244315 0.00137516 0.999992 0.00375265 0.00243786 -0.00375534 0.99999 -0.00914682 -0.0290411 -0.0481324
FixedParameters: 0 0 0

#Transform 11
Transform: AffineTransform_float_3_3
Parameters: 0.999998 -0.00139797 -0.00183538 0.00140503 0.999991 0.00383643 0.00182962 -0.00383957 0.999991 -0.0315313 -0.0265499 -0.0473254
FixedParameters: 0 0 0

#Transform 12
Transform: AffineTransform_float_3_3
Parameters: 0.999997 -0.00166124 -0.0017634 0.00166776 0.999991 0.00384107 0.0017566 -0.00384393 0.999991 -0.0214574 -0.0263406 -0.0685259
FixedParameters: 0 0 0

#Transform 13
Transform: AffineTransform_float_3_3
Parameters: 0.999998 -0.00166249 -0.00161967 0.00166851 0.999993 0.00340531 0.00161432 -0.00340869 0.999993 -0.0333837 0.0085712 -0.0626996
FixedParameters: 0 0 0

#Transform 14
Transform: AffineTransform_float_3_3
Parameters: 0.999997 -0.00166135 -0.00174137 0.00166865 0.999992 0.00382511 0.00173463 -0.00382789 0.999991 -0.0188515 -0.0453506 -0.0660454
FixedParameters: 0 0 0

#Transform 15
Transform: AffineTransform_float_3_3
Parameters: 0.999997 -0.00134911 -0.00175653 0.00135489 0.999994 0.00335363 0.00175246 -0.00335637 0.999993 -0.0364442 -0.0029873 -0.0571105
FixedParameters: 0 0 0

#Transform 16
Transform: AffineTransform_float_3_3
Parameters: 0.999997 -0.00155694 -0.00159994 0.00156206 0.999994 0.00316751 0.00159506 -0.00316949 0.999993 -0.000781394 -0.0110942 -0.0593744
FixedParameters: 0 0 0

#Transform 17
Transform: AffineTransform_float_3_3
Parameters: 0.999998 -0.00140271 -0.001507 0.00140729 0.999995 0.00284988 0.00150299 -0.00285211 0.999995 0.00197268 0.00602309 -0.0328143
FixedParameters: 0 0 0

#Transform 18
Transform: AffineTransform_float_3_3
Parameters: 0.999999 -0.000950256 -0.0015665 0.000955745 0.999993 0.00366951 0.0015635 -0.00367149 0.999992 -0.0112642 -0.0424889 -0.00140339
FixedParameters: 0 0 0

#Transform 19
Transform: AffineTransform_float_3_3
Parameters: 0.999998 -0.00112829 -0.00170379 0.00113371 0.999993 0.00335407 0.00170021 -0.00335592 0.999993 -0.0142605 -0.0349537 -0.0196441
FixedParameters: 0 0 0

#Transform 20
Transform: AffineTransform_float_3_3
Parameters: 0.999997 -0.000921291 -0.0020011 0.000927708 0.999994 0.00335415 0.0019979 -0.00335585 0.999993 -0.0329677 -0.0157605 -0.040038
FixedParameters: 0 0 0

#Transform 21
Transform: AffineTransform_float_3_3
Parameters: 0.999998 -0.00133649 -0.00155276 0.0013415 0.999993 0.00355093 0.00154725 -0.00355308 0.999993 -0.016325 -0.0296484 -0.0422983
FixedParameters: 0 0 0

#Transform 22
Transform: AffineTransform_float_3_3
Parameters: 0.999998 -0.00139141 -0.00178737 0.00139659 0.999994 0.00313151 0.00178263 -0.00313349 0.999993 -0.0247296 -0.0048316 -0.0411167
FixedParameters: 0 0 0

#Transform 23
Transform: AffineTransform_float_3_3
Parameters: 0.999997 -0.0012673 -0.00173717 0.00127269 0.999994 0.0032818 0.00173283 -0.0032842 0.999993 -0.020076 -0.0293925 -0.0410622
FixedParameters: 0 0 0

#Transform 24
Transform: AffineTransform_float_3_3
Parameters: 0.999998 -0.00133641 -0.00182211 0.00134159 0.999995 0.00306956 0.00181789 -0.00307244 0.999993 -0.027184 -0.0278081 -0.0406597
FixedParameters: 0 0 0

#Transform 25
Transform: AffineTransform_float_3_3
Parameters: 0.999997 -0.00133612 -0.00172058 0.00134188 0.999994 0.0034197 0.00171642 -0.0034213 0.999992 -0.0314937 -0.0055148 -0.0512097
FixedParameters: 0 0 0

#Transform 26
Transform: AffineTransform_float_3_3
Parameters: 0.999998 -0.00118917 -0.00172004 0.00119583 0.999993 0.00339095 0.00171595 -0.00339305 0.999993 -0.0197265 -0.0303865 -0.0409533
FixedParameters: 0 0 0

#Transform 27
Transform: AffineTransform_float_3_3
Parameters: 0.999999 -0.00119787 -0.00136164 0.00120213 0.999994 0.00303537 0.00135836 -0.00303763 0.999994 -0.0333414 -0.021379 -0.0398737
FixedParameters: 0 0 0

#Transform 28
Transform: AffineTransform_float_3_3
Parameters: 0.999998 -0.00123158 -0.00153137 0.00123742 0.999993 0.00354211 0.00152662 -0.00354389 0.999992 -0.0197121 -0.0441973 -0.0385026
FixedParameters: 0 0 0

#Transform 29
Transform: AffineTransform_float_3_3
Parameters: 0.999998 -0.00134222 -0.00155913 0.00134679 0.999995 0.00307291 0.00155487 -0.00307409 0.999994 -0.0302718 0.00148456 -0.0611153
FixedParameters: 0 0 0

#Transform 30
Transform: AffineTransform_float_3_3
Parameters: 0.999999 -0.00124093 -0.00124508 0.00124508 0.999994 0.00327745 0.00124093 -0.00327854 0.999994 -0.0180922 -0.0279884 -0.0733487
FixedParameters: 0 0 0

#Transform 31
Transform: AffineTransform_float_3_3
Parameters: 0.999998 -0.0012455 -0.00114182 0.0012485 0.999995 0.00306658 0.00113818 -0.00306742 0.999994 -0.0306166 -0.0155988 -0.0609318
FixedParameters: 0 0 0

#Transform 32
Transform: AffineTransform_float_3_3
Parameters: 0.999998 -0.000906371 -0.00130752 0.000910629 0.999995 0.00277681 0.00130548 -0.00277819 0.999996 -0.0364307 -0.0218063 -0.0739657
FixedParameters: 0 0 0

#Transform 33
Transform: AffineTransform_float_3_3
Parameters: 0.999999 -0.000540105 -0.000729407 0.000541896 0.999997 0.00259961 0.000728593 -0.0026004 0.999997 -0.0590746 -0.0171288 -0.0681937
FixedParameters: 0 0 0

#Transform 34
Transform: AffineTransform_float_3_3
Parameters: 0.999999 -0.000217848 -0.00129154 0.000220151 0.999997 0.00244072 0.00129047 -0.00244128 0.999996 -0.0740708 -0.00390492 -0.0753389
FixedParameters: 0 0 0

#Transform 35
Transform: AffineTransform_float_3_3
Parameters: 1 3.69559e-05 -0.00122291 -3.40439e-05 0.999997 0.00241704 0.00122309 -0.00241696 0.999997 -0.0669084 -0.0424115 -0.066036
FixedParameters: 0 0 0

#Transform 36
Transform: AffineTransform_float_3_3
Parameters: 0.999999 -0.000446559 -0.000838304 0.000449439 0.999995 0.00291262 0.000836694 -0.00291338 0.999996 -0.0876459 -0.038772 -0.0398842
FixedParameters: 0 0 0

#Transform 37
Transform: AffineTransform_float_3_3
Parameters: 1 -0.000503679 -0.000391705 0.000504322 0.999994 0.0033798 0.000390298 -0.0033802 0.999994 -0.0860851 -0.0752572 -0.0480725
FixedParameters: 0 0 0

#Transform 38
Transform: AffineTransform_float_3_3
Parameters: 1 -0.000462787 -8.02373e-05 0.000462215 0.999997 0.00267297 7.97648e-05 -0.00267304 0.999997 -0.116146 -0.0263579 -0.0740184
FixedParameters: 0 0 0

#Transform 39
Transform: AffineTransform_float_3_3
Parameters: 0.999999 -0.000462989 -0.000638463 0.000465009 0.999995 0.0031527 0.000636537 -0.00315329 0.999995 -0.0917415 -0.0513434 -0.0664529
FixedParameters: 0 0 0

#Transform 40
Transform: AffineTransform_float_3_3
Parameters: 0.999999 -0.000646768 -0.000776862 0.000649231 0.999995 0.00287549 0.000775136 -0.0028755 0.999995 -0.0852667 -0.0347141 -0.065858
FixedParameters: 0 0 0

#Transform 41
Transform: AffineTransform_float_3_3
Parameters: 1 -0.000749753 -0.000710379 0.000752249 0.999994 0.00316747 0.00070862 -0.00316853 0.999994 -0.0765996 -0.0569167 -0.0655703
FixedParameters: 0 0 0

#Transform 42
Transform: AffineTransform_float_3_3
Parameters: 1 -0.000475131 -0.000930471 0.000477869 0.999995 0.00308656 0.00092853 -0.00308644 0.999995 -0.0843892 -0.0510147 -0.0634392
FixedParameters: 0 0 0

#Transform 43
Transform: AffineTransform_float_3_3
Parameters: 1 -0.000430702 -0.00106933 0.000434301 0.999995 0.00308654 0.00106866 -0.00308646 0.999994 -0.0732917 -0.0589474 -0.0617867
FixedParameters: 0 0 0

#Transform 44
Transform: AffineTransform_float_3_3
Parameters: 0.999999 -0.000525815 -0.000748539 0.000527185 0.999995 0.00292061 0.000747463 -0.00292139 0.999996 -0.0671901 -0.039061 -0.0658149
FixedParameters: 0 0 0

#Transform 45
Transform: AffineTransform_float_3_3
Parameters: 1 -0.00041921 -0.00104413 0.000421794 0.999997 0.00267456 0.00104388 -0.00267444 0.999996 -0.0573036 -0.0191455 -0.0792254
FixedParameters: 0 0 0

#Transform 46
Transform: AffineTransform_float_3_3
Parameters: 1 -0.000592353 -0.000907733 0.000594648 0.999995 0.00291846 0.000906269 -0.00291854 0.999996 -0.0620584 -0.0421706 -0.0640784
FixedParameters: 0 0 0

#Transform 47
Transform: AffineTransform_float_3_3
Parameters: 0.999999 -0.000479307 -0.000671211 0.000480692 0.999996 0.00252368 0.000669788 -0.00252432 0.999996 -0.0708996 -0.0250666 -0.0655514
FixedParameters: 0 0 0

#Transform 48
Transform: AffineTransform_float_3_3
Parameters: 1 -0.000556341 -0.000914623 0.00055866 0.999995 0.00290949 0.000913379 -0.00291051 0.999996 -0.0696075 -0.071046 -0.0425633
FixedParameters: 0 0 0

#Transform 49
Transform: AffineTransform_float_3_3
Parameters: 1 -0.000432554 -0.000513222 0.000433445 0.999996 0.00281978 0.00051178 -0.00282022 0.999996 -0.0769525 -0.0429834 -0.030659
FixedParameters: 0 0 0

#Transform 50
Transform: AffineTransform_float_3_3
Parameters: 1 -0.000723951 -0.000931379 0.000727052 0.999995 0.00327833 0.000929622 -0.00327868 0.999994 -0.0566419 -0.0646161 -0.0245747
FixedParameters: 0 0 0

#Transform 51
Transform: AffineTransform_float_3_3
Parameters: 1 -0.00054686 -0.000751562 0.000549139 0.999996 0.00285059 0.000749438 -0.00285041 0.999995 -0.0641124 -0.0214169 -0.0395346
FixedParameters: 0 0 0

#Transform 52
Transform: AffineTransform_float_3_3
Parameters: 0.999999 -0.000641682 -0.00133708 0.000646317 0.999994 0.00323114 0.00133492 -0.00323186 0.999994 -0.0519346 -0.0568463 -0.0438066
FixedParameters: 0 0 0

#Transform 53
Transform: AffineTransform_float_3_3
Parameters: 0.999999 -0.00070775 -0.00104521 0.000711249 0.999995 0.00311226 0.00104279 -0.00311274 0.999994 -0.0620131 -0.0403759 -0.0301945
FixedParameters: 0 0 0

#Transform 54
Transform: AffineTransform_float_3_3
Parameters: 0.999999 -0.000563543 -0.00136185 0.000568457 0.999994 0.00327423 0.00136015 -0.00327477 0.999993 -0.0582925 -0.061261 -0.0260535
FixedParameters: 0 0 0

#Transform 55
Transform: AffineTransform_float_3_3
Parameters: 0.999999 -0.00086999 -0.00118695 0.00087401 0.999994 0.00338197 0.00118405 -0.00338304 0.999994 -0.0504137 -0.0651527 -0.0245106
FixedParameters: 0 0 0

#Transform 56
Transform: AffineTransform_float_3_3
Parameters: 1 -0.000860205 -0.000846849 0.000862792 0.999994 0.00330527 0.000843152 -0.00330673 0.999994 -0.0772416 -0.0546302 -0.0168985
FixedParameters: 0 0 0

#Transform 57
Transform: AffineTransform_float_3_3
Parameters: 0.999999 -0.000457251 -0.00131966 0.000461748 0.999994 0.00360139 0.00131735 -0.00360161 0.999992 -0.057237 -0.0832509 -0.0151173
FixedParameters: 0 0 0

#Transform 58
Transform: AffineTransform_float_3_3
Parameters: 0.999999 -0.000458413 -0.00115443 0.000461587 0.999995 0.00310947 0.00115257 -0.00310953 0.999994 -0.0752231 -0.0685987 0.00654211
FixedParameters: 0 0 0

#Transform 59
Transform: AffineTransform_float_3_3
Parameters: 0.999999 -0.000680077 -0.00106452 0.000683925 0.999993 0.00368927 0.00106248 -0.00368972 0.999992 -0.0649734 -0.0870816 0.00847076
FixedParameters: 0 0 0

#Transform 60
Transform: AffineTransform_float_3_3
Parameters: 1 0.000296688 -0.000503008 -0.000295312 0.999995 0.00335315 0.000503993 -0.00335285 0.999995 -0.0967607 -0.104861 0.075061
FixedParameters: 0 0 0

#Transform 61
Transform: AffineTransform_float_3_3
Parameters: 1 0.000336395 -0.000146094 -0.000336605 0.999997 0.00269605 0.000146908 -0.00269595 0.999997 -0.0951472 -0.0961924 0.0243924
FixedParameters: 0 0 0

#Transform 62
Transform: AffineTransform_float_3_3
Parameters: 1 0.000541212 -9.37825e-05 -0.000540787 0.999998 0.00225005 9.5217e-05 -0.00224995 0.999998 -0.0907762 -0.0587765 -0.0118191
FixedParameters: 0 0 0

#Transform 63
Transform: AffineTransform_float_3_3
Parameters: 1 0.000445603 -0.000293085 -0.000445397 0.999998 0.00205513 0.000293916 -0.00205587 0.999998 -0.0894151 -0.0402388 -0.0325129
FixedParameters: 0 0 0

#Transform 64
Transform: AffineTransform_float_3_3
Parameters: 0.999999 0.000374366 -0.000630191 -0.000373634 0.999997 0.00216624 0.000630811 -0.00216576 0.999998 -0.0838474 -0.0579747 -0.0296021
FixedParameters: 0 0 0

#Transform 65
Transform: AffineTransform_float_3_3
Parameters: 1 0.000316645 -0.000630176 -0.000314355 0.999996 0.0026092 0.000630822 -0.0026088 0.999997 -0.101961 -0.0593235 -0.0138859
FixedParameters: 0 0 0

#Transform 66
Transform: AffineTransform_float_3_3
Parameters: 1 4.81606e-05 -0.000417868 -4.6839e-05 0.999996 0.00277702 0.000418132 -0.00277698 0.999996 -0.0942209 -0.0702876 -0.0305205
FixedParameters: 0 0 0

#Transform 67
Transform: AffineTransform_float_3_3
Parameters: 1 4.5748e-06 -0.000232989 -3.42518e-06 0.999997 0.002467 0.000233009 -0.002467 0.999997 -0.0848183 -0.0505775 -0.0188229
FixedParameters: 0 0 0

#Transform 68
Transform: AffineTransform_float_3_3
Parameters: 1 -8.11273e-05 -0.000344207 8.18724e-05 0.999997 0.00253697 0.000343793 -0.00253603 0.999996 -0.0801159 -0.0499703 -0.0378606
FixedParameters: 0 0 0

#Transform 69
Transform: AffineTransform_float_3_3
Parameters: 1 -9.279e-05 -0.000477237 9.42123e-05 0.999997 0.00253695 0.000477762 -0.00253604 0.999996 -0.0815603 -0.0519658 -0.0363184
FixedParameters: 0 0 0

#Transform 70
Transform: AffineTransform_float_3_3
Parameters: 1 -9.35414e-05 -0.000575239 9.4461e-05 0.999997 0.00253694 0.000575762 -0.00253605 0.999996 -0.0793452 -0.0498458 -0.03523
FixedParameters: 0 0 0

#Transform 71
Transform: AffineTransform_float_3_3
Parameters: 0.999999 -0.000189997 -0.000711537 0.000192004 0.999996 0.00281586 0.000711462 -0.00281614 0.999996 -0.0961159 -0.0839707 -0.0157472
FixedParameters: 0 0 0

#Transform 72
Transform: AffineTransform_float_3_3
Parameters: 0.999999 -0.000137859 -0.000713417 0.000140141 0.999996 0.0030029 0.000712582 -0.0030021 0.999995 -0.1009 -0.077268 -0.0323633
FixedParameters: 0 0 0

#Transform 73
Transform: AffineTransform_float_3_3
Parameters: 0.999999 0.000239845 -0.000855207 -0.000237153 0.999995 0.00332421 0.000856793 -0.0033248 0.999994 -0.0844273 -0.101428 0.0368295
FixedParameters: 0 0 0

#Transform 74
Transform: AffineTransform_float_3_3
Parameters: 0.999999 0.000239307 -0.000720237 -0.000236693 0.999995 0.00320217 0.000720761 -0.00320183 0.999994 -0.0930378 -0.0801698 0.0148751
FixedParameters: 0 0 0

#Transform 75
Transform: AffineTransform_float_3_3
Parameters: 0.999999 0.000239541 -0.000793236 -0.000237459 0.999995 0.00320219 0.000793764 -0.00320181 0.999994 -0.0805976 -0.10519 0.0135959
FixedParameters: 0 0 0

#Transform 76
Transform: AffineTransform_float_3_3
Parameters: 0.999999 3.03807e-05 -0.000769909 -2.8619e-05 0.999995 0.00309202 0.000770092 -0.00309198 0.999995 -0.0856304 -0.0569958 -0.0052875
FixedParameters: 0 0 0

#Transform 77
Transform: AffineTransform_float_3_3
Parameters: 0.999999 -3.54066e-06 -0.000789014 5.4593e-06 0.999995 0.003117 0.000788986 -0.003117 0.999995 -0.0734039 -0.0753752 -0.0146365
FixedParameters: 0 0 0

#Transform 78
Transform: AffineTransform_float_3_3
Parameters: 1 1.12353e-05 -0.000444971 -9.76464e-06 0.999996 0.00277601 0.000445029 -0.002776 0.999996 -0.0845489 -0.0608842 -0.00846782
FixedParameters: 0 0 0

#Transform 79
Transform: AffineTransform_float_3_3
Parameters: 0.999999 0.000239818 -0.000881238 -0.000237183 0.999995 0.00319621 0.000881763 -0.00319679 0.999995 -0.06831 -0.0994607 -0.0165952
FixedParameters: 0 0 0

#Transform 80
Transform: AffineTransform_float_3_3
Parameters: 0.999999 2.96598e-06 -0.000881995 -1.03401e-06 0.999998 0.002229 0.000882004 -0.002229 0.999997 -0.0784973 -0.0313315 -0.0196025
FixedParameters: 0 0 0

#Transform 81
Transform: AffineTransform_float_3_3
Parameters: 0.999999 2.92419e-05 -0.000881929 -2.67578e-05 0.999997 0.00254202 0.000882071 -0.00254198 0.999997 -0.0677438 -0.0649003 -0.0339899
FixedParameters: 0 0 0

#Transform 82
Transform: AffineTransform_float_3_3
Parameters: 1 -3.72746e-06 -0.00058001 4.27251e-06 0.999997 0.002194 0.000579992 -0.002194 0.999998 -0.0764422 -0.0100338 -0.0550981
FixedParameters: 0 0 0

#Transform 83
Transform: AffineTransform_float_3_3
Parameters: 0.999999 0.000238822 -0.000865499 -0.000237176 0.999998 0.00210521 0.000866501 -0.00210479 0.999998 -0.0682867 -0.0363502 -0.0621886
FixedParameters: 0 0 0

#Transform 84
Transform: AffineTransform_float_3_3
Parameters: 0.999999 0.000173553 -0.000756645 -0.000171446 0.999998 0.00205213 0.000757353 -0.00205187 0.999997 -0.0779067 -0.0221133 -0.0456376
FixedParameters: 0 0 0

#Transform 85
Transform: AffineTransform_float_3_3
Parameters: 0.999999 0.000238555 -0.00069747 -0.000237446 0.999998 0.00222917 0.000697531 -0.00222884 0.999998 -0.069009 -0.0535351 -0.0371774
FixedParameters: 0 0 0

#Transform 86
Transform: AffineTransform_float_3_3
Parameters: 0.999999 0.000238208 -0.00069959 -0.000236791 0.999998 0.00172617 0.00070041 -0.00172583 0.999999 -0.0802007 -0.0168314 -0.0459259
FixedParameters: 0 0 0

#Transform 87
Transform: AffineTransform_float_3_3
Parameters: 0.999999 0.000238628 -0.00075849 -0.00023737 0.999997 0.00214618 0.000759511 -0.00214582 0.999998 -0.0724025 -0.0593275 -0.0366756
FixedParameters: 0 0 0

#Transform 88
Transform: AffineTransform_float_3_3
Parameters: 0.999999 0.00023842 -0.000801579 -0.000237579 0.999999 0.00177119 0.000802422 -0.00177081 0.999998 -0.0796778 -0.0184468 -0.0386666
FixedParameters: 0 0 0

#Transform 89
Transform: AffineTransform_float_3_3
Parameters: 0.999999 7.38136e-05 -0.000847844 -7.21859e-05 0.999997 0.00213906 0.000848156 -0.00213894 0.999998 -0.0776894 -0.0534352 -0.033134
FixedParameters: 0 0 0

#Transform 90
Transform: AffineTransform_float_3_3
Parameters: 0.999999 0.000238538 -0.000749512 -0.000237462 0.999998 0.00205218 0.000749488 -0.00205182 0.999997 -0.0885303 -0.0450607 -0.020328
FixedParameters: 0 0 0

#Transform 91
Transform: AffineTransform_float_3_3
Parameters: 1 0.000238046 -0.000644614 -0.000236955 0.999998 0.00162215 0.000644385 -0.00162185 0.999998 -0.0772225 -0.0477079 -0.0226518
FixedParameters: 0 0 0

#Transform 92
Transform: AffineTransform_float_3_3
Parameters: 1 0.000237925 -0.000662668 -0.000237076 0.999999 0.00139616 0.000662331 -0.00139584 0.999999 -0.0691542 -0.0337535 -0.0231101
FixedParameters: 0 0 0

#Transform 93
Transform: AffineTransform_float_3_3
Parameters: 1 0.000238061 -0.000633602 -0.00023694 0.999998 0.00167415 0.000633398 -0.00167385 0.999999 -0.0756259 -0.0230886 -0.0446813
FixedParameters: 0 0 0

#Transform 94
Transform: AffineTransform_float_3_3
Parameters: 1 0.000237782 -0.000440579 -0.000237217 0.999999 0.00177411 0.000441422 -0.0017739 0.999999 -0.06998 -0.0584542 -0.0463722
FixedParameters: 0 0 0

#Transform 95
Transform: AffineTransform_float_3_3
Parameters: 1 0.000120045 -0.000586787 -0.000118955 0.999999 0.00178007 0.000587213 -0.00177993 0.999998 -0.0790113 -0.0261947 -0.0448437
FixedParameters: 0 0 0

#Transform 96
Transform: AffineTransform_float_3_3
Parameters: 1 0.000237876 -0.000445534 -0.000237124 0.999998 0.00196411 0.000446467 -0.00196489 0.999998 -0.0765816 -0.0613922 -0.0349266
FixedParameters: 0 0 0

#Transform 97
Transform: AffineTransform_float_3_3
Parameters: 1 0.000178445 -0.000281718 -0.000178554 0.999998 0.00157905 0.000282282 -0.00157895 0.999998 -0.0821293 -0.0224439 -0.0589094
FixedParameters: 0 0 0

#Transform 98
Transform: AffineTransform_float_3_3
Parameters: 1 4.38765e-05 -0.000400905 -4.31233e-05 0.999997 0.00218602 0.000401095 -0.00218598 0.999997 -0.0767953 0.0346655 -0.0353474
FixedParameters: 0 0 0

#Transform 99
Transform: AffineTransform_float_3_3
Parameters: 0.999999 -0.000252561 -0.000750486 0.000254439 0.999998 0.00191881 0.000749513 -0.00191819 0.999998 -0.0912026 -0.0490703 -0.0344519
FixedParameters: 0 0 0

#Transform 100
Transform: AffineTransform_float_3_3
Parameters: 0.999999 1.15262e-05 -0.000749978 -1.04737e-05 0.999998 0.00203501 0.000750022 -0.00203499 0.999997 -0.0790778 -0.0768589 -0.0293624
FixedParameters: 0 0 0

#Transform 101
Transform: AffineTransform_float_3_3
Parameters: 1 0.000237871 -0.000539617 -0.000237129 0.999998 0.00161313 0.000540383 -0.00161287 0.999998 -0.0876832 -0.0294853 -0.0231087
FixedParameters: 0 0 0

#Transform 102
Transform: AffineTransform_float_3_3
Parameters: 1 -6.50983e-05 -0.000443133 6.59014e-05 0.999998 0.00203497 0.000442867 -0.00203503 0.999998 -0.0748679 -0.0467107 -0.0368701
FixedParameters: 0 0 0

#Transform 103
Transform: AffineTransform_float_3_3
Parameters: 1 0.000106111 -0.000541783 -0.000104888 0.999998 0.00205106 0.000542216 -0.00205094 0.999997 -0.0931874 -0.055232 -0.0224852
FixedParameters: 0 0 0

#Transform 104
Transform: AffineTransform_float_3_3
Parameters: 1 0.000237761 -0.000299397 -0.000237237 0.999996 0.00253907 0.000300603 -0.00253893 0.999996 -0.0815061 -0.0716035 -0.0329367
FixedParameters: 0 0 0

#Transform 105
Transform: AffineTransform_float_3_3
Parameters: 1 0.000237408 -0.00023559 -0.000237591 0.999998 0.00172905 0.000236411 -0.00172894 0.999998 -0.0918341 0.00196202 -0.0463258
FixedParameters: 0 0 0

#Transform 106
Transform: AffineTransform_float_3_3
Parameters: 1 0.000237972 -0.000473512 -0.000237027 0.999998 0.00205211 0.000474487 -0.00205189 0.999998 -0.0990211 -0.0714459 -0.0325273
FixedParameters: 0 0 0

#Transform 107
Transform: AffineTransform_float_3_3
Parameters: 1 0.000136982 -0.000473717 -0.000136018 0.999998 0.00207206 0.000474283 -0.00207193 0.999997 -0.104148 -0.0384888 -0.0262559
FixedParameters: 0 0 0

#Transform 108
Transform: AffineTransform_float_3_3
Parameters: 1 1.2144e-05 -0.000553976 -1.0856e-05 0.999998 0.00206501 0.000554023 -0.00206499 0.999997 -0.0920846 -0.0781518 -0.025895
FixedParameters: 0 0 0

#Transform 109
Transform: AffineTransform_float_3_3
Parameters: 1 -4.90894e-05 -0.000474095 4.99105e-05 0.999998 0.00192098 0.000473905 -0.00192102 0.999998 -0.0963288 -0.0561754 -0.00890167
FixedParameters: 0 0 0

#Transform 110
Transform: AffineTransform_float_3_3
Parameters: 1 4.72673e-05 -0.000473875 -4.57324e-05 0.999997 0.00267402 0.000474124 -0.00267398 0.999997 -0.0906646 -0.0931208 0.00127964
FixedParameters: 0 0 0

#Transform 111
Transform: AffineTransform_float_3_3
Parameters: 1 0.000238116 -0.00047344 -0.000236883 0.999997 0.00235611 0.000474559 -0.00235589 0.999997 -0.106467 -0.0729091 0.00543272
FixedParameters: 0 0 0

#Transform 112
Transform: AffineTransform_float_3_3
Parameters: 1 0.000238415 -0.000477296 -0.000237585 0.999995 0.00296311 0.000477706 -0.00296289 0.999996 -0.0960594 -0.116992 0.0204165
FixedParameters: 0 0 0

#Transform 113
Transform: AffineTransform_float_3_3
Parameters: 0.999999 -0.000579096 -0.00121339 0.000581903 0.999997 0.0023943 0.00121161 -0.0023947 0.999997 -0.0356863 -0.0292395 0.0204309
FixedParameters: 0 0 0

#Transform 114
Transform: AffineTransform_float_3_3
Parameters: 0.999868 -0.0111628 -0.0118014 0.0113762 0.999771 0.0181551 0.0115966 -0.0182869 0.999765 0.331791 -0.296612 0.629876
FixedParameters: 0 0 0

#Transform 115
Transform: AffineTransform_float_3_3
Parameters: 0.99995 -0.00618617 -0.00795013 0.00633983 0.999791 0.0194726 0.00782788 -0.0195214 0.999779 0.136129 -0.324468 0.68477
FixedParameters: 0 0 0

#Transform 116
Transform: AffineTransform_float_3_3
Parameters: 0.99997 -0.00403505 -0.00657773 0.00414496 0.999851 0.0167883 0.00650928 -0.0168158 0.999838 0.0758016 -0.24464 0.599191
FixedParameters: 0 0 0

#Transform 117
Transform: AffineTransform_float_3_3
Parameters: 0.999979 -0.0030598 -0.00569813 0.00314621 0.99988 0.0151794 0.00565186 -0.0151976 0.999868 0.0206222 -0.240719 0.469125
FixedParameters: 0 0 0

#Transform 118
Transform: AffineTransform_float_3_3
Parameters: 0.999984 -0.00235296 -0.0052709 0.00242104 0.999914 0.0129385 0.0052401 -0.0129516 0.999903 0.0112268 -0.23161 0.374777
FixedParameters: 0 0 0

#Transform 119
Transform: AffineTransform_float_3_3
Parameters: 0.999987 -0.00216415 -0.00450179 0.00221784 0.999929 0.0117682 0.0044752 -0.0117778 0.99992 0.00867538 -0.187612 0.30707
FixedParameters: 0 0 0

#Transform 120
Transform: AffineTransform_float_3_3
Parameters: 0.999988 -0.00205106 -0.00445686 0.00209995 0.999937 0.0110058 0.00443415 -0.0110142 0.99993 0.0182068 -0.190042 0.282958
FixedParameters: 0 0 0

#Transform 121
Transform: AffineTransform_float_3_3
Parameters: 0.999989 -0.00201963 -0.0043911 0.00206737 0.999939 0.01081 0.0043689 -0.0108189 0.999932 0.00827627 -0.199746 0.305837
FixedParameters: 0 0 0

#Transform 122
Transform: AffineTransform_float_3_3
Parameters: 0.999989 -0.00216386 -0.00420747 0.00220714 0.999945 0.0102748 0.00418553 -0.0102842 0.999939 0.00235707 -0.179522 0.270429
FixedParameters: 0 0 0

#Transform 123
Transform: AffineTransform_float_3_3
Parameters: 0.99999 -0.00195074 -0.00407552 0.00199027 0.999949 0.00989899 0.00405649 -0.00990701 0.999942 -9.92246e-05 -0.199374 0.260187
FixedParameters: 0 0 0

#Transform 124
Transform: AffineTransform_float_3_3
Parameters: 0.999991 -0.0017776 -0.00388685 0.0018144 0.999955 0.00938104 0.00387014 -0.00938797 0.999949 0.00279348 -0.157404 0.230802
FixedParameters: 0 0 0

#Transform 125
Transform: AffineTransform_float_3_3
Parameters: 0.999992 -0.00162892 -0.00370019 0.00166307 0.999956 0.00922492 0.00368481 -0.00923107 0.99995 -0.000585618 -0.183963 0.247839
FixedParameters: 0 0 0

#Transform 126
Transform: AffineTransform_float_3_3
Parameters: 0.999993 -0.0017205 -0.00353999 0.0017515 0.999961 0.00863186 0.00352501 -0.00863813 0.999956 -0.00492377 -0.159268 0.198647
FixedParameters: 0 0 0

#Transform 127
Transform: AffineTransform_float_3_3
Parameters: 0.999992 -0.00166747 -0.00370183 0.00169954 0.99996 0.00880378 0.00368718 -0.00880922 0.999955 -0.00437693 -0.176512 0.20925
FixedParameters: 0 0 0

#Transform 128
Transform: AffineTransform_float_3_3
Parameters: 0.999993 -0.00164645 -0.00341093 0.00167455 0.999964 0.00838335 0.00339708 -0.00838866 0.999959 -0.00978488 -0.156706 0.195854
FixedParameters: 0 0 0

#Transform 129
Transform: AffineTransform_float_3_3
Parameters: 0.999995 -0.00186054 -0.002811 0.00188246 0.999966 0.00800875 0.00279601 -0.00801425 0.999964 -0.0148267 -0.143299 0.180065
FixedParameters: 0 0 0

#Transform 130
Transform: AffineTransform_float_3_3
Parameters: 0.999996 -0.00162867 -0.00259225 0.00164834 0.99997 0.00747276 0.00258075 -0.00747723 0.999968 -0.0223403 -0.145022 0.158535
FixedParameters: 0 0 0

#Transform 131
Transform: AffineTransform_float_3_3
Parameters: 0.999997 -0.00133613 -0.00234412 0.00135287 0.999976 0.00678386 0.00233488 -0.00678715 0.999974 -0.027189 -0.125906 0.152875
FixedParameters: 0 0 0

#Transform 132
Transform: AffineTransform_float_3_3
Parameters: 0.999996 -0.0012882 -0.00247136 0.0013058 0.999973 0.0072138 0.00246264 -0.0072172 0.999971 -0.0307699 -0.15225 0.173931
FixedParameters: 0 0 0

#Transform 133
Transform: AffineTransform_float_3_3
Parameters: 0.999996 -0.00131588 -0.00223796 0.00133112 0.999976 0.00677004 0.00222904 -0.00677295 0.999974 -0.0274075 -0.128767 0.133587
FixedParameters: 0 0 0

#Transform 134
Transform: AffineTransform_float_3_3
Parameters: 0.999996 -0.00141271 -0.00265336 0.00143229 0.999973 0.00728424 0.00264264 -0.00728777 0.99997 -0.0290132 -0.142045 0.153929
FixedParameters: 0 0 0

#Transform 135
Transform: AffineTransform_float_3_3
Parameters: 0.999997 -0.00125533 -0.0021586 0.00127067 0.999976 0.00680828 0.0021494 -0.00681072 0.999974 -0.0313681 -0.110071 0.135793
FixedParameters: 0 0 0

#Transform 136
Transform: AffineTransform_float_3_3
Parameters: 0.999996 -0.00137793 -0.00251244 0.00139508 0.999976 0.00680752 0.00250356 -0.00681047 0.999973 -0.0456754 -0.138603 0.177761
FixedParameters: 0 0 0

#Transform 137
Transform: AffineTransform_float_3_3
Parameters: 0.999998 -0.000829135 -0.0021857 0.000843868 0.999977 0.00680918 0.00218031 -0.00681083 0.999975 -0.041895 -0.147166 0.174234
FixedParameters: 0 0 0

#Transform 138
Transform: AffineTransform_float_3_3
Parameters: 0.999999 -0.000470775 -0.00149761 0.000479221 0.999985 0.00549629 0.00149439 -0.00549671 0.999984 -0.0523113 -0.120341 0.169357
FixedParameters: 0 0 0

#Transform 139
Transform: AffineTransform_float_3_3
Parameters: 1 3.93342e-05 -0.00114483 -3.3665e-05 0.999989 0.00465904 0.00114517 -0.00465896 0.999989 -0.079374 -0.129314 0.12998
FixedParameters: 0 0 0

#Transform 140
Transform: AffineTransform_float_3_3
Parameters: 1 2.49346e-05 -0.00120689 -1.90698e-05 0.999988 0.00491703 0.00120611 -0.00491697 0.999987 -0.0505321 -0.117375 0.124974
FixedParameters: 0 0 0

#Transform 141
Transform: AffineTransform_float_3_3
Parameters: 1 -0.000288746 -0.00115333 0.000294258 0.999989 0.00455866 0.00115267 -0.00455833 0.999989 -0.0497672 -0.074525 0.0879934
FixedParameters: 0 0 0

#Transform 142
Transform: AffineTransform_float_3_3
Parameters: 0.999999 -0.000704809 -0.00122857 0.000710188 0.999987 0.00504613 0.00122443 -0.00504687 0.999986 -0.02496 -0.114051 0.108291
FixedParameters: 0 0 0

#Transform 143
Transform: AffineTransform_float_3_3
Parameters: 0.999999 -0.00083142 -0.0016688 0.000838581 0.99999 0.00454661 0.0016652 -0.0045484 0.999989 -0.0344099 -0.0680886 0.0872512
FixedParameters: 0 0 0

#Transform 144
Transform: AffineTransform_float_3_3
Parameters: 0.999998 -0.000807667 -0.00186607 0.000817333 0.999987 0.00500648 0.00186193 -0.00500751 0.999985 -0.016829 -0.0927932 0.090044
FixedParameters: 0 0 0

#Transform 145
Transform: AffineTransform_float_3_3
Parameters: 0.999999 -0.000732207 -0.00163506 0.000738795 0.999991 0.0041588 0.00163194 -0.0041592 0.99999 -0.0359016 -0.0665133 0.12914
FixedParameters: 0 0 0

#Transform 146
Transform: AffineTransform_float_3_3
Parameters: 0.999999 -0.000568988 -0.00147373 0.000576008 0.999988 0.00476215 0.00147027 -0.00476284 0.999987 -0.0398734 -0.120546 0.129299
FixedParameters: 0 0 0

#Transform 147
Transform: AffineTransform_float_3_3
Parameters: 0.999999 -0.000569321 -0.0014736 0.000575676 0.999989 0.00453615 0.0014704 -0.00453684 0.999988 -0.0496598 -0.107508 0.127891
FixedParameters: 0 0 0

#Transform 148
Transform: AffineTransform_float_3_3
Parameters: 0.999998 -0.000568484 -0.00164362 0.000575518 0.99999 0.00457606 0.00164138 -0.00457694 0.999988 -0.0460586 -0.1263 0.131261
FixedParameters: 0 0 0

#Transform 149
Transform: AffineTransform_float_3_3
Parameters: 0.999999 -0.000569867 -0.00139652 0.000575135 0.99999 0.0043952 0.00139449 -0.0043958 0.99999 -0.0541859 -0.113501 0.111012
FixedParameters: 0 0 0

#Transform 150
Transform: AffineTransform_float_3_3
Parameters: 0.999998 -0.000568005 -0.00158788 0.000575995 0.999987 0.00503909 0.00158512 -0.00503991 0.999986 -0.0433944 -0.130605 0.115172
FixedParameters: 0 0 0

#Transform 151
Transform: AffineTransform_float_3_3
Parameters: 0.999998 -0.000392745 -0.001639 0.000401255 0.999987 0.00503935 0.001637 -0.00503965 0.999986 -0.0473109 -0.136037 0.132506
FixedParameters: 0 0 0

#Transform 152
Transform: AffineTransform_float_3_3
Parameters: 0.999999 -0.000528114 -0.00134373 0.000534881 0.999986 0.00512828 0.00134027 -0.00512971 0.999986 -0.0472697 -0.121184 0.122676
FixedParameters: 0 0 0

#Transform 153
Transform: AffineTransform_float_3_3
Parameters: 0.999999 -0.000458427 -0.00170233 0.000467572 0.999987 0.00503921 0.00169967 -0.00503979 0.999986 -0.0372608 -0.129121 0.110623
FixedParameters: 0 0 0

#Transform 154
Transform: AffineTransform_float_3_3
Parameters: 0.999999 -0.000471948 -0.00179913 0.000480052 0.99999 0.00447815 0.00179687 -0.00447886 0.999989 -0.048151 -0.101411 0.101494
FixedParameters: 0 0 0

#Transform 155
Transform: AffineTransform_float_3_3
Parameters: 0.999998 -0.000277464 -0.00158234 0.000285533 0.999988 0.00476355 0.00158066 -0.00476444 0.999988 -0.0483257 -0.112221 0.114224
FixedParameters: 0 0 0

#Transform 156
Transform: AffineTransform_float_3_3
Parameters: 0.999998 -0.000378588 -0.0015718 0.000386413 0.999989 0.0047184 0.00157019 -0.0047186 0.999987 -0.0600349 -0.0934104 0.129172
FixedParameters: 0 0 0

#Transform 157
Transform: AffineTransform_float_3_3
Parameters: 0.999999 -0.00057505 -0.0011445 0.000579949 0.999991 0.00433034 0.0011415 -0.00433066 0.99999 -0.0575438 -0.107249 0.116076
FixedParameters: 0 0 0

#Transform 158
Transform: AffineTransform_float_3_3
Parameters: 0.999999 -0.000499188 -0.0014284 0.000505815 0.999989 0.00477228 0.0014266 -0.00477372 0.999987 -0.0417578 -0.136416 0.0994126
FixedParameters: 0 0 0

#Transform 159
Transform: AffineTransform_float_3_3
Parameters: 0.999999 -0.000547803 -0.00132516 0.000552197 0.999992 0.00392527 0.00132284 -0.00392573 0.999991 -0.0484179 -0.0703881 0.0762616
FixedParameters: 0 0 0

#Transform 160
Transform: AffineTransform_float_3_3
Parameters: 0.999998 -0.000247829 -0.00167508 0.00025417 0.999991 0.00428158 0.00167393 -0.00428242 0.99999 -0.033225 -0.107108 0.0991838
FixedParameters: 0 0 0

#Transform 161
Transform: AffineTransform_float_3_3
Parameters: 0.999999 -0.000250173 -0.00122899 0.000254827 0.999992 0.00392869 0.00122801 -0.00392931 0.999992 -0.0463569 -0.0912054 0.107001
FixedParameters: 0 0 0

#Transform 162
Transform: AffineTransform_float_3_3
Parameters: 0.999999 -0.000249941 -0.00128799 0.000254059 0.999992 0.00392868 0.00128701 -0.00392933 0.999992 -0.0395025 -0.101265 0.0833065
FixedParameters: 0 0 0

#Transform 163
Transform: AffineTransform_float_3_3
Parameters: 0.999999 -0.000509826 -0.00129105 0.000515172 0.999992 0.00400934 0.00128894 -0.00401066 0.999991 -0.040294 -0.112948 0.0892749
FixedParameters: 0 0 0

#Transform 164
Transform: AffineTransform_float_3_3
Parameters: 1 -0.000377004 -0.00104845 0.000380995 0.999992 0.0038146 0.00104656 -0.0038144 0.999992 -0.0442107 -0.0846328 0.0948722
FixedParameters: 0 0 0

#Transform 165
Transform: AffineTransform_float_3_3
Parameters: 1 -0.000249933 -0.00113113 0.000254068 0.99999 0.00448272 0.00112987 -0.00448229 0.99999 -0.0441716 -0.131671 0.105989
FixedParameters: 0 0 0

#Transform 166
Transform: AffineTransform_float_3_3
Parameters: 1 -0.000250499 -0.001143 0.000254501 0.999992 0.00393971 0.00114201 -0.00394029 0.999991 -0.0441686 -0.103613 0.107483
FixedParameters: 0 0 0

#Transform 167
Transform: AffineTransform_float_3_3
Parameters: 0.999998 0.000114912 -0.00163846 -0.000107092 0.999989 0.00482718 0.00163854 -0.00482782 0.999987 -0.0691264 -0.122365 0.209536
FixedParameters: 0 0 0

#Transform 168
Transform: AffineTransform_float_3_3
Parameters: 1 9.09855e-05 0.000133696 -9.20168e-05 0.999971 0.00760799 -0.000133304 -0.00760801 0.999971 -0.100605 -0.259315 0.467918
FixedParameters: 0 0 0

#Transform 169
Transform: AffineTransform_float_3_3
Parameters: 1 0.000877055 -0.00068484 -0.000872952 0.999982 0.00589761 0.000689161 -0.0058974 0.999983 -0.142586 -0.164637 0.414365
FixedParameters: 0 0 0

#Transform 170
Transform: AffineTransform_float_3_3
Parameters: 1 0.000986608 -0.000526139 -0.000984394 0.999988 0.00493352 0.000530862 -0.00493248 0.999987 -0.134168 -0.161823 0.328762
FixedParameters: 0 0 0

#Transform 171
Transform: AffineTransform_float_3_3
Parameters: 0.999999 0.00108328 -0.000811645 -0.00107972 0.999992 0.00402688 0.000816355 -0.00402612 0.999992 -0.161526 -0.101039 0.260357
FixedParameters: 0 0 0

#Transform 172
Transform: AffineTransform_float_3_3
Parameters: 0.999999 0.00090609 0.00108014 -0.000910914 0.999989 0.00455402 -0.00107686 -0.00455498 0.999989 -0.151954 -0.129398 0.191844
FixedParameters: 0 0 0

#Transform 173
Transform: AffineTransform_float_3_3
Parameters: 0.999998 0.000865617 0.00149805 -0.000875382 0.999975 0.00694469 -0.00149196 -0.0069453 0.999975 -0.167047 -0.226006 0.381396
FixedParameters: 0 0 0

#Transform 174
Transform: AffineTransform_float_3_3
Parameters: 0.999998 0.00128999 0.00111236 -0.00129801 0.999973 0.00722957 -0.00110364 -0.00723144 0.999973 -0.162849 -0.225997 0.459734
FixedParameters: 0 0 0

#Transform 175
Transform: AffineTransform_float_3_3
Parameters: 0.999998 0.00191744 -0.000140641 -0.00191556 0.999953 0.00957829 0.000159354 -0.00957772 0.999954 -0.130329 0.0428619 0.573953
FixedParameters: 0 0 0

#Transform 176
Transform: AffineTransform_float_3_3
Parameters: 0.999995 0.002287 -0.00188908 -0.002256 0.999866 0.0162553 0.00192592 -0.0162507 0.999866 -0.141873 -0.26886 0.822301
FixedParameters: 0 0 0

#Transform 177
Transform: AffineTransform_float_3_3
Parameters: 0.999994 0.00289586 -0.00165809 -0.00287514 0.999919 0.0124458 0.00169391 -0.0124412 0.999921 -0.127546 -0.231173 0.589167
FixedParameters: 0 0 0

#Transform 178
Transform: AffineTransform_float_3_3
Parameters: 0.999998 2.2449e-05 -0.00177692 -1.45506e-05 0.999991 0.00419203 0.00177707 -0.00419197 0.999989 0.0712102 0.0154819 0.120125
FixedParameters: 0 0 0

#Transform 179
Transform: AffineTransform_float_3_3
Parameters: 0.999997 0.0022455 -0.000891746 -0.0022415 0.999985 0.00501801 0.000903257 -0.00501599 0.999987 -0.0813513 -0.137421 0.304471
FixedParameters: 0 0 0

#Transform 180
Transform: AffineTransform_float_3_3
Parameters: 0.999995 0.00274489 -0.00107661 -0.00274011 0.999986 0.00451797 0.00108839 -0.00451503 0.999989 -0.103327 -0.150082 0.305214
FixedParameters: 0 0 0

#Transform 181
Transform: AffineTransform_float_3_3
Parameters: 0.999996 0.00284411 -0.000937642 -0.0028399 0.999987 0.00434968 0.000950359 -0.00434732 0.99999 -0.101977 -0.16062 0.327566
FixedParameters: 0 0 0

#Transform 182
Transform: AffineTransform_float_3_3
Parameters: 0.999995 0.00292903 -0.00107509 -0.00292497 0.999989 0.00372816 0.00108591 -0.00372484 0.999993 -0.11104 -0.14044 0.295248
FixedParameters: 0 0 0

#Transform 183
Transform: AffineTransform_float_3_3
Parameters: 0.999995 0.00311747 -0.0012939 -0.00311153 0.999987 0.00420905 0.0013061 -0.00420495 0.999991 -0.10282 -0.152474 0.316284
FixedParameters: 0 0 0

#Transform 184
Transform: AffineTransform_float_3_3
Parameters: 0.999995 0.00311389 -0.000508561 -0.00311211 0.999989 0.0036756 0.000520441 -0.0036744 0.999993 -0.11642 -0.132723 0.293473
FixedParameters: 0 0 0

#Transform 185
Transform: AffineTransform_float_3_3
Parameters: 0.999996 0.00290674 6.15343e-05 -0.00290725 0.999985 0.00465584 -4.74641e-05 -0.00465616 0.999989 -0.133686 -0.161887 0.361603
FixedParameters: 0 0 0

#Transform 186
Transform: AffineTransform_float_3_3
Parameters: 0.999996 0.00305776 -0.000178452 -0.00305624 0.999987 0.00410456 0.000191547 -0.00410443 0.999991 -0.143929 -0.170331 0.316195
FixedParameters: 0 0 0

#Transform 187
Transform: AffineTransform_float_3_3
