# transform file /out/sourcedata/freesurfer/sub-v1s23x0050555_ses-1/mri/transforms/cc_up.lta
# created by oesteban on Thu Mar 12 17:46:50 2026

type      = 0 # LINEAR_VOX_TO_VOX
nxforms   = 1
mean      = 130.0000 133.0000 127.0000
sigma     = 10000.0000
1 4 4
9.994608163833618e-01 -1.783216558396816e-02 -2.757006324827671e-02 3.651122808456421e+00 
1.782538555562496e-02 9.998410344123840e-01 -4.917121259495616e-04 1.276426601409912e+01 
2.757444605231285e-02 0.000000000000000e+00 9.996197223663330e-01 7.469206333160400e+00 
0.000000000000000e+00 0.000000000000000e+00 0.000000000000000e+00 1.000000000000000e+00 
src volume info
valid = 1  # volume info valid
filename = /out/sourcedata/freesurfer/sub-v1s23x0050555_ses-1/mri/norm.mgz
volume = 256 256 256
voxelsize = 1.000000000000000e+00 1.000000000000000e+00 1.000000000000000e+00
xras   = -1.000000000000000e+00 0.000000000000000e+00 0.000000000000000e+00
yras   = 0.000000000000000e+00 0.000000000000000e+00 -1.000000000000000e+00
zras   = 0.000000000000000e+00 1.000000000000000e+00 0.000000000000000e+00
cras   = 2.706520080566406e+01 -4.686119079589844e+01 1.256083679199219e+01
dst volume info
valid = 1  # volume info valid
filename = /out/sourcedata/freesurfer/sub-v1s23x0050555_ses-1/mri/norm.mgz
volume = 256 256 256
voxelsize = 1.000000000000000e+00 1.000000000000000e+00 1.000000000000000e+00
xras   = -1.000000000000000e+00 0.000000000000000e+00 0.000000000000000e+00
yras   = 0.000000000000000e+00 0.000000000000000e+00 -1.000000000000000e+00
zras   = 0.000000000000000e+00 1.000000000000000e+00 0.000000000000000e+00
cras   = 2.706520080566406e+01 -4.686119079589844e+01 1.256083679199219e+01
