# transform file /out/sourcedata/freesurfer/sub-v1s23x0050621_ses-1/mri/transforms/cc_up.lta
# created by oesteban on Mon Mar  9 22:36:41 2026

type      = 0 # LINEAR_VOX_TO_VOX
nxforms   = 1
mean      = 129.0000 131.0000 118.0000
sigma     = 10000.0000
1 4 4
9.955452680587769e-01 5.475130677223206e-02 -7.676009833812714e-02 1.284027338027954e+00 
-5.458928272128105e-02 9.985001087188721e-01 4.209029022604227e-03 2.077704048156738e+01 
7.687541097402573e-02 0.000000000000000e+00 9.970408082008362e-01 1.338539505004883e+01 
0.000000000000000e+00 0.000000000000000e+00 0.000000000000000e+00 1.000000000000000e+00 
src volume info
valid = 1  # volume info valid
filename = /out/sourcedata/freesurfer/sub-v1s23x0050621_ses-1/mri/norm.mgz
volume = 256 256 256
voxelsize = 1.000000000000000e+00 1.000000000000000e+00 1.000000000000000e+00
xras   = -1.000000000000000e+00 0.000000000000000e+00 0.000000000000000e+00
yras   = 0.000000000000000e+00 0.000000000000000e+00 -1.000000000000000e+00
zras   = 0.000000000000000e+00 1.000000000000000e+00 0.000000000000000e+00
cras   = 2.779434204101562e+00 7.732711791992188e+00 -1.318479919433594e+01
dst volume info
valid = 1  # volume info valid
filename = /out/sourcedata/freesurfer/sub-v1s23x0050621_ses-1/mri/norm.mgz
volume = 256 256 256
voxelsize = 1.000000000000000e+00 1.000000000000000e+00 1.000000000000000e+00
xras   = -1.000000000000000e+00 0.000000000000000e+00 0.000000000000000e+00
yras   = 0.000000000000000e+00 0.000000000000000e+00 -1.000000000000000e+00
zras   = 0.000000000000000e+00 1.000000000000000e+00 0.000000000000000e+00
cras   = 2.779434204101562e+00 7.732711791992188e+00 -1.318479919433594e+01
