# transform file /out/sourcedata/freesurfer/sub-v1s23x0050566_ses-1/mri/transforms/cc_up.lta
# created by oesteban on Mon Mar  9 20:12:25 2026

type      = 0 # LINEAR_VOX_TO_VOX
nxforms   = 1
mean      = 126.0000 150.0000 113.0000
sigma     = 10000.0000
1 4 4
9.991852641105652e-01 1.756105758249760e-02 -3.633528575301170e-02 3.490783214569092e+00 
-1.754945702850819e-02 9.998457431793213e-01 6.381844868883491e-04 -1.833511352539062e+00 
3.634088858962059e-02 0.000000000000000e+00 9.993394017219543e-01 2.148842430114746e+01 
0.000000000000000e+00 0.000000000000000e+00 0.000000000000000e+00 1.000000000000000e+00 
src volume info
valid = 1  # volume info valid
filename = /out/sourcedata/freesurfer/sub-v1s23x0050566_ses-1/mri/norm.mgz
volume = 256 256 256
voxelsize = 1.000000000000000e+00 1.000000000000000e+00 1.000000000000000e+00
xras   = -1.000000000000000e+00 0.000000000000000e+00 0.000000000000000e+00
yras   = 0.000000000000000e+00 0.000000000000000e+00 -1.000000000000000e+00
zras   = 0.000000000000000e+00 1.000000000000000e+00 0.000000000000000e+00
cras   = 4.073707580566406e+01 -4.959556579589844e+01 1.802958679199219e+01
dst volume info
valid = 1  # volume info valid
filename = /out/sourcedata/freesurfer/sub-v1s23x0050566_ses-1/mri/norm.mgz
volume = 256 256 256
voxelsize = 1.000000000000000e+00 1.000000000000000e+00 1.000000000000000e+00
xras   = -1.000000000000000e+00 0.000000000000000e+00 0.000000000000000e+00
yras   = 0.000000000000000e+00 0.000000000000000e+00 -1.000000000000000e+00
zras   = 0.000000000000000e+00 1.000000000000000e+00 0.000000000000000e+00
cras   = 4.073707580566406e+01 -4.959556579589844e+01 1.802958679199219e+01
