#Insight Transform File V1.0
#Transform 0
Transform: AffineTransform_float_3_3
Parameters: 1 -0.000152998 5.30044e-05 0.000153002 1 -2.89919e-05 -5.29956e-05 2.90081e-05 1 0.000908895 -0.0370077 0.366469
FixedParameters: 0 0 0

#Transform 1
Transform: AffineTransform_float_3_3
Parameters: 0.999999 0.000583359 0.000682693 -0.000582641 0.999999 -0.000525398 -0.000683306 0.000525601 0.999999 0.0165147 0.196934 -0.118594
FixedParameters: 0 0 0

#Transform 2
Transform: AffineTransform_float_3_3
Parameters: 0.999999 0.00122886 0.000309547 -0.00122914 0.999999 0.00044462 -0.000308453 -0.000445379 1 0.0331935 0.201803 -0.263883
FixedParameters: 0 0 0

#Transform 3
Transform: AffineTransform_float_3_3
Parameters: 0.999999 0.00122906 -0.000153513 -0.00122894 0.999999 0.000396189 0.000154487 -0.00039581 1 0.0295563 0.273957 -0.264804
FixedParameters: 0 0 0

#Transform 4
Transform: AffineTransform_float_3_3
Parameters: 0.999998 0.00194912 -0.000138281 -0.00194888 0.999997 0.000882271 0.000139719 -0.000881729 0.999999 0.0110583 0.2583 -0.144957
FixedParameters: 0 0 0

#Transform 5
Transform: AffineTransform_float_3_3
Parameters: 0.999998 0.00205995 4.34328e-05 -0.00206005 0.999997 0.00118091 -4.1567e-05 -0.00118109 1 0.0180716 0.26166 -0.278464
FixedParameters: 0 0 0

#Transform 6
Transform: AffineTransform_float_3_3
Parameters: 0.999997 0.00213861 0.000231637 -0.00213839 0.999997 0.00170051 -0.000228362 -0.00170149 0.999998 0.0213988 0.251186 -0.334461
FixedParameters: 0 0 0

#Transform 7
Transform: AffineTransform_float_3_3
Parameters: 0.999999 0.0017313 0.000309913 -0.0017317 0.999996 0.00225947 -0.000306087 -0.00226053 0.999998 -0.000389381 0.216132 -0.364515
FixedParameters: 0 0 0

#Transform 8
Transform: AffineTransform_float_3_3
Parameters: 0.999998 0.00198222 -9.13538e-05 -0.00198178 0.999996 0.00234419 9.56454e-05 -0.00234382 0.999997 -0.000999081 0.209903 -0.295609
FixedParameters: 0 0 0

#Transform 9
Transform: AffineTransform_float_3_3
Parameters: 0.999999 0.00179483 7.41929e-05 -0.00179417 0.999995 0.00233587 -6.98107e-05 -0.00233513 0.999998 0.0029064 0.191085 -0.360681
FixedParameters: 0 0 0

#Transform 10
Transform: AffineTransform_float_3_3
Parameters: 0.999997 0.00211195 0.000364159 -0.00211205 0.999993 0.00291524 -0.000357844 -0.00291576 0.999995 0.00467081 0.1936 -0.39726
FixedParameters: 0 0 0

#Transform 11
Transform: AffineTransform_float_3_3
Parameters: 0.999999 0.00173224 -7.66944e-05 -0.00173176 0.999994 0.00306314 8.23047e-05 -0.00306286 0.999996 0.00196184 0.190827 -0.384754
FixedParameters: 0 0 0

#Transform 12
Transform: AffineTransform_float_3_3
Parameters: 0.999998 0.00199862 -0.000174071 -0.00199838 0.999992 0.00346735 0.000180931 -0.00346765 0.999994 0.0086675 0.188382 -0.402083
FixedParameters: 0 0 0

#Transform 13
Transform: AffineTransform_float_3_3
Parameters: 0.999999 0.00173294 -0.000264915 -0.00173206 0.999993 0.00351246 0.000270084 -0.00351154 0.999994 0.00122504 0.18907 -0.394105
FixedParameters: 0 0 0

#Transform 14
Transform: AffineTransform_float_3_3
Parameters: 0.999998 0.00197134 -8.88701e-05 -0.00197067 0.999992 0.00361719 9.61284e-05 -0.00361682 0.999994 0.00237896 0.188633 -0.39593
FixedParameters: 0 0 0

#Transform 15
Transform: AffineTransform_float_3_3
Parameters: 0.999998 0.0022511 -0.000327525 -0.0022499 0.999992 0.00332175 0.000335473 -0.00332025 0.999995 0.0189023 0.200014 -0.355941
FixedParameters: 0 0 0

#Transform 16
Transform: AffineTransform_float_3_3
Parameters: 0.999997 0.00220546 -0.00011984 -0.00220554 0.99999 0.00370027 0.000128161 -0.00369973 0.999993 0.00655037 0.188335 -0.372808
FixedParameters: 0 0 0

#Transform 17
Transform: AffineTransform_float_3_3
Parameters: 0.999998 0.0020322 -3.84795e-05 -0.00203179 0.999987 0.00468509 4.85194e-05 -0.00468491 0.999989 0.0513897 0.203424 -0.495533
FixedParameters: 0 0 0

#Transform 18
Transform: AffineTransform_float_3_3
Parameters: 0.999997 0.00265462 -0.000588313 -0.00265238 0.999987 0.00440558 0.000599688 -0.00440342 0.99999 0.0577005 0.199771 -0.433742
FixedParameters: 0 0 0

#Transform 19
Transform: AffineTransform_float_3_3
Parameters: 0.999996 0.00256212 -0.000486998 -0.00255988 0.999988 0.00429626 0.000498 -0.00429474 0.99999 0.0481731 0.183163 -0.439687
FixedParameters: 0 0 0

#Transform 20
Transform: AffineTransform_float_3_3
Parameters: 0.999998 0.00205915 -0.000250744 -0.00205785 0.999988 0.00449652 0.000259256 -0.00449647 0.99999 0.0261799 0.204908 -0.470412
FixedParameters: 0 0 0

#Transform 21
Transform: AffineTransform_float_3_3
Parameters: 0.999997 0.00236702 -0.000413571 -0.00236497 0.999985 0.00483099 0.000425429 -0.00483001 0.999988 0.0518188 0.174819 -0.487281
FixedParameters: 0 0 0

#Transform 22
Transform: AffineTransform_float_3_3
Parameters: 0.999997 0.00244887 -0.000608561 -0.00244613 0.999986 0.0046745 0.000620438 -0.0046725 0.999989 0.060275 0.208679 -0.517344
FixedParameters: 0 0 0

#Transform 23
Transform: AffineTransform_float_3_3
Parameters: 0.999997 0.00267247 -0.000494848 -0.00267053 0.999985 0.00492434 0.000508154 -0.00492266 0.999988 0.049604 0.171063 -0.487856
FixedParameters: 0 0 0

#Transform 24
Transform: AffineTransform_float_3_3
Parameters: 0.999997 0.0026427 -0.000536876 -0.0026403 0.999984 0.00496944 0.000550128 -0.00496857 0.999988 0.0615474 0.198882 -0.539161
FixedParameters: 0 0 0

#Transform 25
Transform: AffineTransform_float_3_3
Parameters: 0.999997 0.00266014 -0.000401052 -0.00265786 0.999982 0.00524608 0.000414948 -0.00524491 0.999986 0.0610491 0.209396 -0.56633
FixedParameters: 0 0 0

#Transform 26
Transform: AffineTransform_float_3_3
Parameters: 0.999997 0.00250776 -0.000328815 -0.00250523 0.999983 0.00525984 0.000342181 -0.00525916 0.999986 0.0411195 0.174218 -0.549202
FixedParameters: 0 0 0

#Transform 27
Transform: AffineTransform_float_3_3
Parameters: 0.999998 0.00225632 -0.000426911 -0.00225369 0.999983 0.00536097 0.000438087 -0.00536002 0.999985 0.0623968 0.18575 -0.580131
FixedParameters: 0 0 0

#Transform 28
Transform: AffineTransform_float_3_3
Parameters: 0.999997 0.0022137 -0.000305892 -0.00221129 0.999982 0.00547169 0.000318104 -0.00547131 0.999985 0.0474768 0.157435 -0.56031
FixedParameters: 0 0 0

#Transform 29
Transform: AffineTransform_float_3_3
Parameters: 0.999998 0.0019124 -7.53929e-05 -0.00191159 0.999985 0.00502415 8.56048e-05 -0.00502385 0.999988 0.0245954 0.222668 -0.545086
FixedParameters: 0 0 0

#Transform 30
Transform: AffineTransform_float_3_3
Parameters: 0.999997 0.00235699 -0.000847992 -0.00235301 0.999987 0.00467501 0.000859007 -0.00467299 0.999988 0.0452161 0.212594 -0.450102
FixedParameters: 0 0 0

#Transform 31
Transform: AffineTransform_float_3_3
Parameters: 0.999998 0.00202654 -0.000512028 -0.00202445 0.999986 0.00492405 0.000521973 -0.00492295 0.999987 0.0300774 0.22512 -0.500037
FixedParameters: 0 0 0

#Transform 32
Transform: AffineTransform_float_3_3
Parameters: 0.999998 0.00208362 -0.000729748 -0.00207939 0.999985 0.00492553 0.000739248 -0.00492347 0.999987 0.0457293 0.20326 -0.483744
FixedParameters: 0 0 0

#Transform 33
Transform: AffineTransform_float_3_3
Parameters: 0.999997 0.00229037 -0.000705156 -0.00228663 0.999986 0.00473862 0.000715842 -0.00473737 0.999988 0.0403828 0.203402 -0.45505
FixedParameters: 0 0 0

#Transform 34
Transform: AffineTransform_float_3_3
Parameters: 0.999997 0.00207883 -0.000580979 -0.00207617 0.999986 0.00482422 0.000591021 -0.00482278 0.999988 0.0299028 0.220179 -0.498992
FixedParameters: 0 0 0

#Transform 35
Transform: AffineTransform_float_3_3
Parameters: 0.999997 0.00237943 -0.000644482 -0.00237558 0.999984 0.00526555 0.000656517 -0.00526446 0.999986 0.0378248 0.208487 -0.495527
FixedParameters: 0 0 0

#Transform 36
Transform: AffineTransform_float_3_3
Parameters: 0.999997 0.0022382 -0.000882417 -0.0022338 0.999987 0.00473399 0.000892583 -0.00473202 0.999989 0.0485761 0.265046 -0.427747
FixedParameters: 0 0 0

#Transform 37
Transform: AffineTransform_float_3_3
Parameters: 0.999997 0.00245201 3.50534e-06 -0.00245199 0.999984 0.00510001 8.50526e-06 -0.00509999 0.999987 0.0168113 0.276618 -0.510956
FixedParameters: 0 0 0

#Transform 38
Transform: AffineTransform_float_3_3
Parameters: 0.999996 0.00280428 -0.000573179 -0.00280072 0.99998 0.00564563 0.00058882 -0.00564437 0.999984 0.0515538 0.207936 -0.524762
FixedParameters: 0 0 0

#Transform 39
Transform: AffineTransform_float_3_3
Parameters: 0.999998 0.00228049 -0.000267577 -0.00227951 0.999982 0.00544962 0.000280425 -0.00544837 0.999985 0.0298806 0.234506 -0.532816
FixedParameters: 0 0 0

#Transform 40
Transform: AffineTransform_float_3_3
Parameters: 0.999997 0.00235447 -0.000274699 -0.00235353 0.999983 0.00522666 0.000287303 -0.00522534 0.999987 0.0356638 0.216948 -0.515945
FixedParameters: 0 0 0

#Transform 41
Transform: AffineTransform_float_3_3
Parameters: 0.999996 0.00255942 -0.000620061 -0.00255558 0.999982 0.0054506 0.000633935 -0.0054484 0.999985 0.033116 0.212393 -0.497714
FixedParameters: 0 0 0

#Transform 42
Transform: AffineTransform_float_3_3
Parameters: 0.999998 0.00225231 -0.000254674 -0.00225069 0.999985 0.00503059 0.000266326 -0.00503041 0.999988 0.0235477 0.25248 -0.504143
FixedParameters: 0 0 0

#Transform 43
Transform: AffineTransform_float_3_3
Parameters: 0.999997 0.00232191 -0.000557027 -0.0023191 0.999984 0.0051603 0.000568972 -0.00515869 0.999986 0.0249414 0.216433 -0.508574
FixedParameters: 0 0 0

#Transform 44
Transform: AffineTransform_float_3_3
Parameters: 0.999996 0.00272494 -0.000577299 -0.00272206 0.999983 0.00503159 0.000591703 -0.00503041 0.999987 0.0386581 0.226799 -0.462165
FixedParameters: 0 0 0

#Transform 45
Transform: AffineTransform_float_3_3
Parameters: 0.999997 0.0024511 -0.000609677 -0.00244791 0.999985 0.00503151 0.000621324 -0.0050305 0.999987 0.0490697 0.237004 -0.481541
FixedParameters: 0 0 0

#Transform 46
Transform: AffineTransform_float_3_3
Parameters: 0.999997 0.00232387 -0.000827445 -0.00231913 0.999981 0.00583994 0.000840555 -0.00583806 0.999982 0.0426888 0.207066 -0.518689
FixedParameters: 0 0 0

#Transform 47
Transform: AffineTransform_float_3_3
Parameters: 0.999997 0.00197002 -0.000861618 -0.00196499 0.999982 0.00578571 0.00087238 -0.0057833 0.999983 0.037799 0.279295 -0.624331
FixedParameters: 0 0 0

#Transform 48
Transform: AffineTransform_float_3_3
Parameters: 0.999997 0.00261079 -0.000532505 -0.00260722 0.999983 0.00517241 0.000545493 -0.0051716 0.999987 0.0218219 0.280162 -0.497371
FixedParameters: 0 0 0

#Transform 49
Transform: AffineTransform_float_3_3
Parameters: 0.999996 0.00242203 -0.000990977 -0.00241496 0.999973 0.00703942 0.00100802 -0.00703658 0.999974 0.0212803 0.213784 -0.619895
FixedParameters: 0 0 0

#Transform 50
Transform: AffineTransform_float_3_3
Parameters: 0.999997 0.00234604 -0.00074635 -0.00234097 0.999975 0.00667877 0.000761651 -0.00667724 0.999978 0.0134343 0.247601 -0.616443
FixedParameters: 0 0 0

#Transform 51
Transform: AffineTransform_float_3_3
Parameters: 0.999996 0.00246519 -0.001466 -0.00245481 0.999973 0.00691263 0.001483 -0.00690837 0.999975 0.0331224 0.238854 -0.555331
FixedParameters: 0 0 0

#Transform 52
Transform: AffineTransform_float_3_3
Parameters: 0.999996 0.00244867 -0.00138327 -0.00243833 0.999967 0.0076674 0.00140173 -0.00766359 0.999969 0.0204804 0.243845 -0.631598
FixedParameters: 0 0 0

#Transform 53
Transform: AffineTransform_float_3_3
Parameters: 0.999997 0.0023442 -0.00095348 -0.0023378 0.999969 0.00748626 0.000970526 -0.00748375 0.999972 0.023736 0.250819 -0.701408
FixedParameters: 0 0 0

#Transform 54
Transform: AffineTransform_float_3_3
Parameters: 0.999997 0.00183494 -0.00109748 -0.00182806 0.999978 0.00629202 0.00110852 -0.00628997 0.999979 0.0131636 0.245626 -0.647404
FixedParameters: 0 0 0

#Transform 55
Transform: AffineTransform_float_3_3
Parameters: 0.999997 0.00213215 -0.000995827 -0.00212485 0.999973 0.00712914 0.00101117 -0.00712787 0.999974 0.0485578 0.219414 -0.663388
FixedParameters: 0 0 0

#Transform 56
Transform: AffineTransform_float_3_3
Parameters: 0.999998 0.00176853 -0.00100413 -0.00176048 0.999963 0.00842878 0.00101887 -0.00842721 0.999964 0.0607333 0.154374 -0.735598
FixedParameters: 0 0 0

#Transform 57
Transform: AffineTransform_float_3_3
Parameters: 0.999999 0.00149313 -0.000452596 -0.00148988 0.999959 0.00898969 0.000465412 -0.00898932 0.99996 0.0267573 0.169218 -0.780307
FixedParameters: 0 0 0

#Transform 58
Transform: AffineTransform_float_3_3
Parameters: 0.999997 0.00228941 -0.000684931 -0.00228259 0.999955 0.00921659 0.000706065 -0.00921441 0.999958 0.0682055 0.153478 -0.747168
FixedParameters: 0 0 0

#Transform 59
Transform: AffineTransform_float_3_3
Parameters: 0.999998 0.0018667 -0.000516287 -0.0018623 0.999958 0.00896498 0.000532716 -0.00896402 0.999959 0.0614259 0.175956 -0.726667
FixedParameters: 0 0 0

#Transform 60
Transform: AffineTransform_float_3_3
Parameters: 0.999998 0.00170034 -0.000150588 -0.00169866 0.999962 0.00847927 0.000165409 -0.00847873 0.999964 0.0581011 0.203666 -0.675557
FixedParameters: 0 0 0

#Transform 61
Transform: AffineTransform_float_3_3
Parameters: 0.999998 0.00202575 0.000148136 -0.00202625 0.999958 0.00894972 -0.00013087 -0.00895028 0.99996 0.100251 0.173933 -0.665065
FixedParameters: 0 0 0

#Transform 62
Transform: AffineTransform_float_3_3
Parameters: 0.999998 0.00189626 -2.3514e-05 -0.00189574 0.999965 0.00816706 3.94838e-05 -0.00816694 0.999966 0.0890971 0.229939 -0.648795
FixedParameters: 0 0 0

#Transform 63
Transform: AffineTransform_float_3_3
Parameters: 0.999999 0.00142383 -0.000379543 -0.00142118 0.999972 0.00735155 0.000389459 -0.00735145 0.999973 0.0844485 0.275558 -0.54039
FixedParameters: 0 0 0

#Transform 64
Transform: AffineTransform_float_3_3
Parameters: 0.999998 0.00159187 -0.000367783 -0.00158913 0.999969 0.0076816 0.000379218 -0.00768141 0.999971 0.0959793 0.249299 -0.55115
FixedParameters: 0 0 0

#Transform 65
Transform: AffineTransform_float_3_3
Parameters: 0.999999 0.00151778 -0.00033878 -0.00151422 0.999967 0.00805853 0.000351213 -0.00805748 0.999968 0.083361 0.242607 -0.608464
FixedParameters: 0 0 0

#Transform 66
Transform: AffineTransform_float_3_3
Parameters: 0.999999 0.00151004 0.000129729 -0.00151096 0.999968 0.00776481 -0.000118271 -0.00776518 0.99997 0.0766971 0.256309 -0.594012
FixedParameters: 0 0 0

#Transform 67
Transform: AffineTransform_float_3_3
Parameters: 0.999999 0.00168474 -0.000447139 -0.00168126 0.999964 0.00823676 0.000460864 -0.00823623 0.999966 0.0948708 0.226106 -0.580386
FixedParameters: 0 0 0

#Transform 68
Transform: AffineTransform_float_3_3
Parameters: 0.999998 0.00195337 -0.000469179 -0.00195062 0.999973 0.00708193 0.000483825 -0.00708107 0.999975 0.10718 0.293693 -0.562654
FixedParameters: 0 0 0

#Transform 69
Transform: AffineTransform_float_3_3
Parameters: 0.999998 0.00196224 -2.40189e-05 -0.00196176 0.999969 0.00763506 3.89791e-05 -0.00763494 0.999971 0.0931122 0.27137 -0.609451
FixedParameters: 0 0 0

#Transform 70
Transform: AffineTransform_float_3_3
Parameters: 0.999998 0.00193005 -0.000411938 -0.00192694 0.999971 0.00729181 0.000426062 -0.00729119 0.999974 0.0954363 0.292148 -0.534935
FixedParameters: 0 0 0

#Transform 71
Transform: AffineTransform_float_3_3
Parameters: 0.999998 0.00200475 -0.000475438 -0.00200125 0.999968 0.00776996 0.000490563 -0.00776903 0.999969 0.111691 0.276074 -0.57598
FixedParameters: 0 0 0

#Transform 72
Transform: AffineTransform_float_3_3
Parameters: 0.999999 0.0018128 -0.000366432 -0.00181021 0.999971 0.00749068 0.000379569 -0.00748933 0.999972 0.114362 0.284864 -0.611165
FixedParameters: 0 0 0

#Transform 73
Transform: AffineTransform_float_3_3
Parameters: 0.999999 0.00179074 4.3649e-05 -0.00179126 0.999974 0.00706294 -3.0349e-05 -0.00706307 0.999975 0.121373 0.293894 -0.538823
FixedParameters: 0 0 0

#Transform 74
Transform: AffineTransform_float_3_3
Parameters: 0.999998 0.00198478 -0.000108629 -0.00198422 0.999976 0.00673823 0.000122372 -0.00673777 0.999978 0.138969 0.284769 -0.553551
FixedParameters: 0 0 0

#Transform 75
Transform: AffineTransform_float_3_3
Parameters: 0.999998 0.00169948 -0.000209265 -0.00169851 0.999974 0.00690836 0.000221738 -0.00690763 0.999976 0.128977 0.306302 -0.623721
FixedParameters: 0 0 0

#Transform 76
Transform: AffineTransform_float_3_3
Parameters: 0.999999 0.00184622 0.000111807 -0.00184679 0.999971 0.00747681 -9.8196e-05 -0.0074762 0.999972 0.111057 0.28543 -0.590184
FixedParameters: 0 0 0

#Transform 77
Transform: AffineTransform_float_3_3
Parameters: 0.999998 0.00198821 0.000108621 -0.0019898 0.999967 0.0078548 -9.33728e-05 -0.0078552 0.999969 0.119263 0.248024 -0.592511
FixedParameters: 0 0 0

#Transform 78
Transform: AffineTransform_float_3_3
Parameters: 0.999999 0.00185424 -2.54666e-05 -0.00185377 0.999971 0.00729906 3.85317e-05 -0.00729894 0.999974 0.133051 0.321828 -0.640818
FixedParameters: 0 0 0

#Transform 79
Transform: AffineTransform_float_3_3
Parameters: 0.999997 0.00242062 -0.000641825 -0.00241539 0.999972 0.00710257 0.000658168 -0.00710043 0.999974 0.111863 0.308961 -0.528134
FixedParameters: 0 0 0

#Transform 80
Transform: AffineTransform_float_3_3
Parameters: 0.999998 0.00200838 -0.000348541 -0.00200662 0.999975 0.00670571 0.000361464 -0.00670529 0.999978 0.0814176 0.358985 -0.555025
FixedParameters: 0 0 0

#Transform 81
Transform: AffineTransform_float_3_3
Parameters: 0.999997 0.00210773 -0.000240236 -0.00210627 0.999973 0.00700753 0.000254764 -0.00700648 0.999976 0.0622552 0.344723 -0.570983
FixedParameters: 0 0 0

#Transform 82
Transform: AffineTransform_float_3_3
Parameters: 0.999997 0.00242827 -0.00102934 -0.00242173 0.999979 0.00604751 0.00104366 -0.00604549 0.999981 0.0563934 0.356214 -0.404148
FixedParameters: 0 0 0

#Transform 83
Transform: AffineTransform_float_3_3
Parameters: 0.999998 0.00179566 -0.000645168 -0.00179034 0.999973 0.00715617 0.000657828 -0.00715483 0.999974 0.0643609 0.349095 -0.593511
FixedParameters: 0 0 0

#Transform 84
Transform: AffineTransform_float_3_3
Parameters: 0.999997 0.00237382 -0.00063321 -0.00236918 0.999969 0.00750252 0.00065179 -0.00750047 0.999971 0.0716749 0.330755 -0.551893
FixedParameters: 0 0 0

#Transform 85
Transform: AffineTransform_float_3_3
Parameters: 0.999998 0.00218257 -0.00063346 -0.00217843 0.999972 0.0071284 0.000648543 -0.00712661 0.999975 0.0647645 0.337546 -0.510528
FixedParameters: 0 0 0

#Transform 86
Transform: AffineTransform_float_3_3
Parameters: 0.999997 0.00221433 -0.000175932 -0.00221266 0.999971 0.00725841 0.000192066 -0.00725859 0.999973 0.0617757 0.349982 -0.568213
FixedParameters: 0 0 0

#Transform 87
Transform: AffineTransform_float_3_3
Parameters: 0.999997 0.00245485 -0.000598427 -0.00245014 0.999965 0.00798149 0.000618572 -0.00797951 0.999968 0.0761753 0.305503 -0.579864
FixedParameters: 0 0 0

#Transform 88
Transform: AffineTransform_float_3_3
Parameters: 0.999998 0.00200881 -0.000338743 -0.00200519 0.999965 0.0080987 0.000355249 -0.00809731 0.999967 0.0759178 0.313366 -0.634526
FixedParameters: 0 0 0

#Transform 89
Transform: AffineTransform_float_3_3
Parameters: 0.999998 0.0023069 -0.000351461 -0.0023041 0.999965 0.00804183 0.000370538 -0.00804016 0.999967 0.0804214 0.321203 -0.628898
FixedParameters: 0 0 0

#Transform 90
Transform: AffineTransform_float_3_3
Parameters: 0.999996 0.00275962 -0.000283615 -0.00275639 0.999957 0.00884082 0.00030738 -0.00884019 0.999961 0.0725804 0.290381 -0.637916
FixedParameters: 0 0 0

#Transform 91
Transform: AffineTransform_float_3_3
Parameters: 0.999998 0.00209819 -0.000137887 -0.0020968 0.999964 0.0081583 0.000155111 -0.00815769 0.999966 0.0670995 0.337768 -0.627354
FixedParameters: 0 0 0

#Transform 92
Transform: AffineTransform_float_3_3
Parameters: 0.999997 0.00230938 -0.00042713 -0.00230563 0.999968 0.00774401 0.000444867 -0.007743 0.99997 0.0802594 0.36513 -0.557615
FixedParameters: 0 0 0

#Transform 93
Transform: AffineTransform_float_3_3
Parameters: 0.999997 0.00240257 -0.00054939 -0.00239843 0.999963 0.00817034 0.000569613 -0.00816866 0.999967 0.0802999 0.319123 -0.566165
FixedParameters: 0 0 0

#Transform 94
Transform: AffineTransform_float_3_3
Parameters: 0.999999 0.000932699 0.000134363 -0.000934297 0.99995 0.0100309 -0.000124634 -0.0100311 0.999949 0.0367741 0.385756 -1.02714
FixedParameters: 0 0 0

#Transform 95
Transform: AffineTransform_float_3_3
Parameters: 0.999997 0.00175521 -0.00181436 -0.00174078 0.999968 0.00780418 0.00182864 -0.00780181 0.999968 0.0914767 0.412425 -0.835685
FixedParameters: 0 0 0

#Transform 96
Transform: AffineTransform_float_3_3
Parameters: 0.999995 0.00299995 -0.00150624 -0.00299305 0.999985 0.00459554 0.00152077 -0.00459146 0.999989 0.0430525 0.488904 -0.441723
FixedParameters: 0 0 0

#Transform 97
Transform: AffineTransform_float_3_3
Parameters: 0.999994 0.00310368 -0.0016099 -0.00308932 0.999959 0.00843002 0.00163609 -0.00842497 0.999963 0.0560812 0.333051 -0.675939
FixedParameters: 0 0 0

#Transform 98
Transform: AffineTransform_float_3_3
Parameters: 0.999995 0.003093 -0.00136208 -0.00308101 0.999957 0.00872125 0.00138892 -0.00871676 0.999961 0.0621022 0.333648 -0.678921
FixedParameters: 0 0 0

#Transform 99
Transform: AffineTransform_float_3_3
Parameters: 0.999994 0.00297841 -0.00145793 -0.00296559 0.999954 0.00911238 0.00148508 -0.00910863 0.999958 0.0989419 0.344069 -0.800513
FixedParameters: 0 0 0

#Transform 100
Transform: AffineTransform_float_3_3
Parameters: 0.999996 0.00302208 -0.000500206 -0.00301691 0.999947 0.00986755 0.000530792 -0.00986544 0.999951 0.0825201 0.343161 -0.83362
FixedParameters: 0 0 0

#Transform 101
Transform: AffineTransform_float_3_3
Parameters: 0.999997 0.00239072 -0.000556969 -0.00238527 0.999946 0.0100644 0.000581033 -0.0100626 0.999949 0.0767044 0.355749 -0.960187
FixedParameters: 0 0 0

#Transform 102
Transform: AffineTransform_float_3_3
Parameters: 0.999996 0.00261957 -0.000898577 -0.00260944 0.999941 0.0104884 0.000925418 -0.0104866 0.999944 0.0871227 0.293815 -0.89277
FixedParameters: 0 0 0

#Transform 103
Transform: AffineTransform_float_3_3
Parameters: 0.999997 0.00223996 -0.000963169 -0.00223005 0.999946 0.0102162 0.000985832 -0.0102138 0.999948 0.0753527 0.314522 -0.853112
FixedParameters: 0 0 0

#Transform 104
Transform: AffineTransform_float_3_3
Parameters: 0.999996 0.00264387 -0.00144593 -0.00262913 0.999952 0.00951085 0.00147107 -0.00950715 0.999953 0.0856268 0.33738 -0.773155
FixedParameters: 0 0 0

#Transform 105
Transform: AffineTransform_float_3_3
Parameters: 0.999997 0.00228762 -0.000941972 -0.00227738 0.999946 0.0100882 0.00096502 -0.0100858 0.999948 0.0761033 0.324754 -0.799494
FixedParameters: 0 0 0

#Transform 106
Transform: AffineTransform_float_3_3
Parameters: 0.999997 0.0021472 -0.0011709 -0.0021348 0.999945 0.0103245 0.0011931 -0.0103215 0.999946 0.0776964 0.333652 -0.813632
FixedParameters: 0 0 0

#Transform 107
Transform: AffineTransform_float_3_3
Parameters: 0.999996 0.00230115 -0.00113161 -0.00228885 0.999941 0.0106286 0.00115539 -0.0106254 0.999943 0.100368 0.294228 -0.780801
FixedParameters: 0 0 0

#Transform 108
Transform: AffineTransform_float_3_3
Parameters: 0.999998 0.00176746 -0.00112567 -0.00175455 0.999938 0.010975 0.00114432 -0.010973 0.999939 0.0746232 0.291857 -0.847025
FixedParameters: 0 0 0

#Transform 109
Transform: AffineTransform_float_3_3
Parameters: 0.999996 0.00251802 -0.0012021 -0.00250498 0.99994 0.0107131 0.0012289 -0.01071 0.999942 0.0912044 0.278932 -0.797946
FixedParameters: 0 0 0

#Transform 110
Transform: AffineTransform_float_3_3
Parameters: 0.999997 0.00217122 -0.000929469 -0.00216078 0.999938 0.010864 0.000952529 -0.010862 0.99994 0.0824598 0.291045 -0.887935
FixedParameters: 0 0 0

#Transform 111
Transform: AffineTransform_float_3_3
Parameters: 0.999996 0.00223412 -0.00178815 -0.00221388 0.999935 0.011177 0.00181285 -0.011173 0.999936 0.11525 0.282499 -0.717351
FixedParameters: 0 0 0

#Transform 112
Transform: AffineTransform_float_3_3
Parameters: 0.999995 0.00260949 -0.00208764 -0.00258951 0.999949 0.00975946 0.00211237 -0.00975354 0.99995 0.0734543 0.320524 -0.522246
FixedParameters: 0 0 0

#Transform 113
Transform: AffineTransform_float_3_3
Parameters: 0.999995 0.00288697 -0.00116517 -0.00287602 0.999952 0.00931439 0.00119283 -0.0093106 0.999956 0.00628333 0.379598 -0.688247
FixedParameters: 0 0 0

#Transform 114
Transform: AffineTransform_float_3_3
Parameters: 0.999995 0.00299132 -0.0015255 -0.00297368 0.999933 0.0112326 0.0015595 -0.0112284 0.999935 0.0480097 0.271783 -0.718625
FixedParameters: 0 0 0

#Transform 115
Transform: AffineTransform_float_3_3
Parameters: 0.999996 0.00259525 -0.00124165 -0.00258175 0.999933 0.0113413 0.00127136 -0.0113378 0.999935 0.0504303 0.318906 -0.82419
FixedParameters: 0 0 0

#Transform 116
Transform: AffineTransform_float_3_3
Parameters: 0.999995 0.00286431 -0.000855432 -0.0028547 0.999939 0.0106905 0.000885564 -0.0106875 0.999943 0.0562055 0.313546 -0.791499
FixedParameters: 0 0 0

#Transform 117
Transform: AffineTransform_float_3_3
Parameters: 0.999995 0.00312728 -0.00110944 -0.00311772 0.999954 0.00914852 0.00113857 -0.0091455 0.999958 0.0647008 0.35678 -0.707444
FixedParameters: 0 0 0

#Transform 118
Transform: AffineTransform_float_3_3
Parameters: 0.999994 0.00299206 -0.00179116 -0.00297394 0.999945 0.0100044 0.00182083 -0.00999861 0.999949 0.0911785 0.35753 -0.7592
FixedParameters: 0 0 0

#Transform 119
Transform: AffineTransform_float_3_3
Parameters: 0.999995 0.00297938 -0.00104897 -0.00296862 0.999948 0.00976216 0.00107803 -0.00975883 0.999952 0.0740461 0.367621 -0.774272
FixedParameters: 0 0 0

#Transform 120
Transform: AffineTransform_float_3_3
Parameters: 0.999994 0.00322445 -0.00138995 -0.00321056 0.999942 0.0102755 0.00142206 -0.0102715 0.999946 0.0943361 0.34683 -0.777028
FixedParameters: 0 0 0

#Transform 121
Transform: AffineTransform_float_3_3
Parameters: 0.999994 0.00310432 -0.00138145 -0.00309067 0.999949 0.00954232 0.00141155 -0.00953767 0.999953 0.0886034 0.374391 -0.771252
FixedParameters: 0 0 0

#Transform 122
Transform: AffineTransform_float_3_3
Parameters: 0.999995 0.00299497 -0.00103253 -0.00298503 0.99995 0.00952413 0.00106147 -0.00952087 0.999954 0.0764106 0.391334 -0.76831
FixedParameters: 0 0 0

#Transform 123
Transform: AffineTransform_float_3_3
Parameters: 0.999992 0.00363094 -0.00125356 -0.00362105 0.999962 0.0078456 0.00128244 -0.0078414 0.999969 0.0358585 0.416363 -0.551857
FixedParameters: 0 0 0

#Transform 124
Transform: AffineTransform_float_3_3
Parameters: 0.999994 0.00321355 -0.00124511 -0.00320345 0.999959 0.00838404 0.0012719 -0.00837996 0.999964 0.056339 0.421981 -0.657568
FixedParameters: 0 0 0

#Transform 125
Transform: AffineTransform_float_3_3
Parameters: 0.999993 0.00348437 -0.0014245 -0.00347263 0.999962 0.007907 0.00145149 -0.00790199 0.999967 0.0491247 0.4652 -0.595121
FixedParameters: 0 0 0

#Transform 126
Transform: AffineTransform_float_3_3
Parameters: 0.999992 0.00361211 -0.00167682 -0.00359788 0.999953 0.0089301 0.00170919 -0.00892389 0.999958 0.0612319 0.427438 -0.607125
FixedParameters: 0 0 0

#Transform 127
Transform: AffineTransform_float_3_3
Parameters: 0.999996 0.00280748 -0.00118179 -0.00279552 0.999941 0.0104303 0.00121122 -0.0104266 0.999945 0.0392365 0.380408 -0.782387
FixedParameters: 0 0 0

#Transform 128
Transform: AffineTransform_float_3_3
Parameters: 0.999994 0.00333262 -0.0015344 -0.00331538 0.999937 0.0107112 0.00156959 -0.0107058 0.999942 0.0728118 0.35578 -0.765413
FixedParameters: 0 0 0

#Transform 129
Transform: AffineTransform_float_3_3
Parameters: 0.999994 0.00297331 -0.00185687 -0.00295369 0.999937 0.0108446 0.00188914 -0.0108395 0.99994 0.0816984 0.384497 -0.82924
FixedParameters: 0 0 0

#Transform 130
Transform: AffineTransform_float_3_3
Parameters: 0.999994 0.00306849 -0.00124936 -0.00305551 0.999938 0.0106609 0.00128164 -0.0106571 0.999943 0.0768601 0.382957 -0.811137
FixedParameters: 0 0 0

#Transform 131
Transform: AffineTransform_float_3_3
Parameters: 0.999994 0.00333259 -0.00107265 -0.00332141 0.999938 0.0106276 0.00110836 -0.0106244 0.999943 0.0911431 0.382951 -0.799597
FixedParameters: 0 0 0

#Transform 132
Transform: AffineTransform_float_3_3
Parameters: 0.999995 0.00311641 -0.00114065 -0.00310459 0.999937 0.0107256 0.00117436 -0.0107214 0.999942 0.0952598 0.375548 -0.825756
FixedParameters: 0 0 0

#Transform 133
Transform: AffineTransform_float_3_3
Parameters: 0.999995 0.0031833 -0.00110107 -0.0031707 0.999934 0.0109945 0.00113593 -0.0109914 0.999939 0.09676 0.367494 -0.7816
FixedParameters: 0 0 0

#Transform 134
Transform: AffineTransform_float_3_3
Parameters: 0.999993 0.00338011 -0.0016167 -0.00336288 0.999939 0.0104735 0.0016523 -0.0104675 0.999944 0.0870727 0.389709 -0.706908
FixedParameters: 0 0 0

#Transform 135
Transform: AffineTransform_float_3_3
Parameters: 0.999993 0.00317142 -0.00189652 -0.00315358 0.999948 0.00964004 0.00192648 -0.00963395 0.999951 0.0643364 0.44421 -0.67633
FixedParameters: 0 0 0

#Transform 136
Transform: AffineTransform_float_3_3
Parameters: 0.999992 0.0037016 -0.00165146 -0.00368539 0.99995 0.00935217 0.00168653 -0.00934584 0.999955 0.0534301 0.447571 -0.556198
FixedParameters: 0 0 0

#Transform 137
Transform: AffineTransform_float_3_3
Parameters: 0.999992 0.00353986 -0.00210736 -0.00351914 0.999945 0.00981949 0.00214265 -0.00981249 0.999949 0.0612957 0.44051 -0.56732
FixedParameters: 0 0 0

#Transform 138
Transform: AffineTransform_float_3_3
Parameters: 0.999994 0.00321729 -0.0016692 -0.0031987 0.999936 0.0108484 0.00170479 -0.0108426 0.99994 0.0563015 0.406002 -0.756636
FixedParameters: 0 0 0

#Transform 139
Transform: AffineTransform_float_3_3
Parameters: 0.999992 0.00348864 -0.00191974 -0.00346936 0.999942 0.0101397 0.00195527 -0.0101333 0.999946 0.0872062 0.409097 -0.628973
FixedParameters: 0 0 0

#Transform 140
Transform: AffineTransform_float_3_3
Parameters: 0.99999 0.00352004 -0.00254435 -0.00349396 0.999942 0.010169 0.00257965 -0.01016 0.999945 0.0767333 0.444754 -0.65642
FixedParameters: 0 0 0

#Transform 141
Transform: AffineTransform_float_3_3
Parameters: 0.999992 0.00363625 -0.00115718 -0.00362475 0.999939 0.0104213 0.00119483 -0.0104167 0.999945 0.00845745 0.42099 -0.68802
FixedParameters: 0 0 0

#Transform 142
Transform: AffineTransform_float_3_3
Parameters: 0.999991 0.00371288 -0.00207713 -0.00368812 0.999923 0.0118578 0.00212087 -0.0118502 0.999927 0.0624406 0.379258 -0.71031
FixedParameters: 0 0 0

#Transform 143
Transform: AffineTransform_float_3_3
Parameters: 0.999993 0.00323694 -0.00144872 -0.00322005 0.999928 0.0115487 0.00148628 -0.0115443 0.999933 0.0550048 0.434433 -0.80536
FixedParameters: 0 0 0

#Transform 144
Transform: AffineTransform_float_3_3
Parameters: 0.999991 0.00391233 -0.00156989 -0.00389568 0.999939 0.0102752 0.0016091 -0.0102688 0.999946 0.0406006 0.475067 -0.605638
FixedParameters: 0 0 0

#Transform 145
Transform: AffineTransform_float_3_3
Parameters: 0.999998 0.00170454 -0.00152908 -0.00167946 0.999872 0.0159106 0.00155592 -0.0159084 0.999872 0.00131845 0.425934 -1.41906
FixedParameters: 0 0 0

#Transform 146
Transform: AffineTransform_float_3_3
Parameters: 0.999988 0.00388653 -0.00297949 -0.00383748 0.999858 0.0164516 0.00304252 -0.0164404 0.99986 0.0852926 0.341275 -1.39821
FixedParameters: 0 0 0

#Transform 147
Transform: AffineTransform_float_3_3
Parameters: 0.99998 0.00486134 -0.00385832 -0.00483265 0.999959 0.00757779 0.00389569 -0.0075592 0.999964 0.0717834 0.614521 -0.592268
FixedParameters: 0 0 0

#Transform 148
Transform: AffineTransform_float_3_3
Parameters: 0.999982 0.00451012 -0.00399075 -0.00445688 0.999902 0.013222 0.00404924 -0.013204 0.999904 0.0674888 0.380372 -0.827626
FixedParameters: 0 0 0

#Transform 149
Transform: AffineTransform_float_3_3
Parameters: 0.99998 0.00481962 -0.00411999 -0.00475838 0.999878 0.0148369 0.00419102 -0.0148171 0.999882 0.072417 0.344027 -0.870579
FixedParameters: 0 0 0

#Transform 150
Transform: AffineTransform_float_3_3
Parameters: 0.999983 0.00442077 -0.00384341 -0.00435222 0.999838 0.017465 0.00392057 -0.017448 0.99984 0.0808958 0.282095 -1.12201
FixedParameters: 0 0 0

#Transform 151
Transform: AffineTransform_float_3_3
Parameters: 0.999981 0.0045086 -0.00402888 -0.00443239 0.999813 0.0188242 0.00411312 -0.0188058 0.999814 0.0925206 0.229487 -1.16019
FixedParameters: 0 0 0

#Transform 152
Transform: AffineTransform_float_3_3
Parameters: 0.999984 0.00434601 -0.00360981 -0.00427898 0.999822 0.0183697 0.00368919 -0.0183533 0.999825 0.0746514 0.278073 -1.184
FixedParameters: 0 0 0

#Transform 153
Transform: AffineTransform_float_3_3
Parameters: 0.999981 0.00482001 -0.00377906 -0.00475299 0.999835 0.0175453 0.00386294 -0.0175267 0.999839 0.083085 0.289549 -1.04301
FixedParameters: 0 0 0

#Transform 154
Transform: AffineTransform_float_3_3
Parameters: 0.999984 0.00441534 -0.00373102 -0.00434966 0.99984 0.0173425 0.00380697 -0.0173255 0.999842 0.0832692 0.291829 -1.10593
FixedParameters: 0 0 0

#Transform 155
Transform: AffineTransform_float_3_3
Parameters: 0.999983 0.00462867 -0.00361028 -0.0045673 0.999846 0.0169098 0.00368872 -0.0168922 0.99985 0.0753905 0.322936 -1.00759
FixedParameters: 0 0 0

#Transform 156
Transform: AffineTransform_float_3_3
Parameters: 0.99998 0.00470866 -0.00422854 -0.00463734 0.999848 0.0167989 0.00430746 -0.0167791 0.99985 0.0922799 0.313166 -0.886057
FixedParameters: 0 0 0

#Transform 157
Transform: AffineTransform_float_3_3
Parameters: 0.999983 0.0044862 -0.00388154 -0.0044188 0.999839 0.0174055 0.00395847 -0.0173875 0.999841 0.102273 0.3138 -0.986299
FixedParameters: 0 0 0

#Transform 158
Transform: AffineTransform_float_3_3
Parameters: 0.999982 0.0044644 -0.00383439 -0.00440159 0.999856 0.0163872 0.00390762 -0.0163698 0.999859 0.0809942 0.347804 -0.845316
FixedParameters: 0 0 0

#Transform 159
Transform: AffineTransform_float_3_3
Parameters: 0.999981 0.00483768 -0.00397659 -0.00477331 0.999858 0.0161173 0.00405441 -0.0160977 0.999862 0.104958 0.350466 -0.79334
FixedParameters: 0 0 0

#Transform 160
Transform: AffineTransform_float_3_3
Parameters: 0.999978 0.00475614 -0.00461785 -0.00468185 0.999862 0.015936 0.00469316 -0.015914 0.999863 0.120913 0.387127 -0.807504
FixedParameters: 0 0 0

#Transform 161
Transform: AffineTransform_float_3_3
Parameters: 0.999982 0.00471434 -0.00384112 -0.00465467 0.999868 0.0155672 0.0039139 -0.0155498 0.999872 0.0872614 0.401903 -0.80373
FixedParameters: 0 0 0

#Transform 162
Transform: AffineTransform_float_3_3
Parameters: 0.999978 0.00494923 -0.00428784 -0.00488376 0.999874 0.0150933 0.00436215 -0.0150717 0.999877 0.0888076 0.394761 -0.699218
FixedParameters: 0 0 0

#Transform 163
Transform: AffineTransform_float_3_3
Parameters: 0.999978 0.00478387 -0.00444789 -0.00471112 0.999857 0.0162523 0.00452511 -0.0162307 0.999858 0.101253 0.35008 -0.791728
FixedParameters: 0 0 0

#Transform 164
Transform: AffineTransform_float_3_3
Parameters: 0.999979 0.00500823 -0.0039338 -0.00494476 0.999861 0.0159228 0.0040132 -0.0159032 0.999866 0.0806461 0.393018 -0.86864
FixedParameters: 0 0 0

#Transform 165
Transform: AffineTransform_float_3_3
Parameters: 0.999978 0.00548775 -0.00368339 -0.00543026 0.999865 0.0155093 0.00376762 -0.0154887 0.999873 0.0815804 0.378863 -0.778022
FixedParameters: 0 0 0

#Transform 166
Transform: AffineTransform_float_3_3
Parameters: 0.999977 0.00506622 -0.00452415 -0.00499078 0.999851 0.016486 0.00460685 -0.016463 0.999854 0.102619 0.343427 -0.840476
FixedParameters: 0 0 0

#Transform 167
Transform: AffineTransform_float_3_3
Parameters: 0.999983 0.004605 -0.0035125 -0.00454801 0.99986 0.0160662 0.00358549 -0.0160497 0.999865 0.0776857 0.369624 -0.90386
FixedParameters: 0 0 0

#Transform 168
Transform: AffineTransform_float_3_3
Parameters: 0.999981 0.00484373 -0.00368125 -0.00478627 0.999868 0.0155319 0.00375575 -0.0155141 0.999872 0.101056 0.382808 -0.810519
FixedParameters: 0 0 0

#Transform 169
Transform: AffineTransform_float_3_3
Parameters: 0.999981 0.0048121 -0.00403231 -0.00475791 0.9999 0.0133204 0.00409569 -0.0133006 0.999903 0.119334 0.488326 -0.75256
FixedParameters: 0 0 0

#Transform 170
Transform: AffineTransform_float_3_3
Parameters: 0.999984 0.00471787 -0.00332577 -0.00467613 0.999915 0.0121908 0.00338322 -0.0121752 0.99992 0.107812 0.500715 -0.74815
FixedParameters: 0 0 0

#Transform 171
Transform: AffineTransform_float_3_3
Parameters: 0.999978 0.00511966 -0.00404492 -0.00507033 0.999913 0.0121948 0.00410709 -0.0121742 0.999918 0.127721 0.507775 -0.649772
FixedParameters: 0 0 0

#Transform 172
Transform: AffineTransform_float_3_3
Parameters: 0.999977 0.00517846 -0.00438763 -0.00511854 0.999894 0.0136798 0.00445838 -0.0136572 0.999897 0.146146 0.466493 -0.658233
FixedParameters: 0 0 0

#Transform 173
Transform: AffineTransform_float_3_3
Parameters: 0.999979 0.00522771 -0.0038827 -0.00517429 0.999892 0.0137184 0.0039533 -0.0136976 0.999899 0.121481 0.473784 -0.80895
FixedParameters: 0 0 0

#Transform 174
Transform: AffineTransform_float_3_3
Parameters: 0.999981 0.00499864 -0.00355329 -0.00495237 0.999903 0.0130148 0.00361772 -0.0129972 0.999909 0.0993525 0.514084 -0.720162
FixedParameters: 0 0 0

#Transform 175
Transform: AffineTransform_float_3_3
Parameters: 0.99998 0.00498223 -0.00390961 -0.00492675 0.999889 0.0140135 0.00397938 -0.0139935 0.999894 0.11811 0.474837 -0.759676
FixedParameters: 0 0 0

#Transform 176
Transform: AffineTransform_float_3_3
Parameters: 0.999981 0.00482045 -0.00386007 -0.00475655 0.999856 0.0162807 0.00393791 -0.0162613 0.99986 0.137122 0.445428 -0.955322
FixedParameters: 0 0 0

#Transform 177
Transform: AffineTransform_float_3_3
Parameters: 0.999977 0.00519485 -0.00424112 -0.00512115 0.999838 0.0172411 0.00432988 -0.0172189 0.999843 0.145431 0.399584 -0.934497
FixedParameters: 0 0 0

#Transform 178
Transform: AffineTransform_float_3_3
Parameters: 0.999977 0.00517594 -0.00426158 -0.00510105 0.999836 0.0174121 0.00435142 -0.0173899 0.99984 0.137817 0.380029 -0.908513
FixedParameters: 0 0 0

#Transform 179
Transform: AffineTransform_float_3_3
Parameters: 0.999982 0.0047169 -0.00376917 -0.00465209 0.999844 0.0170478 0.00384882 -0.0170291 0.999847 0.132684 0.42211 -0.961597
FixedParameters: 0 0 0

#Transform 180
Transform: AffineTransform_float_3_3
Parameters: 0.999982 0.00472553 -0.0035172 -0.00466246 0.999829 0.0178597 0.0036008 -0.0178423 0.999835 0.110585 0.389952 -0.915569
FixedParameters: 0 0 0

#Transform 181
Transform: AffineTransform_float_3_3
Parameters: 0.999981 0.00479562 -0.00388484 -0.00472238 0.999813 0.0187437 0.00397417 -0.0187253 0.999817 0.148061 0.316889 -0.940122
FixedParameters: 0 0 0

#Transform 182
Transform: AffineTransform_float_3_3
Parameters: 0.99998 0.00468826 -0.00419923 -0.00461074 0.999819 0.0184567 0.00428479 -0.0184373 0.999821 0.154718 0.350693 -0.990984
FixedParameters: 0 0 0

#Transform 183
Transform: AffineTransform_float_3_3
Parameters: 0.999984 0.00448537 -0.0036569 -0.00441764 0.999824 0.0182255 0.0037381 -0.0182095 0.999827 0.152059 0.376849 -0.99864
FixedParameters: 0 0 0

#Transform 184
Transform: AffineTransform_float_3_3
Parameters: 0.999982 0.00484929 -0.00333685 -0.00478571 0.999814 0.0187193 0.00342715 -0.0187037 0.999819 0.141088 0.339268 -1.00051
FixedParameters: 0 0 0

#Transform 185
Transform: AffineTransform_float_3_3
Parameters: 0.999983 0.00470137 -0.00345406 -0.00463763 0.999819 0.0184133 0.00353996 -0.0183967 0.999825 0.149822 0.390088 -1.04579
FixedParameters: 0 0 0

#Transform 186
Transform: AffineTransform_float_3_3
Parameters: 0.999983 0.00478404 -0.00353391 -0.00471996 0.999829 0.017913 0.00361909 -0.017896 0.999834 0.150596 0.402243 -0.983566
FixedParameters: 0 0 0

#Transform 187
Transform: AffineTransform_float_3_3
Parameters: 0.999935 0.00636701 -0.00944876 -0.00615998 0.999744 0.0217786 0.00958524 -0.0217184 0.999718 0.199076 0.354636 -1.70973
FixedParameters: 0 0 0

#Transform 188
Transform: AffineTransform_float_3_3
Parameters: 0.999947 0.00646495 -0.00801563 -0.00620704 0.999475 0.0317984 0.00821737 -0.0317466 0.999462 0.233793 -0.0864573 -1.5958
FixedParameters: 0 0 0

#Transform 189
Transform: AffineTransform_float_3_3
