# transform file /out/sourcedata/freesurfer/sub-v1s23x0050578_ses-1/mri/transforms/cc_up.lta
# created by oesteban on Mon Mar  9 21:14:42 2026

type      = 0 # LINEAR_VOX_TO_VOX
nxforms   = 1
mean      = 129.0000 121.0000 120.0000
sigma     = 10000.0000
1 4 4
9.969260096549988e-01 5.716644227504730e-02 5.357608571648598e-02 -1.266202259063721e+01 
-5.708406865596771e-02 9.983645677566528e-01 -3.067771205678582e-03 3.288560485839844e+01 
-5.366384238004684e-02 0.000000000000000e+00 9.985589981079102e-01 2.109028053283691e+01 
0.000000000000000e+00 0.000000000000000e+00 0.000000000000000e+00 1.000000000000000e+00 
src volume info
valid = 1  # volume info valid
filename = /out/sourcedata/freesurfer/sub-v1s23x0050578_ses-1/mri/norm.mgz
volume = 256 256 256
voxelsize = 1.000000000000000e+00 1.000000000000000e+00 1.000000000000000e+00
xras   = -1.000000000000000e+00 0.000000000000000e+00 0.000000000000000e+00
yras   = 0.000000000000000e+00 0.000000000000000e+00 -1.000000000000000e+00
zras   = 0.000000000000000e+00 1.000000000000000e+00 0.000000000000000e+00
cras   = 1.433157348632812e+01 -4.859407043457031e+01 3.760375976562500e+01
dst volume info
valid = 1  # volume info valid
filename = /out/sourcedata/freesurfer/sub-v1s23x0050578_ses-1/mri/norm.mgz
volume = 256 256 256
voxelsize = 1.000000000000000e+00 1.000000000000000e+00 1.000000000000000e+00
xras   = -1.000000000000000e+00 0.000000000000000e+00 0.000000000000000e+00
yras   = 0.000000000000000e+00 0.000000000000000e+00 -1.000000000000000e+00
zras   = 0.000000000000000e+00 1.000000000000000e+00 0.000000000000000e+00
cras   = 1.433157348632812e+01 -4.859407043457031e+01 3.760375976562500e+01
