#Insight Transform File V1.0
#Transform 0
Transform: AffineTransform_float_3_3
Parameters: 1 8.1028e-08 0.000188 8.1028e-08 1 -0.000431 -0.000188 0.000431 1 -0.00522073 -0.0239829 0.259721
FixedParameters: 0 0 0

#Transform 1
Transform: AffineTransform_float_3_3
Parameters: 1 0.000540059 0.000115723 -0.00053994 0.999999 -0.000512062 -0.000116277 0.000512937 1 -0.00610823 0.0210511 -0.0187484
FixedParameters: 0 0 0

#Transform 2
Transform: AffineTransform_float_3_3
Parameters: 0.999999 0.000625873 -0.000334237 -0.000626126 0.999999 -0.000378791 0.000333763 0.000379209 1 -0.0128478 0.0475091 -0.101692
FixedParameters: 0 0 0

#Transform 3
Transform: AffineTransform_float_3_3
Parameters: 0.999999 0.000575129 -0.00130039 -0.00057587 0.999999 -0.000669252 0.00129961 0.000669748 0.999999 -0.0102988 0.152332 -0.175213
FixedParameters: 0 0 0

#Transform 4
Transform: AffineTransform_float_3_3
Parameters: 0.999999 0.000709234 0.000206199 -0.000709767 0.999999 -0.00113015 -0.000206803 0.00113085 1 0.052991 0.0863496 -0.185836
FixedParameters: 0 0 0

#Transform 5
Transform: AffineTransform_float_3_3
Parameters: 0.999999 0.000620582 0.00145132 -0.000618419 0.999999 -0.0010899 -0.00145167 0.0010891 0.999999 0.0867672 0.171943 -0.0838463
FixedParameters: 0 0 0

#Transform 6
Transform: AffineTransform_float_3_3
Parameters: 0.999996 -0.00017889 0.00303383 0.000175108 0.999999 0.000953535 -0.00303417 -0.000952461 0.999995 0.134356 0.0233193 0.00986788
FixedParameters: 0 0 0

#Transform 7
Transform: AffineTransform_float_3_3
Parameters: 0.999989 0.000727631 0.00474053 -0.000718366 0.999997 -0.00203343 -0.00474247 0.00202957 0.999986 0.194257 -0.00563951 0.0303469
FixedParameters: 0 0 0

#Transform 8
Transform: AffineTransform_float_3_3
Parameters: 0.999993 0.000723755 0.0034688 -0.000718248 0.999999 -0.0016595 -0.00346919 0.0016575 0.999992 0.133171 0.025268 0.0397599
FixedParameters: 0 0 0

#Transform 9
Transform: AffineTransform_float_3_3
Parameters: 0.999996 0.000915132 0.0028957 -0.000910868 0.999998 -0.00142764 -0.0028973 0.00142535 0.999995 0.10984 -0.0420143 0.0419161
FixedParameters: 0 0 0

#Transform 10
Transform: AffineTransform_float_3_3
Parameters: 0.999995 0.000838481 0.00306332 -0.000835518 1 -0.000811564 -0.00306368 0.000808435 0.999995 0.122035 0.01619 0.0203078
FixedParameters: 0 0 0

#Transform 11
Transform: AffineTransform_float_3_3
Parameters: 0.999994 0.00111234 0.00306243 -0.00110766 0.999999 -0.0014194 -0.00306357 0.0014166 0.999995 0.133074 0.147137 -0.0370449
FixedParameters: 0 0 0

#Transform 12
Transform: AffineTransform_float_3_3
Parameters: 0.999993 0.00112617 0.0035284 -0.00111882 0.999996 -0.00231796 -0.0035316 0.00231404 0.999991 0.148762 -0.0209228 0.0170149
FixedParameters: 0 0 0

#Transform 13
Transform: AffineTransform_float_3_3
Parameters: 0.999993 0.0012496 0.00351625 -0.0012394 0.999994 -0.00301438 -0.00351975 0.00301062 0.99999 0.143196 0.0213417 0.00421614
FixedParameters: 0 0 0

#Transform 14
Transform: AffineTransform_float_3_3
Parameters: 0.999992 0.00134273 0.00375813 -0.00132928 0.999993 -0.00365203 -0.00376288 0.00364798 0.999987 0.130602 0.0500852 -0.00895485
FixedParameters: 0 0 0

#Transform 15
Transform: AffineTransform_float_3_3
Parameters: 0.999994 0.00146916 0.00305962 -0.00145985 0.999995 -0.00299248 -0.00306338 0.00298852 0.999991 0.122229 0.0149973 -0.0261951
FixedParameters: 0 0 0

#Transform 16
Transform: AffineTransform_float_3_3
Parameters: 0.999995 0.0013676 0.00306151 -0.0013614 0.999998 -0.00183018 -0.0030635 0.00182682 0.999993 0.120773 0.0138803 -0.0459467
FixedParameters: 0 0 0

#Transform 17
Transform: AffineTransform_float_3_3
Parameters: 0.999993 0.00168679 0.00331304 -0.0016792 0.999996 -0.00235358 -0.00331796 0.00234842 0.999991 0.129354 0.0701035 -0.0380011
FixedParameters: 0 0 0

#Transform 18
Transform: AffineTransform_float_3_3
Parameters: 0.999994 0.00162864 0.00328473 -0.00162036 0.999995 -0.00263034 -0.00328927 0.00262466 0.999991 0.128251 0.0020443 -0.0302802
FixedParameters: 0 0 0

#Transform 19
Transform: AffineTransform_float_3_3
Parameters: 0.999992 0.00111928 0.00373642 -0.00111372 0.999999 -0.00141417 -0.00373858 0.00141083 0.999992 0.200188 0.0238946 -0.0170414
FixedParameters: 0 0 0

#Transform 20
Transform: AffineTransform_float_3_3
Parameters: 0.999992 0.00106356 0.00380245 -0.00105744 0.999999 -0.00146403 -0.00380355 0.00145997 0.999991 0.211244 0.0886529 0.00178306
FixedParameters: 0 0 0

#Transform 21
Transform: AffineTransform_float_3_3
Parameters: 0.999992 0.00123239 0.00380161 -0.00122561 0.999998 -0.00194568 -0.00380439 0.00194133 0.999991 0.17368 0.0218508 -0.000159798
FixedParameters: 0 0 0

#Transform 22
Transform: AffineTransform_float_3_3
Parameters: 0.999994 0.00142211 0.00337785 -0.00141689 0.999998 -0.0015148 -0.00338015 0.0015102 0.999993 0.155676 0.0167096 -0.0242729
FixedParameters: 0 0 0

#Transform 23
Transform: AffineTransform_float_3_3
Parameters: 0.999994 0.00122755 0.00305998 -0.00122545 0.999999 -0.000834754 -0.00306102 0.000831247 0.999995 0.138738 0.0709823 -0.0326657
FixedParameters: 0 0 0

#Transform 24
Transform: AffineTransform_float_3_3
Parameters: 0.999994 0.00155921 0.00330761 -0.0015518 0.999997 -0.00218015 -0.00331039 0.00217485 0.999992 0.126839 -0.0197064 -0.0133337
FixedParameters: 0 0 0

#Transform 25
Transform: AffineTransform_float_3_3
Parameters: 0.999998 0.00141263 0.00186401 -0.00141038 0.999998 -0.00140863 -0.00186599 0.00140637 0.999998 0.0840597 0.0646118 -0.021408
FixedParameters: 0 0 0

#Transform 26
Transform: AffineTransform_float_3_3
Parameters: 0.999995 0.00150832 0.00283158 -0.00149968 0.999994 -0.00293826 -0.00283541 0.00293374 0.999991 0.13257 0.0730031 -0.0733716
FixedParameters: 0 0 0

#Transform 27
Transform: AffineTransform_float_3_3
Parameters: 0.999993 0.00144354 0.00324978 -0.00143346 0.999994 -0.00293568 -0.00325422 0.00293032 0.999991 0.168103 0.0232592 -0.101188
FixedParameters: 0 0 0

#Transform 28
Transform: AffineTransform_float_3_3
Parameters: 0.999994 0.0016058 0.00327273 -0.00159521 0.999994 -0.00329924 -0.00327728 0.00329376 0.999989 0.1446 0.0919072 -0.0724072
FixedParameters: 0 0 0

#Transform 29
Transform: AffineTransform_float_3_3
Parameters: 0.999989 0.00179256 0.00420024 -0.00177844 0.999993 -0.0032295 -0.00420576 0.0032225 0.999986 0.118518 0.0837703 -0.148942
FixedParameters: 0 0 0

#Transform 30
Transform: AffineTransform_float_3_3
Parameters: 0.999992 0.00177462 0.00352467 -0.00176838 0.999996 -0.00188125 -0.00352833 0.00187475 0.999992 0.0867641 0.0694401 -0.0981465
FixedParameters: 0 0 0

#Transform 31
Transform: AffineTransform_float_3_3
Parameters: 0.999994 0.00151657 0.00317387 -0.00151042 0.999996 -0.00207281 -0.00317713 0.00206719 0.999993 0.102631 0.138194 -0.0703784
FixedParameters: 0 0 0

#Transform 32
Transform: AffineTransform_float_3_3
Parameters: 0.999995 0.00123102 0.00290045 -0.00122498 0.999997 -0.00207556 -0.00290255 0.00207244 0.999993 0.109996 0.0184009 -0.0816957
FixedParameters: 0 0 0

#Transform 33
Transform: AffineTransform_float_3_3
Parameters: 0.999994 0.00160079 0.00309395 -0.00159121 0.999993 -0.00316494 -0.00309905 0.00316006 0.99999 0.0878785 0.0363066 -0.106885
FixedParameters: 0 0 0

#Transform 34
Transform: AffineTransform_float_3_3
Parameters: 0.999996 0.00117288 0.00280531 -0.00116413 0.999995 -0.00316228 -0.0028087 0.00315972 0.999991 0.115011 -0.0580454 -0.087734
FixedParameters: 0 0 0

#Transform 35
Transform: AffineTransform_float_3_3
Parameters: 0.999995 0.00123249 0.00268558 -0.00122551 0.999996 -0.00278931 -0.00268943 0.0027857 0.999993 0.0725832 0.0166731 -0.0968623
FixedParameters: 0 0 0

#Transform 36
Transform: AffineTransform_float_3_3
Parameters: 0.999995 0.00133334 0.00280995 -0.00132967 0.999998 -0.00154374 -0.00281205 0.00154026 0.999995 0.0947458 0.0431591 -0.104743
FixedParameters: 0 0 0

#Transform 37
Transform: AffineTransform_float_3_3
Parameters: 0.999992 0.00148659 0.00369456 -0.00147342 0.999992 -0.00367747 -0.00369944 0.00367253 0.999987 0.146992 0.115547 -0.114217
FixedParameters: 0 0 0

#Transform 38
Transform: AffineTransform_float_3_3
Parameters: 0.999997 0.00138384 0.00230531 -0.00137616 0.999994 -0.00339818 -0.00230969 0.00339482 0.999991 0.0823314 -0.00336254 -0.0589798
FixedParameters: 0 0 0

#Transform 39
Transform: AffineTransform_float_3_3
Parameters: 0.999997 0.00151336 0.0022113 -0.00150464 0.999991 -0.00377934 -0.0022167 0.00377566 0.999991 0.0745809 -0.018878 -0.0741189
FixedParameters: 0 0 0

#Transform 40
Transform: AffineTransform_float_3_3
Parameters: 0.999997 0.00141408 0.00195619 -0.00140692 0.99999 -0.00412376 -0.00196182 0.00412123 0.999989 0.0779514 -0.0326074 -0.080118
FixedParameters: 0 0 0

#Transform 41
Transform: AffineTransform_float_3_3
Parameters: 0.999995 0.00123865 0.00283608 -0.00122535 0.999987 -0.0048085 -0.00284192 0.0048045 0.999985 0.106194 -0.0104281 -0.0805126
FixedParameters: 0 0 0

#Transform 42
Transform: AffineTransform_float_3_3
Parameters: 0.999995 0.00147176 0.00281682 -0.00145624 0.999984 -0.00559013 -0.00282518 0.00558587 0.999981 0.0934864 -0.0770332 -0.0850509
FixedParameters: 0 0 0

#Transform 43
Transform: AffineTransform_float_3_3
Parameters: 0.999995 0.00124119 0.00293821 -0.00122581 0.999984 -0.00550563 -0.00294479 0.00550137 0.99998 0.0983916 -0.0408415 -0.107261
FixedParameters: 0 0 0

#Transform 44
Transform: AffineTransform_float_3_3
Parameters: 0.999995 0.00138305 0.00303339 -0.00136395 0.99998 -0.00627417 -0.00304161 0.00626983 0.999975 0.0881113 -0.0266789 -0.132647
FixedParameters: 0 0 0

#Transform 45
Transform: AffineTransform_float_3_3
Parameters: 0.999992 0.00124851 0.00365305 -0.00122549 0.999978 -0.00643152 -0.00366095 0.00642747 0.999972 0.101006 -0.0875594 -0.127197
FixedParameters: 0 0 0

#Transform 46
Transform: AffineTransform_float_3_3
Parameters: 0.999993 0.0011917 0.00371554 -0.00116529 0.999973 -0.00718138 -0.00372446 0.00717662 0.999968 0.0978037 -0.0773462 -0.15717
FixedParameters: 0 0 0

#Transform 47
Transform: AffineTransform_float_3_3
Parameters: 0.999994 0.00124771 0.00320124 -0.00122529 0.999974 -0.00708596 -0.00321076 0.00708204 0.99997 0.0963259 -0.0781386 -0.188422
FixedParameters: 0 0 0

#Transform 48
Transform: AffineTransform_float_3_3
Parameters: 0.999992 0.00136344 0.00361477 -0.00133556 0.999971 -0.00758188 -0.00362522 0.00757711 0.999964 0.106067 -0.0867718 -0.19611
FixedParameters: 0 0 0

#Transform 49
Transform: AffineTransform_float_3_3
Parameters: 0.999993 0.00141611 0.00344458 -0.00138789 0.999966 -0.00814783 -0.00345642 0.00814316 0.999961 0.0728851 -0.0979081 -0.22494
FixedParameters: 0 0 0

#Transform 50
Transform: AffineTransform_float_3_3
Parameters: 0.999993 0.00124907 0.00350552 -0.00122593 0.999975 -0.00686135 -0.00351349 0.00685666 0.999971 0.0823815 -0.115806 -0.16493
FixedParameters: 0 0 0

#Transform 51
Transform: AffineTransform_float_3_3
Parameters: 0.999993 0.00133612 0.00334429 -0.00130888 0.999967 -0.00809743 -0.0033557 0.00809357 0.999961 0.0844451 -0.0484141 -0.196299
FixedParameters: 0 0 0

#Transform 52
Transform: AffineTransform_float_3_3
Parameters: 0.999994 0.00124941 0.00325975 -0.00122559 0.999972 -0.00747804 -0.00326925 0.00747396 0.999966 0.0811467 -0.112135 -0.193266
FixedParameters: 0 0 0

#Transform 53
Transform: AffineTransform_float_3_3
Parameters: 0.999995 0.000875945 0.00326367 -0.000852053 0.999973 -0.00733082 -0.00327033 0.00732817 0.999968 0.101458 -0.115715 -0.176531
FixedParameters: 0 0 0

#Transform 54
Transform: AffineTransform_float_3_3
Parameters: 0.999993 0.000991408 0.00358519 -0.000959591 0.999959 -0.0090305 -0.00359381 0.0090265 0.999953 0.0830736 -0.0563905 -0.223903
FixedParameters: 0 0 0

#Transform 55
Transform: AffineTransform_float_3_3
Parameters: 0.999993 0.000805477 0.00362522 -0.000779518 0.999973 -0.00729888 -0.00363178 0.00729612 0.999967 0.107793 -0.0841681 -0.172948
FixedParameters: 0 0 0

#Transform 56
Transform: AffineTransform_float_3_3
Parameters: 0.999993 0.000847767 0.00380192 -0.000820232 0.999973 -0.00729917 -0.00380809 0.00729583 0.999966 0.0786267 -0.0576335 -0.167591
FixedParameters: 0 0 0

#Transform 57
Transform: AffineTransform_float_3_3
Parameters: 0.999994 0.000818098 0.00337224 -0.000793905 0.999974 -0.00714072 -0.00337775 0.00713828 0.999969 0.0955743 -0.0975552 -0.16637
FixedParameters: 0 0 0

#Transform 58
Transform: AffineTransform_float_3_3
Parameters: 0.999997 0.000550635 0.00266121 -0.000532366 0.999976 -0.00699844 -0.00266479 0.00699656 0.999972 0.0648794 -0.111395 -0.159453
FixedParameters: 0 0 0

#Transform 59
Transform: AffineTransform_float_3_3
Parameters: 0.999996 0.000539365 0.00283821 -0.000518628 0.999974 -0.0071715 -0.00284279 0.0071695 0.999971 0.0671995 -0.101772 -0.146119
FixedParameters: 0 0 0

#Transform 60
Transform: AffineTransform_float_3_3
Parameters: 0.999996 0.000407506 0.00277334 -0.000388496 0.999977 -0.0066701 -0.00277565 0.00666889 0.999974 0.0736714 -0.154328 -0.133383
FixedParameters: 0 0 0

#Transform 61
Transform: AffineTransform_float_3_3
Parameters: 0.999995 0.000547854 0.00288712 -0.000527148 0.999974 -0.00721855 -0.00289088 0.00721744 0.99997 0.0792514 -0.0986982 -0.135801
FixedParameters: 0 0 0

#Transform 62
Transform: AffineTransform_float_3_3
Parameters: 0.999996 0.000520851 0.00303066 -0.000501146 0.999979 -0.00654755 -0.00303435 0.00654545 0.999974 0.0862909 -0.104004 -0.145897
FixedParameters: 0 0 0

#Transform 63
Transform: AffineTransform_float_3_3
Parameters: 0.999994 0.000588822 0.00339112 -0.000565179 0.999977 -0.00672696 -0.00339488 0.00672504 0.999971 0.0866901 -0.0797533 -0.130407
FixedParameters: 0 0 0

#Transform 64
Transform: AffineTransform_float_3_3
Parameters: 0.999994 0.000534685 0.00339135 -0.000511318 0.999976 -0.00698078 -0.00339465 0.00697923 0.99997 0.106058 -0.00338374 -0.136625
FixedParameters: 0 0 0

#Transform 65
Transform: AffineTransform_float_3_3
Parameters: 0.999994 0.000469026 0.0033919 -0.000445979 0.999977 -0.00678655 -0.00339411 0.00678445 0.999971 0.10223 -0.0454997 -0.145549
FixedParameters: 0 0 0

#Transform 66
Transform: AffineTransform_float_3_3
Parameters: 0.999995 0.000407985 0.00319964 -0.000389018 0.999983 -0.00593228 -0.00320136 0.00593073 0.999978 0.11208 -0.073756 -0.148442
FixedParameters: 0 0 0

#Transform 67
Transform: AffineTransform_float_3_3
Parameters: 0.999994 0.000411502 0.00339235 -0.000388503 0.999978 -0.00663036 -0.00339465 0.00662964 0.999973 0.110654 0.00100407 -0.17763
FixedParameters: 0 0 0

#Transform 68
Transform: AffineTransform_float_3_3
Parameters: 0.999995 0.000991878 0.00300713 -0.000977123 0.999988 -0.00494497 -0.00301187 0.00494204 0.999984 0.073379 -0.0550072 -0.0697165
FixedParameters: 0 0 0

#Transform 69
Transform: AffineTransform_float_3_3
Parameters: 0.999993 0.000978248 0.00361037 -0.000961752 0.999988 -0.00477651 -0.00361463 0.0047725 0.999982 0.0958441 -0.0771682 -0.0101317
FixedParameters: 0 0 0

#Transform 70
Transform: AffineTransform_float_3_3
Parameters: 0.999994 0.000795693 0.0033909 -0.000778313 0.999986 -0.00521567 -0.0033941 0.00521333 0.99998 0.0822081 -0.0401114 -0.0466
FixedParameters: 0 0 0

#Transform 71
Transform: AffineTransform_float_3_3
Parameters: 0.999992 0.000970491 0.00383161 -0.000961509 0.999997 -0.0024787 -0.00383339 0.0024743 0.999989 0.107371 -0.0353477 0.00526046
FixedParameters: 0 0 0

#Transform 72
Transform: AffineTransform_float_3_3
Parameters: 0.999997 0.000884427 0.00219443 -0.000882574 1 -0.000650939 -0.00219458 0.000649061 0.999998 0.0451087 0.079627 -0.0023884
FixedParameters: 0 0 0

#Transform 73
Transform: AffineTransform_float_3_3
Parameters: 0.999998 0.000963047 0.00212908 -0.000960954 0.999999 -0.000962049 -0.00212993 0.000959952 0.999998 0.0465717 0.0534483 -0.0122649
FixedParameters: 0 0 0

#Transform 74
Transform: AffineTransform_float_3_3
Parameters: 0.999996 0.000967133 0.00284392 -0.000960869 0.999997 -0.00215674 -0.00284608 0.00215426 0.999993 0.0755486 -0.00653535 -0.0273205
FixedParameters: 0 0 0

#Transform 75
Transform: AffineTransform_float_3_3
Parameters: 0.999996 0.000967987 0.00265146 -0.000961016 0.999996 -0.00263456 -0.00265354 0.00263244 0.999993 0.0634948 -0.0140137 -0.0193055
FixedParameters: 0 0 0

#Transform 76
Transform: AffineTransform_float_3_3
Parameters: 0.999996 0.000970574 0.00287278 -0.000961424 0.999994 -0.00333278 -0.00287622 0.00332922 0.999991 0.0552825 -0.0286596 -0.0661818
FixedParameters: 0 0 0

#Transform 77
Transform: AffineTransform_float_3_3
Parameters: 0.999997 0.00096843 0.00253718 -0.000961573 0.999996 -0.00292745 -0.00253983 0.00292555 0.999993 0.0587608 -0.0340829 -0.0457951
FixedParameters: 0 0 0

#Transform 78
Transform: AffineTransform_float_3_3
Parameters: 0.999997 0.000969656 0.00248064 -0.000961346 0.999994 -0.0034874 -0.00248437 0.0034856 0.999991 0.0440402 -0.0455431 -0.0578111
FixedParameters: 0 0 0

#Transform 79
Transform: AffineTransform_float_3_3
Parameters: 0.999997 0.00115797 0.00243181 -0.00114703 0.999989 -0.00450881 -0.00243719 0.00450519 0.999987 0.0317557 -0.00192329 -0.075479
FixedParameters: 0 0 0

#Transform 80
Transform: AffineTransform_float_3_3
Parameters: 0.999996 0.00121107 0.00252572 -0.00119993 0.999989 -0.00437905 -0.00253128 0.00437595 0.999987 0.0561961 -0.0215396 -0.0681135
FixedParameters: 0 0 0

#Transform 81
Transform: AffineTransform_float_3_3
Parameters: 0.999997 0.000971805 0.0025439 -0.000961195 0.999991 -0.00424546 -0.0025481 0.00424254 0.999988 0.0744371 -0.0680839 -0.0644171
FixedParameters: 0 0 0

#Transform 82
Transform: AffineTransform_float_3_3
Parameters: 0.999996 0.000973281 0.00262648 -0.000961718 0.999988 -0.00467254 -0.00263152 0.00467045 0.999985 0.0917921 0.00731065 -0.086429
FixedParameters: 0 0 0

#Transform 83
Transform: AffineTransform_float_3_3
Parameters: 0.999996 0.000971533 0.0024238 -0.000961472 0.99999 -0.00434234 -0.0024272 0.00434066 0.999987 0.088433 -0.0620693 -0.0616257
FixedParameters: 0 0 0

#Transform 84
Transform: AffineTransform_float_3_3
Parameters: 0.999997 0.000970978 0.00230983 -0.000961021 0.99999 -0.00431723 -0.00231417 0.00431477 0.999988 0.0872037 0.0532814 -0.0929624
FixedParameters: 0 0 0

#Transform 85
Transform: AffineTransform_float_3_3
Parameters: 0.999998 0.00059994 0.00223905 -0.00058506 0.999977 -0.00666733 -0.00224295 0.00666567 0.999976 0.0903242 -0.0410312 -0.207145
FixedParameters: 0 0 0

#Transform 86
Transform: AffineTransform_float_3_3
Parameters: 0.999997 0.000869261 0.00224353 -0.000855741 0.999979 -0.00634994 -0.00224848 0.00634806 0.999978 0.0719106 -0.0893933 -0.172186
FixedParameters: 0 0 0

#Transform 87
Transform: AffineTransform_float_3_3
Parameters: 0.999997 0.000976441 0.00248298 -0.000961562 0.99998 -0.00621141 -0.00248902 0.00620959 0.999977 0.0732422 -0.0868461 -0.103057
FixedParameters: 0 0 0

#Transform 88
Transform: AffineTransform_float_3_3
Parameters: 0.999997 0.00097658 0.00252002 -0.000961421 0.999981 -0.00617645 -0.00252598 0.00617356 0.999978 0.0767511 -0.0772969 -0.127159
FixedParameters: 0 0 0

#Transform 89
Transform: AffineTransform_float_3_3
Parameters: 0.999992 0.00129821 0.00381151 -0.00127878 0.999986 -0.00503891 -0.00381849 0.00503408 0.99998 0.105232 -0.0933155 -0.0921482
FixedParameters: 0 0 0

#Transform 90
Transform: AffineTransform_float_3_3
Parameters: 0.999992 0.000984646 0.00399926 -0.000961351 0.999982 -0.0059099 -0.00400575 0.00590611 0.999975 0.108873 -0.025744 -0.137807
FixedParameters: 0 0 0

#Transform 91
Transform: AffineTransform_float_3_3
Parameters: 0.999994 0.000981042 0.0033552 -0.000960957 0.999981 -0.00597026 -0.00336079 0.00596673 0.999976 0.113389 -0.0844135 -0.114129
FixedParameters: 0 0 0

#Transform 92
Transform: AffineTransform_float_3_3
Parameters: 0.999994 0.00098015 0.00312907 -0.000960849 0.999981 -0.00611604 -0.00313493 0.00611296 0.999977 0.103063 -0.114155 -0.120689
FixedParameters: 0 0 0

#Transform 93
Transform: AffineTransform_float_3_3
Parameters: 0.999995 0.000979956 0.00293273 -0.000961049 0.999978 -0.00645785 -0.00293827 0.00645515 0.999975 0.0635433 -0.137766 -0.108727
FixedParameters: 0 0 0

#Transform 94
Transform: AffineTransform_float_3_3
Parameters: 0.999993 0.00114156 0.00358186 -0.00110644 0.99995 -0.00991403 -0.00359314 0.00990997 0.999944 0.116764 -0.0410379 -0.599482
FixedParameters: 0 0 0

#Transform 95
Transform: AffineTransform_float_3_3
Parameters: 0.999988 0.0015954 0.00464097 -0.0015546 0.999959 -0.00891032 -0.00465503 0.00890268 0.999949 0.151331 0.0128244 -0.402251
FixedParameters: 0 0 0

#Transform 96
Transform: AffineTransform_float_3_3
Parameters: 0.999989 0.00155306 0.00455187 -0.00151094 0.999957 -0.00922799 -0.00456613 0.00922102 0.999947 0.157883 -0.0659318 -0.353644
FixedParameters: 0 0 0

#Transform 97
Transform: AffineTransform_float_3_3
Parameters: 0.999983 0.00237766 0.00544644 -0.00233033 0.999959 -0.00874085 -0.00546756 0.00872815 0.999947 0.157376 -0.0533264 -0.259001
FixedParameters: 0 0 0

#Transform 98
Transform: AffineTransform_float_3_3
Parameters: 0.999986 0.0024904 0.0047083 -0.00244659 0.999954 -0.00920165 -0.0047317 0.00919035 0.999947 0.0986385 -0.0589466 -0.279227
FixedParameters: 0 0 0

#Transform 99
Transform: AffineTransform_float_3_3
Parameters: 0.999984 0.00223201 0.00531144 -0.00217999 0.99995 -0.00977874 -0.00533256 0.00976626 0.999938 0.1427 -0.0135958 -0.381573
FixedParameters: 0 0 0

#Transform 100
Transform: AffineTransform_float_3_3
Parameters: 0.999981 0.00166663 0.00590339 -0.00161337 0.999959 -0.00890969 -0.0059176 0.0088993 0.999943 0.173823 -0.0408271 -0.229034
FixedParameters: 0 0 0

#Transform 101
Transform: AffineTransform_float_3_3
Parameters: 0.99998 0.00148008 0.00626579 -0.00142292 0.999957 -0.0091041 -0.00627921 0.00909589 0.999939 0.209778 -0.140674 -0.193596
FixedParameters: 0 0 0

#Transform 102
Transform: AffineTransform_float_3_3
Parameters: 0.999981 0.00189604 0.00586901 -0.00184896 0.999966 -0.00801 -0.00588399 0.007999 0.99995 0.155083 0.0637302 -0.265189
FixedParameters: 0 0 0

#Transform 103
Transform: AffineTransform_float_3_3
Parameters: 0.999985 0.00171776 0.00521665 -0.00168624 0.99998 -0.00608689 -0.00522735 0.00607711 0.999968 0.122511 0.0601179 -0.363562
FixedParameters: 0 0 0

#Transform 104
Transform: AffineTransform_float_3_3
Parameters: 0.999987 0.00181002 0.00489501 -0.00177998 0.999979 -0.0061298 -0.004906 0.0061212 0.999969 0.133489 0.0346725 -0.223267
FixedParameters: 0 0 0

#Transform 105
Transform: AffineTransform_float_3_3
Parameters: 0.999984 0.0017469 0.00526154 -0.00171209 0.999976 -0.00663111 -0.00527346 0.00662189 0.999964 0.167352 -0.0342239 -0.159898
FixedParameters: 0 0 0

#Transform 106
Transform: AffineTransform_float_3_3
Parameters: 0.999984 0.0017575 0.00525056 -0.0017255 0.999981 -0.00599816 -0.00526044 0.00598885 0.999968 0.158804 0.0157974 -0.161429
FixedParameters: 0 0 0

#Transform 107
Transform: AffineTransform_float_3_3
Parameters: 0.999989 0.00147206 0.00461671 -0.00144895 0.999987 -0.00499275 -0.00462329 0.00498625 0.999977 0.136402 -0.0572546 -0.157404
FixedParameters: 0 0 0

#Transform 108
Transform: AffineTransform_float_3_3
Parameters: 0.999984 0.00136062 0.00556605 -0.00131538 0.999965 -0.00819145 -0.00557696 0.00818454 0.999951 0.194062 -0.0858019 -0.344888
FixedParameters: 0 0 0

#Transform 109
Transform: AffineTransform_float_3_3
Parameters: 0.999984 0.00241429 0.00520232 -0.00237771 0.999973 -0.00696948 -0.00521969 0.00695751 0.999962 0.0902002 -0.0428949 -0.117723
FixedParameters: 0 0 0

#Transform 110
Transform: AffineTransform_float_3_3
Parameters: 0.999987 0.00221562 0.00464016 -0.00217938 0.999968 -0.00766721 -0.00465683 0.00765678 0.99996 0.0745104 -0.126441 -0.111327
FixedParameters: 0 0 0

#Transform 111
Transform: AffineTransform_float_3_3
Parameters: 0.999992 0.00162662 0.00383624 -0.00160139 0.999977 -0.00667121 -0.00384677 0.00666581 0.999971 0.0778146 -0.111822 -0.0790525
FixedParameters: 0 0 0

#Transform 112
Transform: AffineTransform_float_3_3
Parameters: 0.999989 0.00262129 0.00372355 -0.00259171 0.999966 -0.00785073 -0.00374345 0.00784127 0.999962 0.0244307 -0.0935928 -0.155809
FixedParameters: 0 0 0

#Transform 113
Transform: AffineTransform_float_3_3
Parameters: 0.999994 0.00137888 0.00320267 -0.00135712 0.999976 -0.00682238 -0.00321233 0.00681861 0.999971 0.105213 -0.125659 -0.113993
FixedParameters: 0 0 0

#Transform 114
Transform: AffineTransform_float_3_3
Parameters: 0.999987 0.00207292 0.00467153 -0.00204007 0.999973 -0.00704163 -0.00468647 0.00703138 0.999965 0.0792973 -0.112521 -0.116797
FixedParameters: 0 0 0

#Transform 115
Transform: AffineTransform_float_3_3
Parameters: 0.999989 0.00167141 0.00438516 -0.00163959 0.999973 -0.00715627 -0.00439684 0.00714873 0.999965 0.119923 -0.215436 -0.113718
FixedParameters: 0 0 0

#Transform 116
Transform: AffineTransform_float_3_3
Parameters: 0.999991 0.00173837 0.00389672 -0.00170563 0.999964 -0.00829472 -0.00391127 0.00828728 0.999958 0.0776331 -0.0785367 -0.0946467
FixedParameters: 0 0 0

#Transform 117
Transform: AffineTransform_float_3_3
Parameters: 0.999993 0.00178591 0.00327346 -0.0017591 0.999965 -0.00820381 -0.00328754 0.00819818 0.999961 0.0441855 -0.178518 -0.0956709
FixedParameters: 0 0 0

#Transform 118
Transform: AffineTransform_float_3_3
Parameters: 0.999996 0.00156121 0.0023021 -0.00154879 0.999983 -0.00572759 -0.00231091 0.00572342 0.999981 0.0352635 -0.1321 -0.113629
FixedParameters: 0 0 0

#Transform 119
Transform: AffineTransform_float_3_3
Parameters: 0.999993 0.00104698 0.00363644 -0.00103102 0.99999 -0.00439378 -0.00364056 0.00439022 0.999983 0.111518 -0.0290652 -0.120444
FixedParameters: 0 0 0

#Transform 120
Transform: AffineTransform_float_3_3
Parameters: 0.999993 0.00147596 0.0035979 -0.00146104 0.999991 -0.00415629 -0.0036041 0.00415071 0.999985 0.10241 -0.0767324 -0.101399
FixedParameters: 0 0 0

#Transform 121
Transform: AffineTransform_float_3_3
Parameters: 0.999991 0.000940222 0.00400076 -0.000921774 0.999989 -0.00455473 -0.00400523 0.00455027 0.999981 0.148976 -0.0893995 -0.0769069
FixedParameters: 0 0 0

#Transform 122
Transform: AffineTransform_float_3_3
Parameters: 0.999992 0.00047724 0.00400264 -0.000456759 0.999987 -0.00505587 -0.00400536 0.00505413 0.999979 0.182443 -0.0861006 -0.0509712
FixedParameters: 0 0 0

#Transform 123
Transform: AffineTransform_float_3_3
Parameters: 0.999991 0.000822693 0.004 -0.000798305 0.99998 -0.00617124 -0.004005 0.00616775 0.999973 0.150072 -0.1336 -0.0894292
FixedParameters: 0 0 0

#Transform 124
Transform: AffineTransform_float_3_3
Parameters: 0.999991 0.0013152 0.0039968 -0.0012898 0.99998 -0.00630121 -0.0040052 0.00629579 0.999972 0.130668 -0.118081 -0.13051
FixedParameters: 0 0 0

#Transform 125
Transform: AffineTransform_float_3_3
Parameters: 0.99999 0.00142756 0.00438485 -0.00139545 0.999973 -0.00719219 -0.00439414 0.0071858 0.999964 0.134935 -0.158753 -0.113384
FixedParameters: 0 0 0

#Transform 126
Transform: AffineTransform_float_3_3
Parameters: 0.999986 0.00139346 0.00497896 -0.00134653 0.999953 -0.00952383 -0.00499204 0.00951617 0.999943 0.164063 -0.219576 -0.152679
FixedParameters: 0 0 0

#Transform 127
Transform: AffineTransform_float_3_3
Parameters: 0.999989 0.000901363 0.00471237 -0.000865631 0.999971 -0.00750116 -0.00471963 0.00749683 0.999961 0.174978 -0.201923 -0.0935074
FixedParameters: 0 0 0

#Transform 128
Transform: AffineTransform_float_3_3
Parameters: 0.999989 0.000900824 0.00463236 -0.000866179 0.999972 -0.0075141 -0.00463864 0.00750991 0.999961 0.167772 -0.138656 -0.0961501
FixedParameters: 0 0 0

#Transform 129
Transform: AffineTransform_float_3_3
Parameters: 0.999987 0.00177444 0.00492096 -0.00173556 0.999967 -0.00800765 -0.00493505 0.00799935 0.999956 0.105378 -0.186879 -0.132061
FixedParameters: 0 0 0

#Transform 130
Transform: AffineTransform_float_3_3
Parameters: 0.999987 0.00170588 0.00464699 -0.00167012 0.999969 -0.00771386 -0.00466002 0.00770615 0.99996 0.103356 -0.0729203 -0.0862567
FixedParameters: 0 0 0

#Transform 131
Transform: AffineTransform_float_3_3
Parameters: 0.999987 0.00164881 0.00480954 -0.00160619 0.999959 -0.00889184 -0.00482347 0.00888416 0.999949 0.113574 -0.130871 -0.161084
FixedParameters: 0 0 0

#Transform 132
Transform: AffineTransform_float_3_3
Parameters: 0.999987 0.00129036 0.00491181 -0.00124764 0.999961 -0.00882025 -0.00492319 0.00881376 0.999949 0.130983 -0.169033 -0.155371
FixedParameters: 0 0 0

#Transform 133
Transform: AffineTransform_float_3_3
Parameters: 0.999987 0.00155926 0.00475303 -0.00151574 0.999957 -0.00909132 -0.00476697 0.00908368 0.999948 0.115701 -0.171454 -0.157311
FixedParameters: 0 0 0

#Transform 134
Transform: AffineTransform_float_3_3
Parameters: 0.999987 0.00174187 0.00477847 -0.00169213 0.999947 -0.0102102 -0.00479652 0.0102028 0.999937 0.102446 -0.136424 -0.219301
FixedParameters: 0 0 0

#Transform 135
Transform: AffineTransform_float_3_3
Parameters: 0.999985 0.00187048 0.00513076 -0.00181352 0.999938 -0.0109905 -0.00515124 0.0109805 0.999927 0.102499 -0.184392 -0.268813
FixedParameters: 0 0 0

#Transform 136
Transform: AffineTransform_float_3_3
Parameters: 0.999985 0.00174564 0.00505111 -0.00169236 0.999945 -0.0104067 -0.00506888 0.0103983 0.999933 0.125891 -0.207809 -0.206991
FixedParameters: 0 0 0

#Transform 137
Transform: AffineTransform_float_3_3
Parameters: 0.999985 0.00166767 0.00526316 -0.00160734 0.999933 -0.0115096 -0.00528184 0.0115014 0.99992 0.161477 -0.115854 -0.247326
FixedParameters: 0 0 0

#Transform 138
Transform: AffineTransform_float_3_3
Parameters: 0.999984 0.00174826 0.00526397 -0.00169274 0.999943 -0.0104841 -0.00528203 0.0104749 0.999931 0.157522 -0.201329 -0.224147
FixedParameters: 0 0 0

#Transform 139
Transform: AffineTransform_float_3_3
Parameters: 0.999985 0.00175685 0.00520388 -0.00169215 0.999923 -0.012249 -0.00522511 0.01224 0.999912 0.139379 0.121571 -0.387759
FixedParameters: 0 0 0

#Transform 140
Transform: AffineTransform_float_3_3
Parameters: 0.999985 0.00174912 0.0051834 -0.00169287 0.99994 -0.0108119 -0.0052026 0.0108031 0.999928 0.131368 -0.0747149 -0.303114
FixedParameters: 0 0 0

#Transform 141
Transform: AffineTransform_float_3_3
Parameters: 0.999982 0.00161271 0.00580394 -0.00155029 0.99994 -0.0107932 -0.00582106 0.0107838 0.999925 0.163001 -0.281768 -0.208742
FixedParameters: 0 0 0

#Transform 142
Transform: AffineTransform_float_3_3
Parameters: 0.999982 0.00162065 0.00587328 -0.00155535 0.999937 -0.0111654 -0.00589073 0.0111557 0.999921 0.1562 -0.168031 -0.225416
FixedParameters: 0 0 0

#Transform 143
Transform: AffineTransform_float_3_3
Parameters: 0.999984 0.00153609 0.00536999 -0.0014789 0.999943 -0.0106201 -0.005386 0.0106119 0.999929 0.163229 -0.227157 -0.244604
FixedParameters: 0 0 0

#Transform 144
Transform: AffineTransform_float_3_3
Parameters: 0.999985 0.00143677 0.0052784 -0.00138224 0.999946 -0.0103645 -0.00529261 0.0103576 0.999933 0.154951 -0.161926 -0.196926
FixedParameters: 0 0 0

#Transform 145
Transform: AffineTransform_float_3_3
Parameters: 0.999985 0.00173675 0.00519257 -0.00169225 0.999963 -0.00841792 -0.00520742 0.00840908 0.999951 0.143223 -0.110115 -0.199565
FixedParameters: 0 0 0

#Transform 146
Transform: AffineTransform_float_3_3
Parameters: 0.999985 0.00173386 0.00515645 -0.00169214 0.999967 -0.00791685 -0.00517055 0.00790816 0.999956 0.124423 -0.0798138 -0.11841
FixedParameters: 0 0 0

#Transform 147
Transform: AffineTransform_float_3_3
Parameters: 0.999987 0.0017381 0.00476078 -0.0016929 0.999954 -0.00946118 -0.00477722 0.00945282 0.999944 0.120996 -0.109079 -0.156765
FixedParameters: 0 0 0

#Transform 148
Transform: AffineTransform_float_3_3
Parameters: 0.999984 0.00174269 0.00537514 -0.0016923 0.999956 -0.00923624 -0.00539185 0.00922675 0.999943 0.152189 -0.177261 -0.152393
FixedParameters: 0 0 0

#Transform 149
Transform: AffineTransform_float_3_3
Parameters: 0.999984 0.00174814 0.00537337 -0.00169285 0.999946 -0.0102493 -0.00539163 0.0102397 0.999933 0.144672 -0.14969 -0.178659
FixedParameters: 0 0 0

#Transform 150
Transform: AffineTransform_float_3_3
Parameters: 0.99998 0.00175826 0.00603738 -0.00169275 0.999941 -0.0107974 -0.00605563 0.0107876 0.999924 0.198799 -0.265722 -0.15411
FixedParameters: 0 0 0

#Transform 151
Transform: AffineTransform_float_3_3
Parameters: 0.99998 0.0013433 0.00619814 -0.0012637 0.999916 -0.0129421 -0.00621487 0.0129339 0.999897 0.19536 -0.213621 -0.187037
FixedParameters: 0 0 0

#Transform 152
Transform: AffineTransform_float_3_3
Parameters: 0.999977 0.00133473 0.00653676 -0.00126327 0.999939 -0.0109655 -0.00655124 0.0109565 0.999918 0.16985 -0.23898 -0.0885407
FixedParameters: 0 0 0

#Transform 153
Transform: AffineTransform_float_3_3
Parameters: 0.999975 0.00130831 0.00693643 -0.00125069 0.999965 -0.00825988 -0.00694756 0.00825112 0.999942 0.216937 0.0665714 0.0709576
FixedParameters: 0 0 0

#Transform 154
Transform: AffineTransform_float_3_3
Parameters: 0.99997 0.00194205 0.00746588 -0.00187195 0.999953 -0.00951126 -0.00748413 0.00949775 0.999927 0.177761 -0.0867006 0.108546
FixedParameters: 0 0 0

#Transform 155
Transform: AffineTransform_float_3_3
Parameters: 0.999983 0.0011197 0.0057367 -0.00107129 0.999964 -0.00848629 -0.00574629 0.00847971 0.999947 0.160908 -0.00697765 0.282652
FixedParameters: 0 0 0

#Transform 156
Transform: AffineTransform_float_3_3
Parameters: 0.999973 0.00121471 0.00732378 -0.00114528 0.999954 -0.00951565 -0.00733523 0.00950635 0.999928 0.213661 -0.0117375 0.148413
FixedParameters: 0 0 0

#Transform 157
Transform: AffineTransform_float_3_3
Parameters: 0.99997 0.00193164 0.007516 -0.00184837 0.999937 -0.0111182 -0.007537 0.0111048 0.99991 0.200309 -0.169158 0.333654
FixedParameters: 0 0 0

#Transform 158
Transform: AffineTransform_float_3_3
Parameters: 0.999969 0.00214327 0.00751019 -0.00204673 0.999916 -0.0128028 -0.0075368 0.0127872 0.99989 0.161729 -0.209353 0.326346
FixedParameters: 0 0 0

#Transform 159
Transform: AffineTransform_float_3_3
Parameters: 0.999977 0.00100318 0.00667393 -0.000911818 0.999907 -0.0136514 -0.00668707 0.0136446 0.999884 0.253438 -0.209255 0.194477
FixedParameters: 0 0 0

#Transform 160
Transform: AffineTransform_float_3_3
Parameters: 0.999975 0.00126563 0.00703684 -0.00119638 0.999951 -0.00988968 -0.00704918 0.00988134 0.999927 0.275034 -0.264383 0.363052
FixedParameters: 0 0 0

#Transform 161
Transform: AffineTransform_float_3_3
Parameters: 0.999966 0.00129988 0.0081461 -0.00119613 0.999918 -0.0127432 -0.0081619 0.0127338 0.999885 0.300422 -0.300285 0.26455
FixedParameters: 0 0 0

#Transform 162
Transform: AffineTransform_float_3_3
Parameters: 0.999961 0.00120504 0.00876019 -0.00109996 0.999927 -0.0119861 -0.00877381 0.0119759 0.99989 0.35877 -0.254457 0.266322
FixedParameters: 0 0 0

#Transform 163
Transform: AffineTransform_float_3_3
Parameters: 0.999959 0.000930402 0.00898476 -0.000846595 0.999956 -0.00928199 -0.00899325 0.00927401 0.999917 0.385915 -0.227418 0.352552
FixedParameters: 0 0 0

#Transform 164
Transform: AffineTransform_float_3_3
Parameters: 0.999964 0.00164302 0.00823555 -0.00155299 0.999939 -0.0109242 -0.00825245 0.0109118 0.999907 0.300009 -0.238239 0.220838
FixedParameters: 0 0 0

#Transform 165
Transform: AffineTransform_float_3_3
Parameters: 0.999967 0.00286315 0.00763375 -0.00281385 0.999976 -0.0064407 -0.00765225 0.00641931 0.99995 0.219132 0.0560231 0.241218
FixedParameters: 0 0 0

#Transform 166
Transform: AffineTransform_float_3_3
Parameters: 0.999967 0.00305899 0.00755713 -0.00302701 0.999987 -0.00424102 -0.00756987 0.00421799 0.999963 0.237112 0.052008 0.190789
FixedParameters: 0 0 0

#Transform 167
Transform: AffineTransform_float_3_3
Parameters: 0.999978 0.00312961 0.00597006 -0.00309939 0.999982 -0.00512962 -0.00598595 0.00511038 0.999969 0.181699 -0.0168715 0.13419
FixedParameters: 0 0 0

#Transform 168
Transform: AffineTransform_float_3_3
Parameters: 0.999977 0.00349811 0.00591714 -0.0034659 0.99998 -0.00542764 -0.00593587 0.00540736 0.999968 0.151568 0.0767027 0.166727
FixedParameters: 0 0 0

#Transform 169
Transform: AffineTransform_float_3_3
Parameters: 0.999976 0.00321851 0.00610367 -0.00317049 0.999964 -0.00794054 -0.00612934 0.00792146 0.99995 0.176412 -0.0799057 0.0849096
FixedParameters: 0 0 0

#Transform 170
Transform: AffineTransform_float_3_3
Parameters: 0.999973 0.00315923 0.00652085 -0.00309177 0.999942 -0.0102944 -0.00655314 0.0102736 0.999926 0.184699 -0.126605 0.112923
FixedParameters: 0 0 0

#Transform 171
Transform: AffineTransform_float_3_3
Parameters: 0.999978 0.00247349 0.00613012 -0.00241651 0.999953 -0.00936802 -0.00615289 0.00935299 0.999938 0.198756 -0.00679083 0.0954716
FixedParameters: 0 0 0

#Transform 172
Transform: AffineTransform_float_3_3
Parameters: 0.999975 0.0024881 0.00658641 -0.0024219 0.999947 -0.0100252 -0.00661059 0.0100088 0.999928 0.212311 -0.13358 0.0901808
FixedParameters: 0 0 0

#Transform 173
Transform: AffineTransform_float_3_3
Parameters: 0.999974 0.00238027 0.006772 -0.00230173 0.99993 -0.0115419 -0.00679901 0.0115261 0.999911 0.235067 -0.165035 0.0723838
FixedParameters: 0 0 0

#Transform 174
Transform: AffineTransform_float_3_3
Parameters: 0.999978 0.00204929 0.00641142 -0.0019747 0.99993 -0.0117279 -0.00643559 0.0117151 0.99991 0.241992 -0.224711 0.0751474
FixedParameters: 0 0 0

#Transform 175
Transform: AffineTransform_float_3_3
Parameters: 0.999976 0.00203774 0.00650897 -0.00195627 0.99992 -0.012539 -0.00653403 0.012526 0.9999 0.246998 -0.172085 0.0776146
FixedParameters: 0 0 0

#Transform 176
Transform: AffineTransform_float_3_3
Parameters: 0.999974 0.00181193 0.00694639 -0.00173106 0.999931 -0.0116393 -0.00696761 0.0116267 0.999908 0.27183 -0.186887 0.111714
FixedParameters: 0 0 0

#Transform 177
Transform: AffineTransform_float_3_3
Parameters: 0.999976 0.00139452 0.00687908 -0.00132449 0.999946 -0.0102444 -0.00689293 0.0102356 0.999924 0.282686 -0.197204 0.141278
FixedParameters: 0 0 0

#Transform 178
Transform: AffineTransform_float_3_3
Parameters: 0.999976 0.00172536 0.00678732 -0.00164564 0.999931 -0.0116815 -0.00680668 0.0116695 0.999908 0.257554 -0.144212 0.0758488
FixedParameters: 0 0 0

#Transform 179
Transform: AffineTransform_float_3_3
Parameters: 0.999974 0.00125688 0.00711369 -0.00117213 0.99993 -0.0117836 -0.0071273 0.0117754 0.999906 0.294411 -0.230263 0.0827191
FixedParameters: 0 0 0

#Transform 180
Transform: AffineTransform_float_3_3
Parameters: 0.999971 0.00129479 0.00749084 -0.00121023 0.999936 -0.0113114 -0.00750416 0.0113026 0.999908 0.322872 -0.19462 0.141508
FixedParameters: 0 0 0

#Transform 181
Transform: AffineTransform_float_3_3
Parameters: 0.999978 0.000145257 0.00674182 -7.17431e-05 0.999941 -0.0108647 -0.00674318 0.0108643 0.999918 0.360476 -0.269125 0.0875494
FixedParameters: 0 0 0

#Transform 182
Transform: AffineTransform_float_3_3
Parameters: 0.999972 0.000694101 0.00738223 -0.000617902 0.999946 -0.0103058 -0.00738875 0.0103011 0.999919 0.2991 -0.184559 0.141245
FixedParameters: 0 0 0

#Transform 183
Transform: AffineTransform_float_3_3
Parameters: 0.999974 0.000697841 0.00727579 -0.000617158 0.999939 -0.0109698 -0.00728321 0.0109652 0.999914 0.312385 -0.267056 0.124294
FixedParameters: 0 0 0

#Transform 184
Transform: AffineTransform_float_3_3
Parameters: 0.999972 0.000706433 0.00753123 -0.000617559 0.999931 -0.011738 -0.00753977 0.011733 0.999902 0.322528 -0.220483 0.101333
FixedParameters: 0 0 0

#Transform 185
Transform: AffineTransform_float_3_3
Parameters: 0.999969 0.000716616 0.00774551 -0.000617388 0.999919 -0.0127272 -0.00775348 0.0127218 0.999889 0.334731 -0.276511 0.1007
FixedParameters: 0 0 0

#Transform 186
Transform: AffineTransform_float_3_3
Parameters: 0.999972 0.000702742 0.00737341 -0.000617263 0.999934 -0.0114889 -0.00738057 0.0114841 0.999907 0.322525 -0.26425 0.137487
FixedParameters: 0 0 0

#Transform 187
Transform: AffineTransform_float_3_3
Parameters: 0.999972 0.000935198 0.00733518 -0.0008458 0.999926 -0.0121545 -0.00734582 0.0121475 0.999899 0.315613 -0.175362 0.0827239
FixedParameters: 0 0 0

#Transform 188
Transform: AffineTransform_float_3_3
