#Insight Transform File V1.0
#Transform 0
Transform: AffineTransform_float_3_3
Parameters: 1 7.672e-08 -0.00028 7.672e-08 1 0.000274 0.00028 -0.000274 1 0.0202992 -0.0490664 0.381183
FixedParameters: 0 0 0

#Transform 1
Transform: AffineTransform_float_3_3
Parameters: 1 0.000435918 -0.000541262 -0.000435081 0.999998 0.00169624 0.000541739 -0.00169576 0.999999 0.0223298 -0.0902693 0.0421805
FixedParameters: 0 0 0

#Transform 2
Transform: AffineTransform_float_3_3
Parameters: 1 0.000436531 -0.000291206 -0.00043647 0.999998 0.00182013 0.000291795 -0.00181987 0.999999 0.0240778 -0.0542181 -0.0524833
FixedParameters: 0 0 0

#Transform 3
Transform: AffineTransform_float_3_3
Parameters: 1 0.000241477 -0.000291605 -0.000240524 0.999998 0.00163507 0.000291394 -0.00163493 0.999998 0.014191 -0.0861234 -0.0871741
FixedParameters: 0 0 0

#Transform 4
Transform: AffineTransform_float_3_3
Parameters: 1 0.000165302 -0.00018473 -0.000164699 0.999998 0.00163503 0.000184269 -0.00163497 0.999998 0.00736238 -0.0856365 -0.104871
FixedParameters: 0 0 0

#Transform 5
Transform: AffineTransform_float_3_3
Parameters: 1 3.63734e-05 -0.000291954 -3.56265e-05 0.999999 0.00127901 0.000292046 -0.00127899 0.999999 0.0168718 0.0068411 -0.143527
FixedParameters: 0 0 0

#Transform 6
Transform: AffineTransform_float_3_3
Parameters: 1 3.60575e-05 -4.39529e-05 -3.59438e-05 0.999999 0.001307 4.3047e-05 -0.001307 0.999999 0.00788114 -0.0238207 -0.147843
FixedParameters: 0 0 0

#Transform 7
Transform: AffineTransform_float_3_3
Parameters: 1 0.000398373 -0.00029149 -0.000397627 0.999999 0.00128012 0.000291509 -0.00127988 0.999999 0.0108906 -0.0151331 -0.134812
FixedParameters: 0 0 0

#Transform 8
Transform: AffineTransform_float_3_3
Parameters: 1 0.000375201 -0.000291741 -0.000374799 0.999999 0.000689109 0.000291259 -0.00068989 0.999999 0.00195834 0.0406452 -0.149386
FixedParameters: 0 0 0

#Transform 9
Transform: AffineTransform_float_3_3
Parameters: 1 0.000462573 -0.000291091 -0.000462427 0.999998 0.00196613 0.00029191 -0.00196587 0.999998 -0.0146362 -0.0703126 -0.141139
FixedParameters: 0 0 0

#Transform 10
Transform: AffineTransform_float_3_3
Parameters: 1 0.000947739 0.000240036 -0.000948262 0.999999 0.00109277 -0.000238964 -0.00109323 1 -0.0501471 0.00964938 -0.172107
FixedParameters: 0 0 0

#Transform 11
Transform: AffineTransform_float_3_3
Parameters: 0.999999 0.000521149 0.000628876 -0.000520851 1 -0.000237328 -0.000629123 0.000236672 1 -0.0657283 0.132699 -0.199837
FixedParameters: 0 0 0

#Transform 12
Transform: AffineTransform_float_3_3
Parameters: 0.999999 0.00075295 0.000345108 -0.000753049 0.999999 0.00014374 -0.000344891 -0.00014426 1 -0.0617013 0.0497122 -0.170646
FixedParameters: 0 0 0

#Transform 13
Transform: AffineTransform_float_3_3
Parameters: 0.999999 0.000993005 6.09086e-05 -0.000992993 0.999999 -9.20605e-05 -6.10913e-05 9.19393e-05 1 -0.0449838 0.0929737 -0.192227
FixedParameters: 0 0 0

#Transform 14
Transform: AffineTransform_float_3_3
Parameters: 1 0.00108499 -4.11638e-05 -0.00108501 1 -0.000150955 4.08362e-05 0.000151044 1 -0.0598168 0.0823366 -0.210443
FixedParameters: 0 0 0

#Transform 15
Transform: AffineTransform_float_3_3
Parameters: 1 0.00116708 -0.00029168 -0.00116692 1 0.000274341 0.00029132 -0.00027366 1 -0.0481544 0.0489316 -0.226915
FixedParameters: 0 0 0

#Transform 16
Transform: AffineTransform_float_3_3
Parameters: 1 0.00109505 -0.000291813 -0.00109495 1 0.00017132 0.000291188 -0.000171681 1 -0.047164 0.0714044 -0.202538
FixedParameters: 0 0 0

#Transform 17
Transform: AffineTransform_float_3_3
Parameters: 1 0.00113994 -0.000292246 -0.00114006 1 -0.000215667 0.000291754 0.000216333 1 -0.0477294 0.0950283 -0.229979
FixedParameters: 0 0 0

#Transform 18
Transform: AffineTransform_float_3_3
Parameters: 1 0.00111806 -0.000291777 -0.00111794 1 0.000199326 0.000291222 -0.000198675 1 -0.053083 0.0639416 -0.20226
FixedParameters: 0 0 0

#Transform 19
Transform: AffineTransform_float_3_3
Parameters: 1 0.00116706 -0.000291783 -0.00116695 1 0.000186341 0.000291218 -0.00018666 1 -0.054089 0.0683903 -0.198593
FixedParameters: 0 0 0

#Transform 20
Transform: AffineTransform_float_3_3
Parameters: 1 0.00106002 -0.000291916 -0.00105998 1 7.93095e-05 0.000292085 -7.96905e-05 1 -0.052258 0.0902826 -0.226887
FixedParameters: 0 0 0

#Transform 21
Transform: AffineTransform_float_3_3
Parameters: 0.999999 0.000928053 -0.000366862 -0.000927945 0.999999 0.00014834 0.000367137 -0.000147659 1 -0.056686 0.066415 -0.229304
FixedParameters: 0 0 0

#Transform 22
Transform: AffineTransform_float_3_3
Parameters: 1 0.000972035 -0.000447924 -0.000971965 0.999999 7.84354e-05 0.000448076 -7.75645e-05 1 -0.0500064 0.0596762 -0.220786
FixedParameters: 0 0 0

#Transform 23
Transform: AffineTransform_float_3_3
Parameters: 0.999999 0.000856041 -0.000190813 -0.000855958 0.999999 0.000218163 0.000191186 -0.000217836 1 -0.0517493 0.0964114 -0.190676
FixedParameters: 0 0 0

#Transform 24
Transform: AffineTransform_float_3_3
Parameters: 1 0.00092825 -0.000508543 -0.000927749 0.999999 0.000492472 0.000509456 -0.000491527 0.999999 -0.0421397 0.0681523 -0.233433
FixedParameters: 0 0 0

#Transform 25
Transform: AffineTransform_float_3_3
Parameters: 0.999999 0.00121824 -0.000705584 -0.00121876 0.999999 0.00034186 0.000706416 -0.00034114 0.999999 -0.043286 0.0659804 -0.250374
FixedParameters: 0 0 0

#Transform 26
Transform: AffineTransform_float_3_3
Parameters: 1 0.000935918 -0.000706107 -0.000935081 0.999999 -0.00011434 0.000705892 0.000115661 0.999999 -0.0361351 0.106062 -0.218324
FixedParameters: 0 0 0

#Transform 27
Transform: AffineTransform_float_3_3
Parameters: 0.999999 0.00125374 -0.000706463 -0.00125426 0.999999 -0.000369114 0.000705536 0.000369885 0.999999 -0.0492335 0.0665123 -0.223024
FixedParameters: 0 0 0

#Transform 28
Transform: AffineTransform_float_3_3
Parameters: 0.999999 0.000698955 -0.000455068 -0.000699044 1 -9.76819e-05 0.000454931 9.8318e-05 1 -0.0328282 0.110319 -0.205308
FixedParameters: 0 0 0

#Transform 29
Transform: AffineTransform_float_3_3
Parameters: 0.999999 0.000698953 -0.000706045 -0.000699046 1 -6.55064e-05 0.000705954 6.54934e-05 0.999999 -0.017125 0.113465 -0.226172
FixedParameters: 0 0 0

#Transform 30
Transform: AffineTransform_float_3_3
Parameters: 1 0.000699113 -0.000971918 -0.000698887 0.999999 0.000116679 0.000972081 -0.00011632 0.999999 -0.0171328 0.0996481 -0.250906
FixedParameters: 0 0 0

#Transform 31
Transform: AffineTransform_float_3_3
Parameters: 0.999999 0.000842374 -0.00114773 -0.000841625 0.999999 0.000326966 0.00114828 -0.000326033 1 -0.00273207 0.0738576 -0.262354
FixedParameters: 0 0 0

#Transform 32
Transform: AffineTransform_float_3_3
Parameters: 1 0.000639925 -0.000149321 -0.000640074 0.999999 -0.000501904 0.000148679 0.000502095 1 -0.0273067 0.135519 -0.291073
FixedParameters: 0 0 0

#Transform 33
Transform: AffineTransform_float_3_3
Parameters: 0.999999 0.000622378 -0.000596649 -0.000623622 1 -0.00104263 0.00059635 0.00104237 1 -0.00442141 0.119948 -0.282793
FixedParameters: 0 0 0

#Transform 34
Transform: AffineTransform_float_3_3
Parameters: 0.999999 0.0005333 -0.00064358 -0.000534699 1 -0.00108766 0.000642418 0.00108834 0.999999 -0.0100114 0.0831211 -0.258735
FixedParameters: 0 0 0

#Transform 35
Transform: AffineTransform_float_3_3
Parameters: 0.999999 0.000673466 -0.000716502 -0.000673534 1 -0.000745518 0.000715497 0.000746482 0.999999 -0.00629323 0.0951497 -0.299153
FixedParameters: 0 0 0

#Transform 36
Transform: AffineTransform_float_3_3
Parameters: 1 0.000185031 -0.000197971 -0.000184969 1 0.000156037 0.000198029 -0.000155963 1 -0.0313084 0.118477 -0.19781
FixedParameters: 0 0 0

#Transform 37
Transform: AffineTransform_float_3_3
Parameters: 0.999999 0.000224439 -0.000675187 -0.000224561 0.999999 -0.000830849 0.000674814 0.000831152 1 -0.0103817 0.0432853 -0.218549
FixedParameters: 0 0 0

#Transform 38
Transform: AffineTransform_float_3_3
Parameters: 1 0.000619001 -4.59789e-05 -0.000618998 1 3.40285e-05 4.6021e-05 -3.39715e-05 1 -0.0166358 0.0543525 -0.173455
FixedParameters: 0 0 0

#Transform 39
Transform: AffineTransform_float_3_3
Parameters: 1 0.000315818 -0.000331174 -0.000315182 1 -0.000549895 0.000330827 0.000550104 1 -0.00926153 0.138962 -0.223551
FixedParameters: 0 0 0

#Transform 40
Transform: AffineTransform_float_3_3
Parameters: 0.999999 0.000287188 -0.000648916 -0.000286812 1 0.000290186 0.000649083 -0.000289814 0.999999 -0.00760756 0.074507 -0.249697
FixedParameters: 0 0 0

#Transform 41
Transform: AffineTransform_float_3_3
Parameters: 1 0.000400082 -0.00021985 -0.000399918 1 0.000375088 0.00021915 -0.000374912 1 -0.0123762 0.0968559 -0.258347
FixedParameters: 0 0 0

#Transform 42
Transform: AffineTransform_float_3_3
Parameters: 1 0.000370986 -2.22374e-05 -0.000371014 0.999999 -0.000639991 2.17625e-05 0.000640008 1 -0.0194037 0.199965 -0.250304
FixedParameters: 0 0 0

#Transform 43
Transform: AffineTransform_float_3_3
Parameters: 1 0.000143119 0.000235928 -0.000142881 1 -0.000503034 -0.000236072 0.000502966 1 -0.0134684 0.165538 -0.287254
FixedParameters: 0 0 0

#Transform 44
Transform: AffineTransform_float_3_3
Parameters: 1 0.000213033 4.48434e-05 -0.000212967 0.999999 -0.000735009 -4.51565e-05 0.00073499 0.999999 -0.00904001 0.153421 -0.273768
FixedParameters: 0 0 0

#Transform 45
Transform: AffineTransform_float_3_3
Parameters: 1 0.000405786 -0.00027931 -0.000406214 0.999999 -0.000764886 0.000279689 0.000765113 0.999999 0.00552561 0.19212 -0.281837
FixedParameters: 0 0 0

#Transform 46
Transform: AffineTransform_float_3_3
Parameters: 1 0.000315986 -6.40692e-05 -0.000316014 1 -0.00021898 6.39308e-05 0.00021902 1 -0.00126803 0.124451 -0.329992
FixedParameters: 0 0 0

#Transform 47
Transform: AffineTransform_float_3_3
Parameters: 1 0.000401352 -0.00100226 -0.000401647 0.999999 -0.000645598 0.00100174 0.000646402 1 0.00924464 0.150151 -0.329514
FixedParameters: 0 0 0

#Transform 48
Transform: AffineTransform_float_3_3
Parameters: 1 0.000320893 -0.000593057 -0.000321107 1 -0.00017981 0.000592942 0.00018019 1 0.00282912 0.182444 -0.321661
FixedParameters: 0 0 0

#Transform 49
Transform: AffineTransform_float_3_3
Parameters: 1 0.000409886 -0.000339138 -0.000410114 1 -0.000335861 0.000338862 0.000336139 1 -0.00705635 0.139912 -0.315277
FixedParameters: 0 0 0

#Transform 50
Transform: AffineTransform_float_3_3
Parameters: 0.999999 0.000444601 -0.000684258 -0.000444398 0.999999 -0.000581696 0.000684741 0.000582304 0.999999 -0.00245866 0.208696 -0.332167
FixedParameters: 0 0 0

#Transform 51
Transform: AffineTransform_float_3_3
Parameters: 0.999999 0.000505834 -0.000675123 -0.000506165 1 -0.000244658 0.000674876 0.000245341 0.999999 -0.00574699 0.140128 -0.315127
FixedParameters: 0 0 0

#Transform 52
Transform: AffineTransform_float_3_3
Parameters: 0.999999 0.000308911 -0.000670041 -0.00030909 1 -0.000133793 0.000669959 0.000133207 1 -0.00844931 0.119376 -0.302362
FixedParameters: 0 0 0

#Transform 53
Transform: AffineTransform_float_3_3
Parameters: 0.999999 -3.65738e-05 0.000798019 3.74261e-05 1 -0.00053397 -0.00079798 0.000534029 0.999999 -0.0149631 0.22022 -0.287578
FixedParameters: 0 0 0

#Transform 54
Transform: AffineTransform_float_3_3
Parameters: 1 0.000103837 0.000369046 -0.000104163 1 0.000441961 -0.000368954 -0.000442038 1 0.00576088 0.0950327 -0.267392
FixedParameters: 0 0 0

#Transform 55
Transform: AffineTransform_float_3_3
Parameters: 1 0.000184039 -4.68474e-05 -0.000183961 0.999999 0.000829008 4.71525e-05 -0.000828991 0.999999 0.00339534 0.145306 -0.326148
FixedParameters: 0 0 0

#Transform 56
Transform: AffineTransform_float_3_3
Parameters: 1 0.000465071 -0.000128742 -0.000464928 0.999999 0.00055506 0.000129258 -0.00055494 1 0.000715436 0.1305 -0.306861
FixedParameters: 0 0 0

#Transform 57
Transform: AffineTransform_float_3_3
Parameters: 1 0.000476264 -0.000431708 -0.000475735 0.999999 0.000612205 0.000432291 -0.000612794 0.999999 0.0111234 0.0999314 -0.277187
FixedParameters: 0 0 0

#Transform 58
Transform: AffineTransform_float_3_3
Parameters: 1 0.000136983 0.000130018 -0.000137017 1 0.000131982 -0.000129982 -0.000132018 1 0.00427699 0.117438 -0.222557
FixedParameters: 0 0 0

#Transform 59
Transform: AffineTransform_float_3_3
Parameters: 1 0.000401002 3.19679e-05 -0.000400997 1 -8.00128e-05 -3.20321e-05 7.99872e-05 1 -0.00391312 0.137499 -0.251664
FixedParameters: 0 0 0

#Transform 60
Transform: AffineTransform_float_3_3
Parameters: 1 0.000526961 -0.000357058 -0.000527039 1 -0.000109812 0.000356942 0.000110188 1 -0.000931293 0.134809 -0.269779
FixedParameters: 0 0 0

#Transform 61
Transform: AffineTransform_float_3_3
Parameters: 1 0.000443968 -0.000484029 -0.000444032 1 -6.57851e-05 0.000483971 6.52149e-05 1 -0.0110621 0.161269 -0.310266
FixedParameters: 0 0 0

#Transform 62
Transform: AffineTransform_float_3_3
Parameters: 0.999999 0.000402874 -0.000595085 -0.000403126 1 -0.00021176 0.000594914 0.00021224 1 -0.00572693 0.189136 -0.311129
FixedParameters: 0 0 0

#Transform 63
Transform: AffineTransform_float_3_3
Parameters: 0.999999 0.000393817 -0.000862083 -0.000394182 1 -0.00021166 0.000861916 0.000212339 0.999999 0.00125353 0.170603 -0.308845
FixedParameters: 0 0 0

#Transform 64
Transform: AffineTransform_float_3_3
Parameters: 1 0.000274696 -0.000607137 -0.000275303 1 -0.000499833 0.000606862 0.000500167 0.999999 -0.00710075 0.183276 -0.311104
FixedParameters: 0 0 0

#Transform 65
Transform: AffineTransform_float_3_3
Parameters: 1 3.90468e-06 -0.000357001 -4.09532e-06 1 -0.000266999 0.000356999 0.000267001 1 0.00648267 0.163841 -0.289885
FixedParameters: 0 0 0

#Transform 66
Transform: AffineTransform_float_3_3
Parameters: 0.999999 0.000324444 -0.00075324 -0.000325555 0.999999 -0.000737755 0.00075276 0.000738245 1 -0.0038338 0.22168 -0.313916
FixedParameters: 0 0 0

#Transform 67
Transform: AffineTransform_float_3_3
Parameters: 0.999999 0.000818758 -0.000357556 -0.000819243 1 -0.000678707 0.000357444 0.000678293 0.999999 -0.0134769 0.160254 -0.331183
FixedParameters: 0 0 0

#Transform 68
Transform: AffineTransform_float_3_3
Parameters: 1 0.00046571 -0.000357378 -0.000466289 0.999999 -0.000811833 0.000356621 0.000812166 0.999999 -0.00687723 0.204272 -0.313372
FixedParameters: 0 0 0

#Transform 69
Transform: AffineTransform_float_3_3
Parameters: 0.999999 0.000733744 -0.000357527 -0.000734257 1 -0.000717738 0.000357473 0.000717263 0.999999 -0.0122698 0.232364 -0.348942
FixedParameters: 0 0 0

#Transform 70
Transform: AffineTransform_float_3_3
Parameters: 0.999999 0.000682712 -0.000495396 -0.000683286 0.999999 -0.000579661 0.000494603 0.000580337 0.999999 -0.0149673 0.162869 -0.308975
FixedParameters: 0 0 0

#Transform 71
Transform: AffineTransform_float_3_3
Parameters: 0.999998 0.00184142 0.000629688 -0.00184158 0.999998 0.000915842 -0.000628314 -0.000916159 1 -0.0697679 0.0874174 -0.31422
FixedParameters: 0 0 0

#Transform 72
Transform: AffineTransform_float_3_3
Parameters: 0.999999 0.00036325 0.000828329 -0.00036375 1 0.0009057 -0.000827671 -0.000906302 0.999999 -0.041102 0.148676 -0.358858
FixedParameters: 0 0 0

#Transform 73
Transform: AffineTransform_float_3_3
Parameters: 0.999999 -0.000192849 0.000829034 0.000192151 1 -0.000181841 -0.000828964 0.00018216 0.999999 -0.0412798 0.270916 -0.373158
FixedParameters: 0 0 0

#Transform 74
Transform: AffineTransform_float_3_3
Parameters: 1 -0.000193025 0.000372987 0.000192975 1 6.7072e-05 -0.000373013 -6.6928e-05 1 -0.0361953 0.206798 -0.391637
FixedParameters: 0 0 0

#Transform 75
Transform: AffineTransform_float_3_3
Parameters: 1 0.000341121 0.000298862 -0.000340879 1 -0.000404102 -0.000299138 0.000403898 1 -0.0377592 0.27327 -0.526943
FixedParameters: 0 0 0

#Transform 76
Transform: AffineTransform_float_3_3
Parameters: 0.999999 0.000742118 0.000298707 -0.000741881 0.999999 -0.000395222 -0.000299294 0.000395778 1 -0.0657547 0.286523 -0.572066
FixedParameters: 0 0 0

#Transform 77
Transform: AffineTransform_float_3_3
Parameters: 0.999999 0.000886001 -9.29804e-05 -0.000885997 0.999999 2.20824e-05 9.30194e-05 -2.19176e-05 1 -0.0575509 0.232058 -0.541887
FixedParameters: 0 0 0

#Transform 78
Transform: AffineTransform_float_3_3
Parameters: 0.999999 0.00076355 -0.000400858 -0.00076445 0.999999 -0.00112269 0.000400142 0.00112231 1 -0.046904 0.331518 -0.511073
FixedParameters: 0 0 0

#Transform 79
Transform: AffineTransform_float_3_3
Parameters: 0.999999 0.000148167 -0.000708965 -0.000148833 1 0.000236106 0.000709035 -0.000235895 0.999999 -0.00915953 0.210551 -0.381893
FixedParameters: 0 0 0

#Transform 80
Transform: AffineTransform_float_3_3
Parameters: 0.999999 5.59493e-05 -0.000713004 -5.60506e-05 1 -7.096e-05 0.000712996 7.10399e-05 0.999999 0.00115631 0.2079 -0.389608
FixedParameters: 0 0 0

#Transform 81
Transform: AffineTransform_float_3_3
Parameters: 0.999999 -0.000101671 -0.000765911 0.000101329 0.999999 -0.000876078 0.000766089 0.000875922 1 0.00115523 0.277403 -0.454376
FixedParameters: 0 0 0

#Transform 82
Transform: AffineTransform_float_3_3
Parameters: 0.999999 -0.000263615 -0.0014057 0.000262385 1 -0.00114937 0.0014053 0.00114863 0.999999 -0.0159578 0.256761 -0.438484
FixedParameters: 0 0 0

#Transform 83
Transform: AffineTransform_float_3_3
Parameters: 0.999999 -0.000302196 -0.0012047 0.000301804 1 -0.000993365 0.0012043 0.000992637 0.999999 -0.00169876 0.233555 -0.390362
FixedParameters: 0 0 0

#Transform 84
Transform: AffineTransform_float_3_3
Parameters: 0.999999 -0.000454301 -0.00120451 0.000452699 1 -0.00108055 0.00120449 0.00107945 0.999998 0.00932919 0.241286 -0.391621
FixedParameters: 0 0 0

#Transform 85
Transform: AffineTransform_float_3_3
Parameters: 0.999999 -0.000127523 -0.000812918 0.000127477 1 -0.000643104 0.000813082 0.000642897 1 0.00253187 0.18534 -0.377521
FixedParameters: 0 0 0

#Transform 86
Transform: AffineTransform_float_3_3
Parameters: 0.999999 -0.000375483 -0.000892797 0.000374517 1 -0.000541335 0.000892203 0.000540665 1 0.0009556 0.185943 -0.390706
FixedParameters: 0 0 0

#Transform 87
Transform: AffineTransform_float_3_3
Parameters: 1 -0.000487655 -0.000934754 0.000491347 0.999994 0.00358254 0.000933246 -0.00358246 0.999993 0.0394274 -0.0531211 -0.0597967
FixedParameters: 0 0 0

#Transform 88
Transform: AffineTransform_float_3_3
Parameters: 0.999999 -0.000683694 -0.0014061 0.000687305 0.999995 0.00306404 0.0014039 -0.00306496 0.999995 0.104976 -0.045411 -0.0270884
FixedParameters: 0 0 0

#Transform 89
Transform: AffineTransform_float_3_3
Parameters: 1 -0.000460284 -0.000461723 0.000458715 0.999996 -0.00277821 0.000463276 0.00277779 0.999996 0.0663319 0.237919 -0.298757
FixedParameters: 0 0 0

#Transform 90
Transform: AffineTransform_float_3_3
Parameters: 0.999999 -0.000930312 0.000158099 0.000931686 0.99999 -0.00440486 -0.000153898 0.00440415 0.999991 0.0678857 0.393742 -0.319377
FixedParameters: 0 0 0

#Transform 91
Transform: AffineTransform_float_3_3
Parameters: 1 -0.00112147 0.000167604 0.00112153 0.999994 -0.00321281 -0.000163397 0.00321319 0.999995 0.0753797 0.291133 -0.303448
FixedParameters: 0 0 0

#Transform 92
Transform: AffineTransform_float_3_3
Parameters: 0.999999 -0.00110763 9.63514e-05 0.00110737 0.999991 -0.0039279 -9.2652e-05 0.0039271 0.999993 0.0782159 0.384308 -0.326305
FixedParameters: 0 0 0

#Transform 93
Transform: AffineTransform_float_3_3
Parameters: 0.999999 -0.000861469 -0.000136061 0.00086053 0.999994 -0.00341312 0.000138938 0.00341288 0.999994 0.0818038 0.355943 -0.372199
FixedParameters: 0 0 0

#Transform 94
Transform: AffineTransform_float_3_3
Parameters: 1 -0.00053714 0.000306512 0.000537858 0.999996 -0.00281284 -0.000304488 0.00281316 0.999996 0.0637728 0.331096 -0.332147
FixedParameters: 0 0 0

#Transform 95
Transform: AffineTransform_float_3_3
Parameters: 0.999999 -0.000738139 0.000262433 0.000738863 0.999995 -0.00329481 -0.000260567 0.00329519 0.999994 0.0483689 0.386285 -0.327567
FixedParameters: 0 0 0

#Transform 96
Transform: AffineTransform_float_3_3
Parameters: 1 -0.000556266 -7.60819e-05 0.000556734 0.999994 -0.00344904 7.79206e-05 0.00344896 0.999994 0.0537119 0.356496 -0.324549
FixedParameters: 0 0 0

#Transform 97
Transform: AffineTransform_float_3_3
Parameters: 0.999999 -0.000529674 -0.000497222 0.000527327 0.999994 -0.00336126 0.000498775 0.00336074 0.999994 0.0594703 0.345466 -0.342841
FixedParameters: 0 0 0

#Transform 98
Transform: AffineTransform_float_3_3
Parameters: 0.999999 -8.05992e-05 -0.000816747 7.73998e-05 0.999995 -0.00318206 0.00081725 0.00318193 0.999994 0.0745133 0.349743 -0.303545
FixedParameters: 0 0 0

#Transform 99
Transform: AffineTransform_float_3_3
Parameters: 1 -0.00109561 0.00048601 0.00110039 0.999958 -0.00911747 -0.000475986 0.00911853 0.999959 0.0639223 0.581066 -0.702979
FixedParameters: 0 0 0

#Transform 100
Transform: AffineTransform_float_3_3
Parameters: 1 -0.000470916 -0.000228118 0.00047008 0.999992 -0.00400011 0.000230882 0.00399989 0.999992 0.0663204 0.320623 -0.577115
FixedParameters: 0 0 0

#Transform 101
Transform: AffineTransform_float_3_3
Parameters: 0.999999 -0.000944686 -0.000152813 0.000944312 0.999989 -0.00443415 0.000157189 0.00443485 0.99999 0.0737122 0.442025 -0.529795
FixedParameters: 0 0 0

#Transform 102
Transform: AffineTransform_float_3_3
Parameters: 0.999999 -0.000400305 -0.000904422 0.000398695 0.999999 -0.00144336 0.000904575 0.00144264 0.999998 0.072227 0.22062 -0.316468
FixedParameters: 0 0 0

#Transform 103
Transform: AffineTransform_float_3_3
Parameters: 0.999999 -0.000942783 -0.00095426 0.000940219 0.999996 -0.0029119 0.000956742 0.0029111 0.999996 0.095628 0.428318 -0.470472
FixedParameters: 0 0 0

#Transform 104
Transform: AffineTransform_float_3_3
Parameters: 0.999999 -0.000744947 -0.00021068 0.000744056 0.99999 -0.00446016 0.00021332 0.00445984 0.99999 0.0649617 0.455902 -0.573746
FixedParameters: 0 0 0

#Transform 105
Transform: AffineTransform_float_3_3
Parameters: 1 -0.000590911 -0.000194251 0.00059009 0.999989 -0.00465512 0.000196749 0.00465489 0.999989 0.055491 0.499168 -0.567781
FixedParameters: 0 0 0

#Transform 106
Transform: AffineTransform_float_3_3
Parameters: 1 -0.00033697 0.0011415 0.000342032 0.99999 -0.00440861 -0.0011405 0.00440939 0.999989 0.0252901 0.447955 -0.528803
FixedParameters: 0 0 0

#Transform 107
Transform: AffineTransform_float_3_3
Parameters: 1 -0.000400375 -0.000237059 0.000400625 0.999997 0.00264291 0.000235942 -0.0026431 0.999997 0.107049 0.10512 -0.266828
FixedParameters: 0 0 0

#Transform 108
Transform: AffineTransform_float_3_3
Parameters: 0.999999 -0.000690002 0.00139401 0.000688998 0.999998 0.00143596 -0.00139499 -0.00143504 0.999998 0.0431739 0.103603 -0.0341109
FixedParameters: 0 0 0

#Transform 109
Transform: AffineTransform_float_3_3
Parameters: 0.999998 -0.0011764 0.00162616 0.0011786 0.999999 -0.000983085 -0.00162584 0.000984915 0.999998 0.0242553 0.0989763 0.0806733
FixedParameters: 0 0 0

#Transform 110
Transform: AffineTransform_float_3_3
Parameters: 1 -0.00116252 -0.000111676 0.00116248 0.999989 -0.00458113 0.000116328 0.00458186 0.999989 0.078105 0.406939 -0.154427
FixedParameters: 0 0 0

#Transform 111
Transform: AffineTransform_float_3_3
Parameters: 1 -0.000967719 0.000713107 0.000970282 0.999995 -0.00320631 -0.000709893 0.00320669 0.999994 0.0356837 0.453984 -0.341474
FixedParameters: 0 0 0

#Transform 112
Transform: AffineTransform_float_3_3
Parameters: 0.999999 -0.00148209 0.000393441 0.00148291 0.999996 -0.00232042 -0.000390559 0.00232158 0.999997 0.0169549 0.432539 -0.457495
FixedParameters: 0 0 0

#Transform 113
Transform: AffineTransform_float_3_3
Parameters: 1 0.000232398 -0.000611611 -0.000233603 0.999996 -0.00262086 0.00061139 0.00262114 0.999997 -0.0553302 0.552177 -0.612646
FixedParameters: 0 0 0

#Transform 114
Transform: AffineTransform_float_3_3
Parameters: 0.999998 -0.000504895 -0.00190724 0.000502105 0.999998 -0.00151796 0.00190776 0.00151704 0.999997 0.0277811 0.391964 -0.525292
FixedParameters: 0 0 0

#Transform 115
Transform: AffineTransform_float_3_3
Parameters: 0.999997 -0.000562265 -0.00264368 0.000555735 0.999997 -0.00237048 0.00264432 0.00236852 0.999993 0.0622376 0.422414 -0.535408
FixedParameters: 0 0 0

#Transform 116
Transform: AffineTransform_float_3_3
Parameters: 0.999996 -0.00114075 -0.00228463 0.00114025 1 -0.000329606 0.00228537 0.000326394 0.999998 0.103037 0.226852 -0.322661
FixedParameters: 0 0 0

#Transform 117
Transform: AffineTransform_float_3_3
Parameters: 0.999998 -0.00137765 -0.00135032 0.00137535 0.999999 -0.00121986 0.00135168 0.00121814 0.999999 0.112234 0.411406 -0.420482
FixedParameters: 0 0 0

#Transform 118
Transform: AffineTransform_float_3_3
Parameters: 0.999998 -0.00108691 -0.00179484 0.00108509 0.999999 -0.00106595 0.00179616 0.00106405 0.999998 0.100855 0.410822 -0.412046
FixedParameters: 0 0 0

#Transform 119
Transform: AffineTransform_float_3_3
Parameters: 0.999997 -0.000974128 -0.00197844 0.000972872 1 -0.000570926 0.00197955 0.000569073 0.999998 0.094603 0.358076 -0.398813
FixedParameters: 0 0 0

#Transform 120
Transform: AffineTransform_float_3_3
Parameters: 0.999997 -0.000905126 -0.00250023 0.000902875 0.999999 -0.00085126 0.00250077 0.000848739 0.999996 0.0909039 0.416863 -0.432076
FixedParameters: 0 0 0

#Transform 121
Transform: AffineTransform_float_3_3
Parameters: 0.999992 -0.000627488 -0.00378775 0.00062651 0.999999 -0.000394376 0.00378824 0.000391626 0.999992 0.0985864 0.391368 -0.560685
FixedParameters: 0 0 0

#Transform 122
Transform: AffineTransform_float_3_3
Parameters: 0.999982 -0.000417094 -0.00608399 0.000401903 0.999997 -0.00248249 0.00608502 0.00247951 0.999979 0.154875 0.551819 -0.932759
FixedParameters: 0 0 0

#Transform 123
Transform: AffineTransform_float_3_3
Parameters: 0.999995 -0.000118938 -0.00337793 0.000117064 1 -0.000573399 0.00337707 0.000573602 0.999994 0.0677309 0.241125 -0.630267
FixedParameters: 0 0 0

#Transform 124
Transform: AffineTransform_float_3_3
Parameters: 0.999989 -0.000475976 -0.00467987 0.000494023 0.999993 0.00385073 0.00467813 -0.00385327 0.999981 0.150082 0.12847 -0.382404
FixedParameters: 0 0 0

#Transform 125
Transform: AffineTransform_float_3_3
Parameters: 0.999991 -0.000121795 -0.00424301 0.000121203 1 4.74862e-05 0.00424299 -4.85172e-05 0.999991 0.148756 0.311094 -0.44899
FixedParameters: 0 0 0

#Transform 126
Transform: AffineTransform_float_3_3
Parameters: 0.999986 0.000245605 -0.00528602 -0.000246393 1 -7.36986e-05 0.00528598 7.52993e-05 0.999986 0.167214 0.405621 -0.557421
FixedParameters: 0 0 0

#Transform 127
Transform: AffineTransform_float_3_3
Parameters: 0.999986 -4.39842e-05 -0.00518696 3.90147e-05 1 -0.000961216 0.00518704 0.000960785 0.999986 0.185613 0.377334 -0.555922
FixedParameters: 0 0 0

#Transform 128
Transform: AffineTransform_float_3_3
Parameters: 0.999996 -0.000899154 -0.00266226 0.000887842 0.999991 -0.00418838 0.00266674 0.00418562 0.999987 0.124012 0.45189 -0.412258
FixedParameters: 0 0 0

#Transform 129
Transform: AffineTransform_float_3_3
Parameters: 0.999994 -0.00163429 -0.00325935 0.00162971 0.999998 -0.00162532 0.00326265 0.00162068 0.999994 0.168493 0.423678 -0.333961
FixedParameters: 0 0 0

#Transform 130
Transform: AffineTransform_float_3_3
Parameters: 0.999995 -0.00170071 -0.00237835 0.00169629 0.999998 -0.00156304 0.00238065 0.00155896 0.999996 0.131034 0.3725 -0.340037
FixedParameters: 0 0 0

#Transform 131
Transform: AffineTransform_float_3_3
Parameters: 0.999992 -0.00177401 -0.00357749 0.001775 0.999999 0.000275652 0.0035765 -0.000281347 0.999993 0.182292 0.168326 -0.472131
FixedParameters: 0 0 0

#Transform 132
Transform: AffineTransform_float_3_3
Parameters: 0.999997 -0.00133059 -0.0017151 0.00133141 0.999999 0.000822718 0.0017139 -0.000825282 0.999998 0.109355 0.18268 -0.346973
FixedParameters: 0 0 0

#Transform 133
Transform: AffineTransform_float_3_3
Parameters: 0.999998 -0.00112069 -0.00112832 0.00111931 0.999999 -0.00149727 0.00112968 0.00149674 0.999998 0.0754571 0.350741 -0.322354
FixedParameters: 0 0 0

#Transform 134
Transform: AffineTransform_float_3_3
Parameters: 0.999998 -0.000591938 -0.00221322 0.000589062 0.999999 -0.00132831 0.00221378 0.00132669 0.999996 0.0846853 0.334718 -0.290058
FixedParameters: 0 0 0

#Transform 135
Transform: AffineTransform_float_3_3
Parameters: 0.999998 -0.000738382 -0.00209746 0.000733619 0.999998 -0.00208954 0.00209854 0.00208746 0.999995 0.0793599 0.396887 -0.362566
FixedParameters: 0 0 0

#Transform 136
Transform: AffineTransform_float_3_3
Parameters: 0.999997 -0.00112805 -0.00214145 0.00112695 0.999999 -0.000492415 0.00214255 0.000489584 0.999997 0.114996 0.337421 -0.395446
FixedParameters: 0 0 0

#Transform 137
Transform: AffineTransform_float_3_3
Parameters: 0.999996 -0.000619791 -0.0029171 0.000606208 0.999988 -0.00472679 0.0029199 0.00472421 0.999984 0.164921 0.600195 -0.432275
FixedParameters: 0 0 0

#Transform 138
Transform: AffineTransform_float_3_3
Parameters: 0.999998 -0.000489152 -0.00169752 0.000484845 0.999996 -0.00303483 0.00169948 0.00303317 0.999994 0.1317 0.389513 -0.129969
FixedParameters: 0 0 0

#Transform 139
Transform: AffineTransform_float_3_3
Parameters: 0.999997 -0.0012455 -0.00180365 0.0012455 0.999999 -0.000279247 0.00180435 0.000276753 0.999999 0.100909 0.176364 -0.00799087
FixedParameters: 0 0 0

#Transform 140
Transform: AffineTransform_float_3_3
Parameters: 0.999997 -0.000803609 -0.00203958 0.00080039 0.999998 -0.00176964 0.00204142 0.00176836 0.999997 0.111693 0.414624 -0.222742
FixedParameters: 0 0 0

#Transform 141
Transform: AffineTransform_float_3_3
Parameters: 0.999983 0.00250369 -0.00523615 -0.00253131 0.999983 -0.00521583 0.00522285 0.00522916 0.999972 -0.0128051 0.628007 -0.726995
FixedParameters: 0 0 0

#Transform 142
Transform: AffineTransform_float_3_3
Parameters: 0.999978 0.00107439 -0.00665624 -0.00108261 0.999999 -0.00113982 0.00665477 0.00114718 0.999977 0.00902552 0.19987 -0.743179
FixedParameters: 0 0 0

#Transform 143
Transform: AffineTransform_float_3_3
Parameters: 0.999998 0.000387999 -0.00199417 -0.000399 0.999984 -0.00551921 0.00199183 0.00551978 0.999983 0.000448333 0.677476 -0.671527
FixedParameters: 0 0 0

#Transform 144
Transform: AffineTransform_float_3_3
Parameters: 0.999998 0.000647739 -0.0021746 -0.000643265 0.999998 0.00217841 0.00217541 -0.0021776 0.999996 0.0450747 0.018025 0.0478614
FixedParameters: 0 0 0

#Transform 145
Transform: AffineTransform_float_3_3
Parameters: 0.999998 0.000329069 -0.00187981 -0.00032793 1 0.000569617 0.00188019 -0.000568382 0.999998 0.0532924 0.163013 0.0109463
FixedParameters: 0 0 0

#Transform 146
Transform: AffineTransform_float_3_3
Parameters: 0.999999 6.42342e-05 -0.00177499 -6.37656e-05 1 0.000132113 0.00177501 -0.000131886 0.999999 0.0482008 0.234414 -0.0699471
FixedParameters: 0 0 0

#Transform 147
Transform: AffineTransform_float_3_3
Parameters: 0.999996 0.000619546 -0.00284076 -0.000622453 0.999999 -0.00121524 0.00283925 0.00121676 0.999995 0.0654438 0.40458 -0.254504
FixedParameters: 0 0 0

#Transform 148
Transform: AffineTransform_float_3_3
Parameters: 0.999998 0.000248268 -0.00199784 -0.000246731 1 0.000635494 0.00199816 -0.000634505 0.999998 0.0335177 0.292097 -0.251585
FixedParameters: 0 0 0

#Transform 149
Transform: AffineTransform_float_3_3
Parameters: 0.999997 0.000193918 -0.00238501 -0.000194081 1 -3.35372e-05 0.00238499 3.44626e-05 0.999997 0.0513809 0.316317 -0.314842
FixedParameters: 0 0 0

#Transform 150
Transform: AffineTransform_float_3_3
Parameters: 0.999999 -0.000472741 -0.00147133 0.000483257 0.999975 0.00698029 0.00146766 -0.0069807 0.999974 0.0447096 -0.117793 0.312897
FixedParameters: 0 0 0

#Transform 151
Transform: AffineTransform_float_3_3
Parameters: 0.999993 -0.00369478 -0.000292405 0.00370225 0.999324 0.0365942 0.000157624 -0.0365949 0.99933 0.0787447 -1.58835 0.910331
FixedParameters: 0 0 0

#Transform 152
Transform: AffineTransform_float_3_3
Parameters: 0.999994 -0.00155599 -0.00329647 0.00162302 0.99979 0.0204228 0.00326453 -0.0204282 0.999786 0.189315 -0.502955 -0.0203579
FixedParameters: 0 0 0

#Transform 153
Transform: AffineTransform_float_3_3
Parameters: 0.999997 -0.00104861 -0.00245886 0.00109339 0.999827 0.0185314 0.00243916 -0.0185336 0.999826 0.13904 -0.441966 -0.0985563
FixedParameters: 0 0 0

#Transform 154
Transform: AffineTransform_float_3_3
Parameters: 0.999994 -0.00183192 -0.00288411 0.00188008 0.999858 0.0167587 0.00285289 -0.0167633 0.999856 0.183191 -0.37119 -0.0880397
FixedParameters: 0 0 0

#Transform 155
Transform: AffineTransform_float_3_3
Parameters: 0.999995 -0.00154625 -0.00272501 0.00158075 0.999917 0.0127958 0.00270499 -0.0128002 0.999915 0.175969 -0.143816 -0.210228
FixedParameters: 0 0 0

#Transform 156
Transform: AffineTransform_float_3_3
Parameters: 0.999995 -0.000956607 -0.00323826 0.00100941 0.999863 0.0165268 0.00322276 -0.0165302 0.999858 0.223861 -0.293425 -0.0893683
FixedParameters: 0 0 0

#Transform 157
Transform: AffineTransform_float_3_3
Parameters: 0.999993 -0.00188064 -0.00325066 0.00193036 0.999877 0.0155588 0.00322135 -0.0155652 0.999873 0.233567 -0.233592 -0.0127604
FixedParameters: 0 0 0

#Transform 158
Transform: AffineTransform_float_3_3
Parameters: 0.999994 -0.00114122 -0.00347846 0.00119578 0.999874 0.0157889 0.00345955 -0.0157921 0.99987 0.203645 -0.295526 0.0291889
FixedParameters: 0 0 0

#Transform 159
Transform: AffineTransform_float_3_3
Parameters: 0.999985 -0.000873398 -0.00529592 0.000965605 0.99985 0.0173191 0.00528006 -0.0173239 0.999836 0.219907 -0.526527 0.235298
FixedParameters: 0 0 0

#Transform 160
Transform: AffineTransform_float_3_3
Parameters: 0.999983 -0.00168722 -0.00549531 0.00178578 0.999836 0.0180215 0.0054637 -0.0180305 0.999823 0.256073 -0.38188 0.103379
FixedParameters: 0 0 0

#Transform 161
Transform: AffineTransform_float_3_3
Parameters: 0.999992 -0.000174508 -0.00416705 0.000217492 0.999945 0.0104392 0.00416496 -0.0104398 0.999937 0.185528 -0.163109 0.0266489
FixedParameters: 0 0 0

#Transform 162
Transform: AffineTransform_float_3_3
Parameters: 0.999993 -0.000265149 -0.00353196 0.000301851 0.999945 0.010437 0.00352904 -0.010438 0.99994 0.169348 -0.225806 -0.00322787
FixedParameters: 0 0 0

#Transform 163
Transform: AffineTransform_float_3_3
Parameters: 0.999992 -0.000318482 -0.00410896 0.000366517 0.999933 0.0115686 0.00410503 -0.0115704 0.999924 0.189878 -0.244068 -0.0292384
FixedParameters: 0 0 0

#Transform 164
Transform: AffineTransform_float_3_3
Parameters: 0.999993 -0.000310318 -0.00379036 0.000348691 0.999948 0.0102097 0.00378764 -0.0102102 0.99994 0.175079 -0.192193 -0.0978267
FixedParameters: 0 0 0

#Transform 165
Transform: AffineTransform_float_3_3
Parameters: 0.999991 -0.000536735 -0.00422145 0.000578273 0.999952 0.00978065 0.00421655 -0.00978235 0.999944 0.17634 -0.138001 -0.0715743
FixedParameters: 0 0 0

#Transform 166
Transform: AffineTransform_float_3_3
Parameters: 0.999991 -0.000616241 -0.00401547 0.000657756 0.999948 0.0101574 0.00400853 -0.0101596 0.999941 0.163569 -0.193905 -0.16711
FixedParameters: 0 0 0

#Transform 167
Transform: AffineTransform_float_3_3
Parameters: 0.999989 -0.00112595 -0.00455486 0.00116905 0.999954 0.00945877 0.00454414 -0.00946422 0.999945 0.128468 0.00443448 -0.468927
FixedParameters: 0 0 0

#Transform 168
Transform: AffineTransform_float_3_3
Parameters: 0.999988 -0.00293863 -0.00373947 0.00296737 0.999966 0.00760299 0.00371753 -0.00761401 0.999964 0.115548 0.0169198 -0.392679
FixedParameters: 0 0 0

#Transform 169
Transform: AffineTransform_float_3_3
Parameters: 0.99999 -0.00265652 -0.00378368 0.00270849 0.999903 0.0136669 0.00374732 -0.0136771 0.9999 0.138929 -0.321501 0.0901665
FixedParameters: 0 0 0

#Transform 170
Transform: AffineTransform_float_3_3
Parameters: 0.999992 -0.00141481 -0.00370396 0.0014762 0.999861 0.0165717 0.00368004 -0.0165763 0.999856 0.165728 -0.467933 0.0302936
FixedParameters: 0 0 0

#Transform 171
Transform: AffineTransform_float_3_3
Parameters: 0.999988 -0.00215838 -0.00442524 0.00216562 0.999996 0.00149243 0.00442176 -0.00150156 0.999989 0.193199 0.667691 -1.52236
FixedParameters: 0 0 0

#Transform 172
Transform: AffineTransform_float_3_3
Parameters: 0.999962 -0.00105667 -0.00873211 0.00110634 0.999984 0.00564756 0.00872589 -0.00565644 0.999946 0.29257 0.465457 -1.36854
FixedParameters: 0 0 0

#Transform 173
Transform: AffineTransform_float_3_3
Parameters: 0.999949 -0.00273954 -0.00972545 0.00281846 0.999964 0.00806301 0.00970255 -0.00809 0.99992 0.339471 0.125256 -0.81194
FixedParameters: 0 0 0

#Transform 174
Transform: AffineTransform_float_3_3
Parameters: 0.999978 -0.0019023 -0.00623946 0.00196569 0.999947 0.0100579 0.00621953 -0.01007 0.99993 0.199987 0.0852374 -0.546252
FixedParameters: 0 0 0

#Transform 175
Transform: AffineTransform_float_3_3
Parameters: 0.999976 -0.00100954 -0.00685391 0.00108046 0.999945 0.0104308 0.0068431 -0.0104382 0.999922 0.146231 0.132922 -0.565262
FixedParameters: 0 0 0

#Transform 176
Transform: AffineTransform_float_3_3
Parameters: 0.99997 -0.000988358 -0.00776689 0.00109864 0.999898 0.0142539 0.00775213 -0.0142621 0.999868 0.198952 -0.00473008 -0.175797
FixedParameters: 0 0 0

#Transform 177
Transform: AffineTransform_float_3_3
Parameters: 0.999966 -0.00345733 -0.00748733 0.00361668 0.999767 0.0212827 0.00741266 -0.0213094 0.999746 0.240351 -0.653216 0.146437
FixedParameters: 0 0 0

#Transform 178
Transform: AffineTransform_float_3_3
Parameters: 0.999968 -0.00316101 -0.00727831 0.00326999 0.999882 0.0150127 0.00722968 -0.0150353 0.999861 0.289233 -0.2697 -0.00195014
FixedParameters: 0 0 0

#Transform 179
Transform: AffineTransform_float_3_3
Parameters: 0.999971 -0.00325614 -0.00697625 0.00334186 0.99992 0.0121871 0.00693576 -0.01221 0.999902 0.298971 -0.143034 -0.0546821
FixedParameters: 0 0 0

#Transform 180
Transform: AffineTransform_float_3_3
Parameters: 0.999973 -0.00319092 -0.00665011 0.00325707 0.999945 0.00994862 0.00661789 -0.00997039 0.999929 0.18904 -0.0311799 -0.192879
FixedParameters: 0 0 0

#Transform 181
Transform: AffineTransform_float_3_3
Parameters: 0.999974 -0.00504011 -0.00504073 0.00510489 0.999903 0.0129446 0.00497527 -0.0129694 0.999903 0.180207 0.0999413 -0.65298
FixedParameters: 0 0 0

#Transform 182
Transform: AffineTransform_float_3_3
Parameters: 0.999985 -0.00175563 -0.00523002 0.00183637 0.999876 0.0155936 0.00520199 -0.0156034 0.999864 0.0473868 -0.26559 -0.557219
FixedParameters: 0 0 0

#Transform 183
Transform: AffineTransform_float_3_3
Parameters: 0.999972 -0.00344884 -0.00674225 0.00353416 0.999913 0.0126605 0.00669776 -0.0126835 0.999897 0.239821 0.0899229 -0.508049
FixedParameters: 0 0 0

#Transform 184
Transform: AffineTransform_float_3_3
Parameters: 0.999969 -0.00352546 -0.00694565 0.00361453 0.999912 0.0127753 0.00690034 -0.0128007 0.999895 0.22402 0.0451366 -0.512083
FixedParameters: 0 0 0

#Transform 185
Transform: AffineTransform_float_3_3
Parameters: 0.999969 -0.0029256 -0.00737597 0.0030224 0.999909 0.0130921 0.00733703 -0.0131139 0.999887 0.24813 0.16061 -0.757445
FixedParameters: 0 0 0

#Transform 186
Transform: AffineTransform_float_3_3
Parameters: 0.999962 -0.00329909 -0.00814933 0.00339692 0.999922 0.0120298 0.00810968 -0.0120572 0.999895 0.269566 0.121163 -0.84531
FixedParameters: 0 0 0

#Transform 187
Transform: AffineTransform_float_3_3
Parameters: 0.999962 -0.0040088 -0.00766976 0.0040692 0.999961 0.00784908 0.00763823 -0.00787991 0.99994 0.168996 0.274075 -0.775507
FixedParameters: 0 0 0

#Transform 188
Transform: AffineTransform_float_3_3
Parameters: 0.999986 -0.00126037 0.005248 0.00133763 0.999892 -0.0146242 -0.005229 0.0146308 0.99988 0.102354 -1.51011 -1.84603
FixedParameters: 0 0 0

#Transform 189
Transform: AffineTransform_float_3_3
Parameters: 0.999994 -0.00323003 -0.000613748 0.003203 0.9992 -0.0398582 0.000741251 0.0398558 0.999205 0.208718 -1.42595 -1.93995
FixedParameters: 0 0 0

#Transform 190
Transform: AffineTransform_float_3_3
Parameters: 0.999977 -0.00475149 -0.00497614 0.00462553 0.999679 -0.0249316 0.00509285 0.0249084 0.999677 0.175506 -0.143444 -1.59782
FixedParameters: 0 0 0

#Transform 191
Transform: AffineTransform_float_3_3
