# transform file /out/sourcedata/freesurfer/sub-v1s23x0050577_ses-1/mri/transforms/cc_up.lta
# created by oesteban on Mon Mar  9 20:56:31 2026

type      = 0 # LINEAR_VOX_TO_VOX
nxforms   = 1
mean      = 129.0000 134.0000 113.0000
sigma     = 10000.0000
1 4 4
9.999771118164062e-01 -7.062383228912950e-04 6.728653330355883e-03 -1.625166535377502e+00 
7.062223739922047e-04 9.999997615814209e-01 4.752034328703303e-06 1.690842247009277e+01 
-6.728655193001032e-03 0.000000000000000e+00 9.999773502349854e-01 2.387037467956543e+01 
0.000000000000000e+00 0.000000000000000e+00 0.000000000000000e+00 1.000000000000000e+00 
src volume info
valid = 1  # volume info valid
filename = /out/sourcedata/freesurfer/sub-v1s23x0050577_ses-1/mri/norm.mgz
volume = 256 256 256
voxelsize = 1.000000000000000e+00 1.000000000000000e+00 1.000000000000000e+00
xras   = -1.000000000000000e+00 0.000000000000000e+00 0.000000000000000e+00
yras   = 0.000000000000000e+00 0.000000000000000e+00 -1.000000000000000e+00
zras   = 0.000000000000000e+00 1.000000000000000e+00 0.000000000000000e+00
cras   = 1.503395080566406e+01 -4.959556579589844e+01 2.349833679199219e+01
dst volume info
valid = 1  # volume info valid
filename = /out/sourcedata/freesurfer/sub-v1s23x0050577_ses-1/mri/norm.mgz
volume = 256 256 256
voxelsize = 1.000000000000000e+00 1.000000000000000e+00 1.000000000000000e+00
xras   = -1.000000000000000e+00 0.000000000000000e+00 0.000000000000000e+00
yras   = 0.000000000000000e+00 0.000000000000000e+00 -1.000000000000000e+00
zras   = 0.000000000000000e+00 1.000000000000000e+00 0.000000000000000e+00
cras   = 1.503395080566406e+01 -4.959556579589844e+01 2.349833679199219e+01
