# transform file /out/sourcedata/freesurfer/sub-v1s23x0050560_ses-1/mri/transforms/cc_up.lta
# created by oesteban on Mon Mar  9 18:57:04 2026

type      = 0 # LINEAR_VOX_TO_VOX
nxforms   = 1
mean      = 130.0000 124.0000 129.0000
sigma     = 10000.0000
1 4 4
9.964846968650818e-01 -5.482882261276245e-02 6.334219127893448e-02 -4.809881687164307e+00 
5.471839010715485e-02 9.984958171844482e-01 3.478209720924497e-03 1.755205154418945e+01 
-6.343761086463928e-02 0.000000000000000e+00 9.979858994483948e-01 1.156210422515869e+01 
0.000000000000000e+00 0.000000000000000e+00 0.000000000000000e+00 1.000000000000000e+00 
src volume info
valid = 1  # volume info valid
filename = /out/sourcedata/freesurfer/sub-v1s23x0050560_ses-1/mri/norm.mgz
volume = 256 256 256
voxelsize = 1.000000000000000e+00 1.000000000000000e+00 1.000000000000000e+00
xras   = -1.000000000000000e+00 0.000000000000000e+00 0.000000000000000e+00
yras   = 0.000000000000000e+00 0.000000000000000e+00 -1.000000000000000e+00
zras   = 0.000000000000000e+00 1.000000000000000e+00 0.000000000000000e+00
cras   = 1.667457580566406e+01 -4.795494079589844e+01 1.146708679199219e+01
dst volume info
valid = 1  # volume info valid
filename = /out/sourcedata/freesurfer/sub-v1s23x0050560_ses-1/mri/norm.mgz
volume = 256 256 256
voxelsize = 1.000000000000000e+00 1.000000000000000e+00 1.000000000000000e+00
xras   = -1.000000000000000e+00 0.000000000000000e+00 0.000000000000000e+00
yras   = 0.000000000000000e+00 0.000000000000000e+00 -1.000000000000000e+00
zras   = 0.000000000000000e+00 1.000000000000000e+00 0.000000000000000e+00
cras   = 1.667457580566406e+01 -4.795494079589844e+01 1.146708679199219e+01
