#Insight Transform File V1.0
#Transform 0
Transform: AffineTransform_float_3_3
Parameters: 1 -0.000513826 0.000234382 0.000513173 0.999999 -0.000742879 -0.000233619 0.00074312 0.999999 -0.0161748 0.0303519 0.347245
FixedParameters: 0 0 0

#Transform 1
Transform: AffineTransform_float_3_3
Parameters: 1 0.000555048 8.06708e-05 -0.000554952 0.999999 -0.000593045 -8.13291e-05 0.000592955 1 0.0231382 0.153626 -0.0560729
FixedParameters: 0 0 0

#Transform 2
Transform: AffineTransform_float_3_3
Parameters: 1 0.000554953 8.13174e-05 -0.000555047 0.999999 0.000571955 -8.16825e-05 -0.000572045 1 0.0291116 0.125081 -0.201154
FixedParameters: 0 0 0

#Transform 3
Transform: AffineTransform_float_3_3
Parameters: 1 0.000609032 0.000355945 -0.000609968 1 -9.02171e-05 -0.000356055 8.97832e-05 1 0.0213325 0.212327 -0.214963
FixedParameters: 0 0 0

#Transform 4
Transform: AffineTransform_float_3_3
Parameters: 0.999999 0.000713035 8.06884e-05 -0.000712964 0.999999 -0.000437057 -8.13115e-05 0.000436942 1 0.0490784 0.211402 -0.23197
FixedParameters: 0 0 0

#Transform 5
Transform: AffineTransform_float_3_3
Parameters: 0.999999 0.000891061 8.03245e-05 -0.000890938 1 -0.000758072 -8.16753e-05 0.000757928 0.999999 0.0597953 0.233333 -0.221456
FixedParameters: 0 0 0

#Transform 6
Transform: AffineTransform_float_3_3
Parameters: 0.999999 0.000742061 8.04375e-05 -0.000741939 1 -0.00075806 -8.15623e-05 0.00075794 0.999999 0.0454242 0.229879 -0.237938
FixedParameters: 0 0 0

#Transform 7
Transform: AffineTransform_float_3_3
Parameters: 0.999999 0.000738061 8.04405e-05 -0.000737939 1 -0.00075806 -8.15593e-05 0.00075794 0.999999 0.051043 0.228942 -0.256013
FixedParameters: 0 0 0

#Transform 8
Transform: AffineTransform_float_3_3
Parameters: 1 0.000555158 7.99076e-05 -0.000554841 0.999998 -0.00196804 -8.10926e-05 0.00196896 0.999998 0.0305157 0.321714 -0.262519
FixedParameters: 0 0 0

#Transform 9
Transform: AffineTransform_float_3_3
Parameters: 0.999999 0.000722065 8.04201e-05 -0.000721935 1 -0.000803058 -8.15797e-05 0.000802941 0.999999 0.0383503 0.253428 -0.256044
FixedParameters: 0 0 0

#Transform 10
Transform: AffineTransform_float_3_3
Parameters: 1 0.000555114 8.02112e-05 -0.000554886 0.999999 -0.00142104 -8.07885e-05 0.00142096 0.999999 0.0404372 0.309916 -0.275027
FixedParameters: 0 0 0

#Transform 11
Transform: AffineTransform_float_3_3
Parameters: 1 0.000555023 1.51597e-05 -0.000554976 0.999998 -0.00151401 -1.58402e-05 0.00151399 0.999999 0.0425646 0.315923 -0.251202
FixedParameters: 0 0 0

#Transform 12
Transform: AffineTransform_float_3_3
Parameters: 1 0.000554876 -9.67131e-05 -0.000555123 0.999999 -0.00128495 9.52867e-05 0.00128505 0.999999 0.0493383 0.306332 -0.252253
FixedParameters: 0 0 0

#Transform 13
Transform: AffineTransform_float_3_3
Parameters: 1 0.000492134 0.000121458 -0.000491865 1 -0.00110206 -0.000122542 0.00110194 1 0.039234 0.306752 -0.240512
FixedParameters: 0 0 0

#Transform 14
Transform: AffineTransform_float_3_3
Parameters: 1 0.000555472 0.000382315 -0.000554527 0.999999 -0.00123421 -0.000383684 0.00123379 0.999999 0.0176361 0.333018 -0.271422
FixedParameters: 0 0 0

#Transform 15
Transform: AffineTransform_float_3_3
Parameters: 0.999999 0.000492599 0.000528442 -0.000492401 0.999999 -0.00113426 -0.000528559 0.00113374 0.999999 0.0161576 0.32671 -0.30427
FixedParameters: 0 0 0

#Transform 16
Transform: AffineTransform_float_3_3
Parameters: 0.999999 0.000496548 0.000528486 -0.000496453 1 -0.00103626 -0.000528515 0.00103674 1 0.00255762 0.337994 -0.270415
FixedParameters: 0 0 0

#Transform 17
Transform: AffineTransform_float_3_3
Parameters: 1 0.000523939 -3.3951e-05 -0.000524061 0.999998 -0.00181498 3.30489e-05 0.00181502 0.999999 0.0521184 0.389928 -0.253868
FixedParameters: 0 0 0

#Transform 18
Transform: AffineTransform_float_3_3
Parameters: 1 0.000641343 0.000211962 -0.000641656 0.999998 -0.00161814 -0.000213038 0.00161786 0.999998 0.0408565 0.37552 -0.270678
FixedParameters: 0 0 0

#Transform 19
Transform: AffineTransform_float_3_3
Parameters: 1 0.000510553 0.000222736 -0.000510446 0.999997 -0.00247711 -0.000224265 0.00247689 0.999997 0.0333844 0.431323 -0.252095
FixedParameters: 0 0 0

#Transform 20
Transform: AffineTransform_float_3_3
Parameters: 0.999999 0.000708547 -0.0002016 -0.000708452 0.999997 -0.00225786 0.000199401 0.00225814 0.999998 0.0717663 0.418309 -0.283567
FixedParameters: 0 0 0

#Transform 21
Transform: AffineTransform_float_3_3
Parameters: 1 0.000520759 -9.33506e-05 -0.000520239 0.999996 -0.00259295 9.16513e-05 0.00259305 0.999996 0.0555113 0.452993 -0.260986
FixedParameters: 0 0 0

#Transform 22
Transform: AffineTransform_float_3_3
Parameters: 1 0.000452322 0.00051885 -0.000451677 0.999996 -0.00254623 -0.000520151 0.00254576 0.999996 0.027369 0.434883 -0.257546
FixedParameters: 0 0 0

#Transform 23
Transform: AffineTransform_float_3_3
Parameters: 1 0.000565609 0.000173019 -0.00056439 0.999993 -0.0035041 -0.000174979 0.0035039 0.999994 0.0400531 0.519828 -0.268231
FixedParameters: 0 0 0

#Transform 24
Transform: AffineTransform_float_3_3
Parameters: 1 0.000245718 0.000593291 -0.000244283 0.999996 -0.00289414 -0.000593709 0.00289485 0.999995 0.00604197 0.47975 -0.306214
FixedParameters: 0 0 0

#Transform 25
Transform: AffineTransform_float_3_3
Parameters: 1 0.000298022 0.00061903 -0.000295978 0.999994 -0.00326418 -0.000619969 0.00326381 0.999994 0.000615586 0.497453 -0.295288
FixedParameters: 0 0 0

#Transform 26
Transform: AffineTransform_float_3_3
Parameters: 1 0.000287 0.000589029 -0.000285 0.999994 -0.00339317 -0.00058997 0.00339283 0.999994 0.0139138 0.49971 -0.288426
FixedParameters: 0 0 0

#Transform 27
Transform: AffineTransform_float_3_3
Parameters: 1 0.000547074 0.000307095 -0.000545926 0.999994 -0.00348617 -0.000308905 0.00348583 0.999994 0.0317447 0.505339 -0.296415
FixedParameters: 0 0 0

#Transform 28
Transform: AffineTransform_float_3_3
Parameters: 0.999999 0.000552634 0.000470085 -0.000551365 0.999994 -0.00347026 -0.000471916 0.00346974 0.999994 0.0170215 0.506248 -0.29579
FixedParameters: 0 0 0

#Transform 29
Transform: AffineTransform_float_3_3
Parameters: 1 0.000385475 0.000142723 -0.000385527 0.999995 -0.00331506 -0.000143279 0.00331494 0.999994 0.0360632 0.501163 -0.286482
FixedParameters: 0 0 0

#Transform 30
Transform: AffineTransform_float_3_3
Parameters: 0.999999 0.000601701 0.00057021 -0.000600299 0.999996 -0.00297935 -0.000571791 0.00297866 0.999996 0.0020262 0.482848 -0.286155
FixedParameters: 0 0 0

#Transform 31
Transform: AffineTransform_float_3_3
Parameters: 1 0.000169812 0.00054644 -0.000168186 0.999994 -0.00331509 -0.000547561 0.00331491 0.999995 0.00366239 0.506199 -0.276605
FixedParameters: 0 0 0

#Transform 32
Transform: AffineTransform_float_3_3
Parameters: 0.999999 0.00068085 0.000200129 -0.00068015 0.999991 -0.00421914 -0.000202871 0.00421886 0.999991 0.0406217 0.566383 -0.277531
FixedParameters: 0 0 0

#Transform 33
Transform: AffineTransform_float_3_3
Parameters: 0.999999 0.000563319 0.000563691 -0.000560679 0.999992 -0.00410632 -0.000566306 0.00410568 0.999991 0.0220136 0.564862 -0.294021
FixedParameters: 0 0 0

#Transform 34
Transform: AffineTransform_float_3_3
Parameters: 1 0.000353411 0.000543439 -0.000350586 0.99999 -0.00443119 -0.000545559 0.00443081 0.99999 0.0164915 0.583314 -0.294743
FixedParameters: 0 0 0

#Transform 35
Transform: AffineTransform_float_3_3
Parameters: 1 0.000465901 0.000462093 -0.000463099 0.999981 -0.00625922 -0.000464908 0.00625879 0.999981 0.0327493 0.692491 -0.241572
FixedParameters: 0 0 0

#Transform 36
Transform: AffineTransform_float_3_3
Parameters: 1 0.000141689 0.000475917 -0.000137311 0.99997 -0.00774207 -0.000477077 0.00774193 0.99997 0.0193175 0.773359 -0.255835
FixedParameters: 0 0 0

#Transform 37
Transform: AffineTransform_float_3_3
Parameters: 1 0.000185852 0.000278774 -0.000184153 0.999978 -0.00663005 -0.000279227 0.00662995 0.999978 0.0293715 0.686152 -0.202955
FixedParameters: 0 0 0

#Transform 38
Transform: AffineTransform_float_3_3
Parameters: 0.999999 0.000719681 -0.000606761 -0.00072132 0.999993 -0.00383056 0.00060424 0.00383144 0.999992 0.0891989 0.544395 -0.243527
FixedParameters: 0 0 0

#Transform 39
Transform: AffineTransform_float_3_3
Parameters: 1 0.000486618 -0.000399688 -0.000488382 0.999994 -0.0034638 0.00039831 0.00346419 0.999994 0.0886081 0.517243 -0.226007
FixedParameters: 0 0 0

#Transform 40
Transform: AffineTransform_float_3_3
Parameters: 0.999999 0.000860545 -0.000137867 -0.000861455 0.999994 -0.00333088 0.000135131 0.00333112 0.999995 0.0664038 0.497581 -0.229045
FixedParameters: 0 0 0

#Transform 41
Transform: AffineTransform_float_3_3
Parameters: 0.999999 0.000737483 0.000126206 -0.000737513 0.999992 -0.00379009 -0.000129796 0.0037899 0.999993 0.0422249 0.528047 -0.259985
FixedParameters: 0 0 0

#Transform 42
Transform: AffineTransform_float_3_3
Parameters: 1 0.000659621 0.000130906 -0.000659382 0.999989 -0.00469309 -0.000133096 0.00469291 0.999989 0.0311102 0.604282 -0.257649
FixedParameters: 0 0 0

#Transform 43
Transform: AffineTransform_float_3_3
Parameters: 1 0.000677372 6.84068e-05 -0.000677629 0.999985 -0.00530605 -7.15965e-05 0.00530595 0.999986 0.0455124 0.639068 -0.196555
FixedParameters: 0 0 0

#Transform 44
Transform: AffineTransform_float_3_3
Parameters: 1 0.000521136 2.31122e-05 -0.000520864 0.999984 -0.00554201 -2.5887e-05 0.00554198 0.999984 0.0460441 0.654755 -0.202707
FixedParameters: 0 0 0

#Transform 45
Transform: AffineTransform_float_3_3
Parameters: 0.999999 0.000724935 -1.54233e-05 -0.000725067 0.999988 -0.00472199 1.25764e-05 0.00472201 0.999989 0.0393659 0.603163 -0.238379
FixedParameters: 0 0 0

#Transform 46
Transform: AffineTransform_float_3_3
Parameters: 1 0.00040993 0.000403046 -0.00040807 0.999988 -0.00477716 -0.000404954 0.00477683 0.999988 0.00571168 0.610258 -0.234707
FixedParameters: 0 0 0

#Transform 47
Transform: AffineTransform_float_3_3
Parameters: 1 0.000530312 5.92659e-05 -0.000529683 0.999986 -0.00515703 -6.27324e-05 0.00515696 0.999986 0.0385141 0.646144 -0.250273
FixedParameters: 0 0 0

#Transform 48
Transform: AffineTransform_float_3_3
Parameters: 1 0.000503308 0.000477579 -0.000500694 0.999989 -0.00482124 -0.000479419 0.00482076 0.999989 0.00722059 0.628565 -0.237961
FixedParameters: 0 0 0

#Transform 49
Transform: AffineTransform_float_3_3
Parameters: 1 0.00044913 2.58274e-05 -0.000448869 0.999988 -0.00483801 -2.8172e-05 0.00483799 0.999989 0.0248739 0.627705 -0.242351
FixedParameters: 0 0 0

#Transform 50
Transform: AffineTransform_float_3_3
Parameters: 1 0.00027013 2.88104e-05 -0.00026987 0.999991 -0.00440501 -3.01891e-05 0.00440499 0.999991 0.0159778 0.615343 -0.253243
FixedParameters: 0 0 0

#Transform 51
Transform: AffineTransform_float_3_3
Parameters: 1 0.000399853 0.000214417 -0.000399149 0.999992 -0.00396409 -0.000215584 0.00396391 0.999992 0.0178989 0.571147 -0.255831
FixedParameters: 0 0 0

#Transform 52
Transform: AffineTransform_float_3_3
Parameters: 1 0.000549876 0.000438659 -0.000548127 0.999991 -0.00426524 -0.000440342 0.00426476 0.999991 0.00528014 0.605283 -0.241336
FixedParameters: 0 0 0

#Transform 53
Transform: AffineTransform_float_3_3
Parameters: 1 0.000581919 -0.000259439 -0.000583083 0.999991 -0.00418685 0.000257561 0.00418715 0.999991 0.0653145 0.585161 -0.268067
FixedParameters: 0 0 0

#Transform 54
Transform: AffineTransform_float_3_3
Parameters: 1 0.000463854 -0.000259062 -0.000465145 0.99999 -0.00443988 0.000256937 0.00444012 0.99999 0.0762763 0.614907 -0.394117
FixedParameters: 0 0 0

#Transform 55
Transform: AffineTransform_float_3_3
Parameters: 1 0.000155992 0.000642043 -0.000152008 0.99998 -0.00621309 -0.000642956 0.0062129 0.99998 -0.00474617 0.739185 -0.546045
FixedParameters: 0 0 0

#Transform 56
Transform: AffineTransform_float_3_3
Parameters: 1 4.52809e-05 0.000678728 -4.07173e-05 0.99998 -0.00630603 -0.00067927 0.00630597 0.99998 -0.00683878 0.764943 -0.494461
FixedParameters: 0 0 0

#Transform 57
Transform: AffineTransform_float_3_3
Parameters: 0.999999 5.44591e-05 0.000896685 -4.95389e-05 0.999982 -0.00608705 -0.000897318 0.00608696 0.999981 -0.0400677 0.73922 -0.410867
FixedParameters: 0 0 0

#Transform 58
Transform: AffineTransform_float_3_3
Parameters: 1 0.000435385 0.000291945 -0.000434615 0.999988 -0.00472713 -0.000294058 0.00472687 0.999989 0.00631234 0.665868 -0.355662
FixedParameters: 0 0 0

#Transform 59
Transform: AffineTransform_float_3_3
Parameters: 1 0.000424983 0.000496308 -0.000423013 0.999992 -0.00399021 -0.000498692 0.00398979 0.999992 -0.0113752 0.626639 -0.362749
FixedParameters: 0 0 0

#Transform 60
Transform: AffineTransform_float_3_3
Parameters: 1 0.00067375 -7.52723e-05 -0.000673249 0.999994 -0.00337195 7.27302e-05 0.00337205 0.999995 0.0384839 0.587377 -0.344992
FixedParameters: 0 0 0

#Transform 61
Transform: AffineTransform_float_3_3
Parameters: 1 0.000455254 9.17489e-05 -0.000455745 0.999996 -0.00274904 -9.32532e-05 0.00274896 0.999996 0.0267807 0.543698 -0.380703
FixedParameters: 0 0 0

#Transform 62
Transform: AffineTransform_float_3_3
Parameters: 1 0.000359453 -0.000138428 -0.000360549 0.999992 -0.00396895 0.00013757 0.00396905 0.999992 0.0288683 0.628304 -0.366052
FixedParameters: 0 0 0

#Transform 63
Transform: AffineTransform_float_3_3
Parameters: 1 0.000582871 0.000265094 -0.00058213 0.999995 -0.00327216 -0.000266907 0.00327285 0.999994 -0.00722249 0.596384 -0.342144
FixedParameters: 0 0 0

#Transform 64
Transform: AffineTransform_float_3_3
Parameters: 0.999999 0.000696665 -0.000130796 -0.000696335 0.999997 -0.00257691 0.000129206 0.00257709 0.999996 0.0342815 0.548797 -0.306399
FixedParameters: 0 0 0

#Transform 65
Transform: AffineTransform_float_3_3
Parameters: 1 0.000654118 3.16591e-05 -0.000653881 0.999994 -0.00357902 -3.43404e-05 0.00357898 0.999993 0.0152745 0.602844 -0.324601
FixedParameters: 0 0 0

#Transform 66
Transform: AffineTransform_float_3_3
Parameters: 1 0.000572166 4.702e-05 -0.000571834 0.999994 -0.00346103 -4.89794e-05 0.00346097 0.999994 0.0332509 0.610372 -0.295458
FixedParameters: 0 0 0

#Transform 67
Transform: AffineTransform_float_3_3
Parameters: 1 0.000376086 2.47222e-05 -0.000375913 0.999994 -0.00339801 -2.62775e-05 0.00339799 0.999994 0.0234879 0.604377 -0.283477
FixedParameters: 0 0 0

#Transform 68
Transform: AffineTransform_float_3_3
Parameters: 0.999999 0.000697297 -0.000389068 -0.000699703 0.99999 -0.00439473 0.000385928 0.00439527 0.999991 0.0600148 0.671506 -0.26354
FixedParameters: 0 0 0

#Transform 69
Transform: AffineTransform_float_3_3
Parameters: 0.999999 0.000616095 -0.000389032 -0.000617904 0.999987 -0.00491376 0.000385968 0.00491424 0.999988 0.0550631 0.716241 -0.280762
FixedParameters: 0 0 0

#Transform 70
Transform: AffineTransform_float_3_3
Parameters: 0.999999 0.000666196 -0.000389105 -0.000667803 0.999989 -0.00465374 0.000385896 0.00465426 0.999989 0.057504 0.686846 -0.286472
FixedParameters: 0 0 0

#Transform 71
Transform: AffineTransform_float_3_3
Parameters: 1 0.000259098 2.29185e-05 -0.000258902 0.999992 -0.00417501 -2.40811e-05 0.004175 0.999992 0.0253647 0.670715 -0.304697
FixedParameters: 0 0 0

#Transform 72
Transform: AffineTransform_float_3_3
Parameters: 0.999999 0.00102218 -0.00120212 -0.00102682 0.999992 -0.00401677 0.00119888 0.00401823 0.999991 0.1317 0.644146 -0.268962
FixedParameters: 0 0 0

#Transform 73
Transform: AffineTransform_float_3_3
Parameters: 0.999999 0.00115615 -0.00098752 -0.00116085 0.999991 -0.00390286 0.000983476 0.00390414 0.999992 0.101957 0.636147 -0.232131
FixedParameters: 0 0 0

#Transform 74
Transform: AffineTransform_float_3_3
Parameters: 1 0.000878069 -0.000654948 -0.000881931 0.999989 -0.00448842 0.000651047 0.00448957 0.999989 0.0826139 0.675105 -0.214333
FixedParameters: 0 0 0

#Transform 75
Transform: AffineTransform_float_3_3
Parameters: 1 0.000878835 -0.000521666 -0.000881167 0.999991 -0.00416554 0.000518334 0.00416646 0.999991 0.0614831 0.674147 -0.239203
FixedParameters: 0 0 0

#Transform 76
Transform: AffineTransform_float_3_3
Parameters: 0.999999 0.000985914 -0.000777927 -0.000989086 0.999991 -0.00397623 0.000774073 0.00397676 0.999992 0.0858928 0.666125 -0.219401
FixedParameters: 0 0 0

#Transform 77
Transform: AffineTransform_float_3_3
Parameters: 0.999999 0.00113762 -0.000667799 -0.00114139 0.999987 -0.00508924 0.0006622 0.00508976 0.999987 0.0757843 0.738674 -0.193059
FixedParameters: 0 0 0

#Transform 78
Transform: AffineTransform_float_3_3
Parameters: 0.999999 0.000726513 -0.000334249 -0.000728485 0.99999 -0.00446776 0.000330748 0.00446824 0.99999 0.0488611 0.693614 -0.271133
FixedParameters: 0 0 0

#Transform 79
Transform: AffineTransform_float_3_3
Parameters: 0.999999 0.000719659 -0.000549081 -0.00072234 0.99999 -0.0042746 0.000545917 0.00427439 0.99999 0.0666958 0.677334 -0.255359
FixedParameters: 0 0 0

#Transform 80
Transform: AffineTransform_float_3_3
Parameters: 0.999999 0.000923231 -0.00041595 -0.00092477 0.999991 -0.00427462 0.000412051 0.00427438 0.999991 0.0573038 0.681481 -0.246122
FixedParameters: 0 0 0

#Transform 81
Transform: AffineTransform_float_3_3
Parameters: 0.999999 0.000855012 -0.000457732 -0.000856988 0.99999 -0.00435961 0.000454268 0.00436039 0.999991 0.0494726 0.695286 -0.250188
FixedParameters: 0 0 0

#Transform 82
Transform: AffineTransform_float_3_3
Parameters: 0.999999 0.00099565 -0.000725619 -0.000998347 0.999989 -0.00463128 0.000720384 0.00463172 0.999989 0.0890386 0.723061 -0.229447
FixedParameters: 0 0 0

#Transform 83
Transform: AffineTransform_float_3_3
Parameters: 0.999999 0.00102141 -0.000814787 -0.00102559 0.999984 -0.00565217 0.000808216 0.00565283 0.999983 0.109322 0.764509 -0.177035
FixedParameters: 0 0 0

#Transform 84
Transform: AffineTransform_float_3_3
Parameters: 1 0.00103874 -0.000617519 -0.00104126 0.999986 -0.00530436 0.000612484 0.00530564 0.999985 0.0839585 0.749698 -0.152262
FixedParameters: 0 0 0

#Transform 85
Transform: AffineTransform_float_3_3
Parameters: 0.999999 0.000788542 -0.000570413 -0.000791456 0.999991 -0.00432155 0.000566584 0.00432245 0.999991 0.0636187 0.705741 -0.238979
FixedParameters: 0 0 0

#Transform 86
Transform: AffineTransform_float_3_3
Parameters: 0.999999 0.000710622 -0.000337913 -0.000712374 0.999992 -0.00409576 0.000334085 0.00409624 0.999991 0.0508934 0.68863 -0.267229
FixedParameters: 0 0 0

#Transform 87
Transform: AffineTransform_float_3_3
Parameters: 0.999999 0.000617029 -0.000700627 -0.000619968 0.999991 -0.00424857 0.000697372 0.00424843 0.99999 0.0835236 0.697178 -0.244095
FixedParameters: 0 0 0

#Transform 88
Transform: AffineTransform_float_3_3
Parameters: 1 0.000481979 -0.000483025 -0.000484021 0.999991 -0.00419277 0.000480975 0.00419323 0.999991 0.0609774 0.699583 -0.279841
FixedParameters: 0 0 0

#Transform 89
Transform: AffineTransform_float_3_3
Parameters: 0.999999 0.000453609 -0.000591839 -0.000456391 0.999991 -0.00404473 0.000590158 0.00404527 0.999991 0.0543071 0.69158 -0.250017
FixedParameters: 0 0 0

#Transform 90
Transform: AffineTransform_float_3_3
Parameters: 0.999999 0.000480097 -0.000706667 -0.000483905 0.999984 -0.00553365 0.000704333 0.00553333 0.999984 0.0731514 0.789565 -0.175596
FixedParameters: 0 0 0

#Transform 91
Transform: AffineTransform_float_3_3
Parameters: 0.999999 0.000739194 -0.000393412 -0.000740804 0.999989 -0.00461071 0.000389588 0.00461129 0.99999 0.0584139 0.705683 -0.19796
FixedParameters: 0 0 0

#Transform 92
Transform: AffineTransform_float_3_3
Parameters: 1 0.000650985 -0.00022693 -0.000652014 0.999989 -0.00449785 0.000224069 0.00449814 0.99999 0.049069 0.725366 -0.24319
FixedParameters: 0 0 0

#Transform 93
Transform: AffineTransform_float_3_3
Parameters: 1 0.000636609 -0.000304921 -0.000637391 0.99999 -0.00458281 0.000302082 0.0045832 0.99999 0.0549121 0.727972 -0.240407
FixedParameters: 0 0 0

#Transform 94
Transform: AffineTransform_float_3_3
Parameters: 0.999999 0.00060373 -0.000496772 -0.000605271 0.99999 -0.0045827 0.000494231 0.0045833 0.99999 0.0607205 0.73191 -0.251939
FixedParameters: 0 0 0

#Transform 95
Transform: AffineTransform_float_3_3
Parameters: 0.999999 0.000757052 -0.00024001 -0.000757947 0.999992 -0.00397382 0.00023699 0.00397418 0.999992 0.0366451 0.683051 -0.27058
FixedParameters: 0 0 0

#Transform 96
Transform: AffineTransform_float_3_3
Parameters: 1 0.000349598 0.000123319 -0.000349404 0.999989 -0.00481305 -0.000124683 0.00481296 0.999989 0.0222689 0.745569 -0.251512
FixedParameters: 0 0 0

#Transform 97
Transform: AffineTransform_float_3_3
Parameters: 1 0.000428373 -0.000141906 -0.000428627 0.99999 -0.00444494 0.000140096 0.00444506 0.99999 0.0236713 0.729944 -0.231746
FixedParameters: 0 0 0

#Transform 98
Transform: AffineTransform_float_3_3
Parameters: 1 0.000283722 0.000193948 -0.000283278 0.999993 -0.00371306 -0.000195053 0.00371395 0.999993 -0.00351917 0.679706 -0.253908
FixedParameters: 0 0 0

#Transform 99
Transform: AffineTransform_float_3_3
Parameters: 1 0.000309374 0.000275465 -0.000308623 0.999987 -0.00497308 -0.000277538 0.00497291 0.999987 -0.00153436 0.752323 -0.241552
FixedParameters: 0 0 0

#Transform 100
Transform: AffineTransform_float_3_3
Parameters: 1 -0.000148007 0.000197747 0.000148994 0.999988 -0.00503097 -0.000197253 0.00503103 0.999988 0.0107727 0.757559 -0.234262
FixedParameters: 0 0 0

#Transform 101
Transform: AffineTransform_float_3_3
Parameters: 1 0.000477406 -0.000404887 -0.00047959 0.999992 -0.00394581 0.000402111 0.00394519 0.999992 0.0696224 0.693447 -0.218508
FixedParameters: 0 0 0

#Transform 102
Transform: AffineTransform_float_3_3
Parameters: 0.999999 0.000661821 -0.000380812 -0.000664174 0.999983 -0.00574975 0.000376187 0.00575025 0.999984 0.0659263 0.808872 -0.158244
FixedParameters: 0 0 0

#Transform 103
Transform: AffineTransform_float_3_3
Parameters: 1 0.000491008 -0.000161055 -0.000491991 0.99998 -0.00621592 0.000157945 0.00621607 0.99998 0.0469351 0.8482 -0.176161
FixedParameters: 0 0 0

#Transform 104
Transform: AffineTransform_float_3_3
Parameters: 1 0.00107087 -0.00038007 -0.00107314 0.999984 -0.0056626 0.00037393 0.00566241 0.999984 0.0767584 0.819451 -0.13789
FixedParameters: 0 0 0

#Transform 105
Transform: AffineTransform_float_3_3
Parameters: 1 0.00100425 0.000257161 -0.00100275 0.999988 -0.00482226 -0.000261838 0.00482174 0.999989 -0.0116498 0.781105 -0.412905
FixedParameters: 0 0 0

#Transform 106
Transform: AffineTransform_float_3_3
Parameters: 0.999999 0.000542204 0.000630407 -0.000537797 0.999977 -0.00665134 -0.00063359 0.00665065 0.999977 -0.0444717 0.912384 -0.196329
FixedParameters: 0 0 0

#Transform 107
Transform: AffineTransform_float_3_3
Parameters: 0.999999 0.000759069 0.000336367 -0.000756932 0.999981 -0.00611126 -0.000340632 0.00611075 0.999982 0.00729407 0.862744 -0.176064
FixedParameters: 0 0 0

#Transform 108
Transform: AffineTransform_float_3_3
Parameters: 1 0.000622007 2.25228e-07 -0.000621994 0.99999 -0.004461 -2.77474e-06 0.004461 0.99999 0.0315966 0.753567 -0.236199
FixedParameters: 0 0 0

#Transform 109
Transform: AffineTransform_float_3_3
Parameters: 1 0.000532008 7.29929e-07 -0.000531991 0.999991 -0.004267 -3.27003e-06 0.004267 0.999991 0.0132405 0.742295 -0.236252
FixedParameters: 0 0 0

#Transform 110
Transform: AffineTransform_float_3_3
Parameters: 1 0.000701006 3.53003e-07 -0.000700991 0.999992 -0.003776 -3.64697e-06 0.003776 0.999993 0.0111035 0.698539 -0.238638
FixedParameters: 0 0 0

#Transform 111
Transform: AffineTransform_float_3_3
Parameters: 1 0.000681486 0.000119252 -0.00068151 0.999991 -0.00403308 -0.000122749 0.00403292 0.999992 0.004011 0.723063 -0.203596
FixedParameters: 0 0 0

#Transform 112
Transform: AffineTransform_float_3_3
Parameters: 1 0.000646007 4.56674e-07 -0.000645991 0.999992 -0.003937 -3.54329e-06 0.003937 0.999992 0.0140163 0.725157 -0.223535
FixedParameters: 0 0 0

#Transform 113
Transform: AffineTransform_float_3_3
Parameters: 1 0.000619279 -0.000190361 -0.000619719 0.999992 -0.00380988 0.00018764 0.00381011 0.999992 0.0272454 0.691808 -0.190901
FixedParameters: 0 0 0

#Transform 114
Transform: AffineTransform_float_3_3
Parameters: 1 0.000473007 1.37523e-06 -0.00047299 0.999994 -0.003435 -3.62474e-06 0.003435 0.999994 0.000103409 0.667905 -0.217565
FixedParameters: 0 0 0

#Transform 115
Transform: AffineTransform_float_3_3
Parameters: 1 0.000402645 0.000446522 -0.000400354 0.999993 -0.00367718 -0.000448475 0.00367682 0.999993 -0.0326266 0.720658 -0.234658
FixedParameters: 0 0 0

#Transform 116
Transform: AffineTransform_float_3_3
Parameters: 1 0.000283491 0.000108727 -0.000283512 0.99999 -0.00449303 -0.000109275 0.00449297 0.99999 -0.0181943 0.770481 -0.230658
FixedParameters: 0 0 0

#Transform 117
Transform: AffineTransform_float_3_3
Parameters: 1 9.34724e-05 0.000365627 -9.15261e-05 0.999992 -0.00402503 -0.000366371 0.00402496 0.999992 -0.0276586 0.729447 -0.245204
FixedParameters: 0 0 0

#Transform 118
Transform: AffineTransform_float_3_3
Parameters: 1 0.000284798 -3.75664e-05 -0.000285199 0.999985 -0.00549799 3.54325e-05 0.00549801 0.999985 0.0110024 0.802621 -0.16557
FixedParameters: 0 0 0

#Transform 119
Transform: AffineTransform_float_3_3
Parameters: 1 0.000577814 -3.88751e-05 -0.000577187 0.999988 -0.00497498 3.61289e-05 0.00497502 0.999987 0.0263875 0.767529 -0.135329
FixedParameters: 0 0 0

#Transform 120
Transform: AffineTransform_float_3_3
Parameters: 1 0.000181866 -3.66721e-05 -0.000182135 0.999993 -0.00369399 3.63274e-05 0.00369401 0.999993 0.0152513 0.793136 -0.370283
FixedParameters: 0 0 0

#Transform 121
Transform: AffineTransform_float_3_3
Parameters: 0.999995 0.00232766 -0.00178163 -0.00233534 0.999989 -0.00412786 0.00177237 0.00413214 0.99999 0.242324 0.855632 -0.956004
FixedParameters: 0 0 0

#Transform 122
Transform: AffineTransform_float_3_3
Parameters: 0.999999 0.00033895 -0.00127344 -0.000348053 0.999974 -0.00711256 0.00127156 0.00711343 0.999974 0.0984433 1.00503 -0.488178
FixedParameters: 0 0 0

#Transform 123
Transform: AffineTransform_float_3_3
Parameters: 1 -0.000308369 0.000297748 0.000310632 0.99996 -0.0088749 -0.000295255 0.00887508 0.99996 -0.0128018 1.06239 -0.278247
FixedParameters: 0 0 0

#Transform 124
Transform: AffineTransform_float_3_3
Parameters: 0.999999 -0.000558809 0.000707737 0.000565183 0.999948 -0.0102016 -0.00070127 0.0102014 0.999947 -0.0438282 1.15423 -0.294527
FixedParameters: 0 0 0

#Transform 125
Transform: AffineTransform_float_3_3
Parameters: 1 -0.000559188 0.000893219 0.000568811 0.999939 -0.0110235 -0.000886784 0.0110235 0.999939 -0.0584256 1.19373 -0.331971
FixedParameters: 0 0 0

#Transform 126
Transform: AffineTransform_float_3_3
Parameters: 1 -0.000837709 0.000865086 0.000847291 0.999928 -0.0119653 -0.000854923 0.0119657 0.999928 -0.0407272 1.25329 -0.373166
FixedParameters: 0 0 0

#Transform 127
Transform: AffineTransform_float_3_3
Parameters: 1 -0.000774135 0.000852002 0.000784867 0.999918 -0.0128283 -0.000842001 0.0128287 0.999918 -0.0313822 1.28954 -0.374866
FixedParameters: 0 0 0

#Transform 128
Transform: AffineTransform_float_3_3
Parameters: 1 -0.000781478 0.000743144 0.00079152 0.999916 -0.0129004 -0.000732851 0.0129006 0.999917 -0.0320002 1.26748 -0.342151
FixedParameters: 0 0 0

#Transform 129
Transform: AffineTransform_float_3_3
Parameters: 0.999999 -0.00129853 0.000328211 0.00130247 0.999901 -0.0139996 -0.000309796 0.0140004 0.999902 -0.0333689 1.36181 -0.307791
FixedParameters: 0 0 0

#Transform 130
Transform: AffineTransform_float_3_3
Parameters: 1 -0.000949753 0.000447508 0.000956255 0.999899 -0.0141746 -0.00043449 0.0141744 0.9999 -0.0256446 1.36495 -0.29826
FixedParameters: 0 0 0

#Transform 131
Transform: AffineTransform_float_3_3
Parameters: 1 -0.000910144 0.000283682 0.000913847 0.999903 -0.0139038 -0.00027032 0.0139043 0.999904 -0.0215827 1.35393 -0.272284
FixedParameters: 0 0 0

#Transform 132
Transform: AffineTransform_float_3_3
Parameters: 0.999999 -0.000883188 0.000379402 0.000887806 0.999916 -0.0128747 -0.0003676 0.0128753 0.999917 -0.0362737 1.28696 -0.282483
FixedParameters: 0 0 0

#Transform 133
Transform: AffineTransform_float_3_3
Parameters: 0.999999 -0.000778296 0.000396374 0.000782698 0.999927 -0.0120077 -0.000386629 0.0120083 0.999928 -0.034729 1.22985 -0.255078
FixedParameters: 0 0 0

#Transform 134
Transform: AffineTransform_float_3_3
Parameters: 0.999999 -0.000931507 0.000813006 0.000941493 0.99993 -0.0117552 -0.000801988 0.0117557 0.99993 -0.0707096 1.21378 -0.242188
FixedParameters: 0 0 0

#Transform 135
Transform: AffineTransform_float_3_3
Parameters: 0.999999 -0.000803434 5.58484e-05 0.000803568 0.999939 -0.011009 -4.71564e-05 0.011009 0.99994 -0.0261699 1.18683 -0.266621
FixedParameters: 0 0 0

#Transform 136
Transform: AffineTransform_float_3_3
Parameters: 0.999999 -0.000810049 0.000251702 0.000813943 0.999928 -0.0119548 -0.000241286 0.0119552 0.999928 -0.0450413 1.27518 -0.269987
FixedParameters: 0 0 0

#Transform 137
Transform: AffineTransform_float_3_3
Parameters: 1 -0.0010398 0.000545001 0.0010462 0.999934 -0.0115064 -0.000532997 0.0115066 0.999933 -0.0464745 1.22877 -0.276867
FixedParameters: 0 0 0

#Transform 138
Transform: AffineTransform_float_3_3
Parameters: 0.999999 -0.000808136 7.58438e-05 0.000808865 0.999925 -0.0121739 -6.61577e-05 0.0121741 0.999926 -0.0263039 1.27119 -0.254844
FixedParameters: 0 0 0

#Transform 139
Transform: AffineTransform_float_3_3
Parameters: 0.999999 -0.000868992 8.58951e-05 0.000870009 0.999921 -0.0125299 -7.51054e-05 0.0125291 0.999921 -0.0234086 1.29717 -0.249944
FixedParameters: 0 0 0

#Transform 140
Transform: AffineTransform_float_3_3
Parameters: 1 -0.0009022 0.000686719 0.000910792 0.999916 -0.0129254 -0.000674284 0.0129256 0.999916 -0.0695817 1.34252 -0.259472
FixedParameters: 0 0 0

#Transform 141
Transform: AffineTransform_float_3_3
Parameters: 0.999999 -0.000894628 0.000428402 0.000899378 0.999919 -0.0127066 -0.000417605 0.0127074 0.999919 -0.0464751 1.32886 -0.238247
FixedParameters: 0 0 0

#Transform 142
Transform: AffineTransform_float_3_3
Parameters: 0.999999 -0.000776959 0.000441001 0.00078204 0.999933 -0.0115467 -0.000431998 0.0115473 0.999933 -0.0440435 1.24907 -0.238677
FixedParameters: 0 0 0

#Transform 143
Transform: AffineTransform_float_3_3
Parameters: 1 -0.00106516 0.000465254 0.00106984 0.999944 -0.0105405 -0.000453749 0.0105405 0.999945 -0.0642032 1.19403 -0.272635
FixedParameters: 0 0 0

#Transform 144
Transform: AffineTransform_float_3_3
Parameters: 0.999999 -0.000773126 -0.000207224 0.000770876 0.999949 -0.0100722 0.000214775 0.0100718 0.99995 -0.0141706 1.1787 -0.237363
FixedParameters: 0 0 0

#Transform 145
Transform: AffineTransform_float_3_3
Parameters: 0.999999 -0.000900426 0.000429718 0.000904576 0.999941 -0.0107646 -0.000420287 0.0107644 0.999942 -0.0567623 1.21609 -0.256792
FixedParameters: 0 0 0

#Transform 146
Transform: AffineTransform_float_3_3
Parameters: 0.999999 -0.0006521 0.000585375 0.000655905 0.999978 -0.00668862 -0.000581626 0.00668839 0.999978 -0.0725772 0.948985 -0.170525
FixedParameters: 0 0 0

#Transform 147
Transform: AffineTransform_float_3_3
Parameters: 1 -0.00043844 0.000490207 0.000441559 0.999974 -0.00728579 -0.000486796 0.00728622 0.999974 -0.058258 0.987222 -0.171099
FixedParameters: 0 0 0

#Transform 148
Transform: AffineTransform_float_3_3
Parameters: 1 -0.000752296 0.00056235 0.000757703 0.999965 -0.00841358 -0.000555646 0.00841343 0.999965 -0.0731695 1.062 -0.216249
FixedParameters: 0 0 0

#Transform 149
Transform: AffineTransform_float_3_3
Parameters: 0.999999 -0.00134002 0.00126382 0.00135198 0.999953 -0.0095253 -0.00125118 0.00952769 0.999954 -0.116506 1.18686 -0.275541
FixedParameters: 0 0 0

#Transform 150
Transform: AffineTransform_float_3_3
Parameters: 0.999998 -0.00153309 0.0011112 0.0015439 0.99995 -0.0098813 -0.0010958 0.00988269 0.99995 -0.0995162 1.22716 -0.273191
FixedParameters: 0 0 0

#Transform 151
Transform: AffineTransform_float_3_3
Parameters: 0.999998 -0.00119016 0.00111666 0.00120084 0.999951 -0.00975367 -0.00110534 0.00975532 0.999952 -0.0817411 1.2178 -0.278895
FixedParameters: 0 0 0

#Transform 152
Transform: AffineTransform_float_3_3
Parameters: 0.999999 -0.000895967 0.000119978 0.000897032 0.99996 -0.0088989 -0.000112022 0.00889911 0.999961 -0.0273294 1.14863 -0.267336
FixedParameters: 0 0 0

#Transform 153
Transform: AffineTransform_float_3_3
Parameters: 1 -0.00066539 -3.76346e-05 0.000664615 0.999954 -0.00956903 4.33617e-05 0.00956898 0.999954 -0.013983 1.19772 -0.245609
FixedParameters: 0 0 0

#Transform 154
Transform: AffineTransform_float_3_3
Parameters: 1 -0.000624768 2.62634e-05 0.000624239 0.999949 -0.010023 -2.07443e-05 0.010023 0.99995 -0.0191231 1.22069 -0.240631
FixedParameters: 0 0 0

#Transform 155
Transform: AffineTransform_float_3_3
Parameters: 0.999999 -0.00095795 0.00012065 0.000959052 0.999959 -0.00902489 -0.000112349 0.00902511 0.99996 -0.0369407 1.18227 -0.229668
FixedParameters: 0 0 0

#Transform 156
Transform: AffineTransform_float_3_3
Parameters: 1 -0.000397219 -0.000523826 0.000392787 0.999967 -0.0080312 0.000526171 0.00803079 0.999967 0.017319 1.1165 -0.188331
FixedParameters: 0 0 0

#Transform 157
Transform: AffineTransform_float_3_3
Parameters: 1 -0.000378971 -0.000114845 0.000378028 0.999965 -0.00833605 0.000118155 0.00833596 0.999965 -0.00773691 1.13308 -0.223886
FixedParameters: 0 0 0

#Transform 158
Transform: AffineTransform_float_3_3
Parameters: 1 -0.000488077 -0.000115539 0.000487918 0.999958 -0.00914906 0.000120469 0.00914894 0.999958 -0.0128819 1.19172 -0.240405
FixedParameters: 0 0 0

#Transform 159
Transform: AffineTransform_float_3_3
Parameters: 0.999999 -0.000317642 -0.000671824 0.000312356 0.999976 -0.00689921 0.000674171 0.00689879 0.999976 0.0255623 1.06193 -0.195185
FixedParameters: 0 0 0

#Transform 160
Transform: AffineTransform_float_3_3
Parameters: 0.999999 8.47083e-05 -0.000729269 -8.62908e-05 0.999995 -0.00314294 0.000728732 0.00314306 0.999995 0.0176433 0.83656 -0.259581
FixedParameters: 0 0 0

#Transform 161
Transform: AffineTransform_float_3_3
Parameters: 0.999999 7.4996e-06 -0.00103005 -1.35001e-05 0.999985 -0.00533999 0.00102994 0.00534001 0.999985 0.0430034 0.987407 -0.191057
FixedParameters: 0 0 0

#Transform 162
Transform: AffineTransform_float_3_3
Parameters: 0.999999 0.000221319 -0.000928884 -0.000224677 0.999992 -0.00396379 0.000927116 0.00396421 0.999991 0.0439784 0.912739 -0.230849
FixedParameters: 0 0 0

#Transform 163
Transform: AffineTransform_float_3_3
Parameters: 0.999999 2.22122e-05 -0.000812081 -2.47875e-05 0.999994 -0.00343298 0.000811919 0.00343302 0.999994 0.0174784 0.890518 -0.247848
FixedParameters: 0 0 0

#Transform 164
Transform: AffineTransform_float_3_3
Parameters: 1 -0.000296376 -0.000337797 0.000294623 0.999991 -0.0040671 0.000339201 0.0040669 0.999991 -0.0155495 0.925015 -0.224827
FixedParameters: 0 0 0

#Transform 165
Transform: AffineTransform_float_3_3
Parameters: 1 -0.00020882 -0.000603373 0.000207182 0.999996 -0.00301413 0.000603627 0.00301488 0.999996 -0.000476146 0.844241 -0.227661
FixedParameters: 0 0 0

#Transform 166
Transform: AffineTransform_float_3_3
Parameters: 0.999999 -0.000108116 -0.000847608 0.000104882 0.999993 -0.00367609 0.000848391 0.00367591 0.999993 0.0186756 0.898955 -0.225616
FixedParameters: 0 0 0

#Transform 167
Transform: AffineTransform_float_3_3
Parameters: 1 -0.000396967 -0.000239403 0.00039603 0.999992 -0.00402809 0.000241597 0.0040279 0.999992 -0.0245519 0.910544 -0.243898
FixedParameters: 0 0 0

#Transform 168
Transform: AffineTransform_float_3_3
Parameters: 1 -0.000247481 -0.000388059 0.000246519 0.999992 -0.00381309 0.000388943 0.0038129 0.999992 0.0083432 0.896589 -0.248651
FixedParameters: 0 0 0

#Transform 169
Transform: AffineTransform_float_3_3
Parameters: 1 -0.000365297 -0.000510364 0.000362705 0.99999 -0.00449218 0.000511635 0.00449281 0.99999 0.00198202 0.929292 -0.250489
FixedParameters: 0 0 0

#Transform 170
Transform: AffineTransform_float_3_3
Parameters: 1 6.99426e-05 -0.000454321 -7.20559e-05 0.999989 -0.00452996 0.000453678 0.00453003 0.999989 0.00960586 0.931841 -0.238503
FixedParameters: 0 0 0

#Transform 171
Transform: AffineTransform_float_3_3
Parameters: 1 -0.000261736 -0.000290445 0.000260266 0.999982 -0.00596208 0.000291557 0.00596193 0.999982 -0.00548563 1.01823 -0.184134
FixedParameters: 0 0 0

#Transform 172
Transform: AffineTransform_float_3_3
Parameters: 1 -0.000351296 -0.000554552 0.000348706 0.999992 -0.0041352 0.000555447 0.00413481 0.999992 0.00629084 0.913953 -0.239698
FixedParameters: 0 0 0

#Transform 173
Transform: AffineTransform_float_3_3
Parameters: 1 -1.55259e-05 -0.000610921 1.24737e-05 0.999984 -0.00577101 0.000611082 0.00577099 0.999983 0.0128601 1.03233 -0.188433
FixedParameters: 0 0 0

#Transform 174
Transform: AffineTransform_float_3_3
Parameters: 1 -0.000266843 -0.000182776 0.000266161 0.99999 -0.00459505 0.000183225 0.00459496 0.99999 -0.0227275 0.952352 -0.234606
FixedParameters: 0 0 0

#Transform 175
Transform: AffineTransform_float_3_3
Parameters: 0.999999 5.20762e-05 -0.000873307 -5.6922e-05 0.999984 -0.00563895 0.000872692 0.00563905 0.999983 0.0536859 1.00064 -0.150873
FixedParameters: 0 0 0

#Transform 176
Transform: AffineTransform_float_3_3
Parameters: 1 -6.56863e-05 -0.000549572 6.23107e-05 0.999977 -0.00670503 0.00055043 0.00670496 0.999978 0.0112919 1.07293 -0.162826
FixedParameters: 0 0 0

#Transform 177
Transform: AffineTransform_float_3_3
Parameters: 1 -0.000146252 -0.000545401 0.00014375 0.999992 -0.00412608 0.000545598 0.00412592 0.999992 0.013866 0.926306 -0.238541
FixedParameters: 0 0 0

#Transform 178
Transform: AffineTransform_float_3_3
Parameters: 1 -2.64083e-05 -0.000335892 2.45955e-05 0.999991 -0.00419201 0.000335106 0.00419199 0.999991 -0.0104863 0.936038 -0.240887
FixedParameters: 0 0 0

#Transform 179
Transform: AffineTransform_float_3_3
Parameters: 1 -0.000462723 0.000210825 0.000464278 0.999982 -0.00609691 -0.000208173 0.0060971 0.999982 -0.0414957 1.0579 -0.185048
FixedParameters: 0 0 0

#Transform 180
Transform: AffineTransform_float_3_3
Parameters: 1 -0.000180537 -8.68926e-05 0.000180462 0.999981 -0.00614302 8.81102e-05 0.00614299 0.999981 -0.0128477 1.04692 -0.187204
FixedParameters: 0 0 0

#Transform 181
Transform: AffineTransform_float_3_3
Parameters: 1 -0.000118515 -0.000345484 0.000116487 0.999991 -0.00438304 0.000345514 0.00438296 0.999991 -0.00026684 0.934086 -0.251371
FixedParameters: 0 0 0

#Transform 182
Transform: AffineTransform_float_3_3
Parameters: 1 -3.16064e-05 -0.000133858 3.13929e-05 0.999989 -0.004528 0.000134143 0.00452799 0.999989 -0.0138229 0.956468 -0.248815
FixedParameters: 0 0 0

#Transform 183
Transform: AffineTransform_float_3_3
Parameters: 1 -0.00017984 -0.0004599 0.00017716 0.999981 -0.00616708 0.000461101 0.00616692 0.999981 0.00471082 1.04009 -0.170216
FixedParameters: 0 0 0

#Transform 184
Transform: AffineTransform_float_3_3
Parameters: 1 -0.000184086 -0.00047119 0.000181915 0.99999 -0.00442309 0.000471809 0.00442292 0.99999 0.0126163 0.959356 -0.219517
FixedParameters: 0 0 0

#Transform 185
Transform: AffineTransform_float_3_3
Parameters: 1 -8.36052e-05 -0.000694576 7.93925e-05 0.999986 -0.00518906 0.000695421 0.00518894 0.999987 0.0143958 1.02281 -0.247695
FixedParameters: 0 0 0

#Transform 186
Transform: AffineTransform_float_3_3
Parameters: 1 -0.000111435 -0.00038831 0.000108567 0.999981 -0.00626505 0.000388688 0.00626496 0.999981 -0.0125469 1.06727 -0.188789
FixedParameters: 0 0 0

#Transform 187
Transform: AffineTransform_float_3_3
Parameters: 1 -0.00026485 -0.000449332 0.000262145 0.99998 -0.00633212 0.000451669 0.00633188 0.99998 0.00808976 1.08018 -0.180066
FixedParameters: 0 0 0

#Transform 188
Transform: AffineTransform_float_3_3
Parameters: 0.999999 -0.000222098 -0.000978636 0.0002159 0.99998 -0.00622621 0.000980363 0.00622678 0.99998 0.0398696 1.07128 -0.15774
FixedParameters: 0 0 0

#Transform 189
Transform: AffineTransform_float_3_3
Parameters: 0.999999 9.74605e-06 -0.000890073 -1.42535e-05 0.999982 -0.00590299 0.000889931 0.00590301 0.999982 0.0364576 1.05632 -0.138381
FixedParameters: 0 0 0

#Transform 190
