# transform file /out/sourcedata/freesurfer/sub-v1s23x0050622_ses-1/mri/transforms/cc_up.lta
# created by oesteban on Mon Mar  9 22:43:54 2026

type      = 0 # LINEAR_VOX_TO_VOX
nxforms   = 1
mean      = 126.0000 110.0000 135.0000
sigma     = 10000.0000
1 4 4
9.980218410491943e-01 -5.885674804449081e-02 -2.209350652992725e-02 1.280874824523926e+01 
5.884233117103577e-02 9.982663989067078e-01 -1.302610151469707e-03 3.105215835571289e+01 
2.213187329471111e-02 0.000000000000000e+00 9.997550249099731e-01 -2.703277349472046e+00 
0.000000000000000e+00 0.000000000000000e+00 0.000000000000000e+00 1.000000000000000e+00 
src volume info
valid = 1  # volume info valid
filename = /out/sourcedata/freesurfer/sub-v1s23x0050622_ses-1/mri/norm.mgz
volume = 256 256 256
voxelsize = 1.000000000000000e+00 1.000000000000000e+00 1.000000000000000e+00
xras   = -1.000000000000000e+00 0.000000000000000e+00 0.000000000000000e+00
yras   = 0.000000000000000e+00 0.000000000000000e+00 -1.000000000000000e+00
zras   = 0.000000000000000e+00 1.000000000000000e+00 0.000000000000000e+00
cras   = 5.112770080566406e+01 -4.740806579589844e+01 2.295146179199219e+01
dst volume info
valid = 1  # volume info valid
filename = /out/sourcedata/freesurfer/sub-v1s23x0050622_ses-1/mri/norm.mgz
volume = 256 256 256
voxelsize = 1.000000000000000e+00 1.000000000000000e+00 1.000000000000000e+00
xras   = -1.000000000000000e+00 0.000000000000000e+00 0.000000000000000e+00
yras   = 0.000000000000000e+00 0.000000000000000e+00 -1.000000000000000e+00
zras   = 0.000000000000000e+00 1.000000000000000e+00 0.000000000000000e+00
cras   = 5.112770080566406e+01 -4.740806579589844e+01 2.295146179199219e+01
