#Insight Transform File V1.0
#Transform 0
Transform: AffineTransform_float_3_3
Parameters: 1 -0.000243913 0.00108924 0.000245088 1 -0.000998734 -0.00108876 0.000998267 0.999999 -0.0204764 0.0199143 0.408394
FixedParameters: 0 0 0

#Transform 1
Transform: AffineTransform_float_3_3
Parameters: 1 5.38867e-05 -0.000167037 -5.41132e-05 1 -0.000677991 0.000166963 0.000678009 1 0.011998 0.00356502 -0.0714705
FixedParameters: 0 0 0

#Transform 2
Transform: AffineTransform_float_3_3
Parameters: 1 0.0001628 0.000314104 -0.0001632 1 0.000636948 -0.000313896 -0.000637051 0.999999 0.0111609 -0.042055 -0.0273867
FixedParameters: 0 0 0

#Transform 3
Transform: AffineTransform_float_3_3
Parameters: 1 0.000177829 0.00037808 -0.00017817 1 0.000450933 -0.00037792 -0.000451067 1 0.0121672 -0.00208161 -0.0948714
FixedParameters: 0 0 0

#Transform 4
Transform: AffineTransform_float_3_3
Parameters: 1 0.000222614 0.000314274 -0.000222386 0.999999 0.00122993 -0.000313727 -0.00123007 0.999999 0.0125768 -0.0608421 -0.0733244
FixedParameters: 0 0 0

#Transform 5
Transform: AffineTransform_float_3_3
Parameters: 1 -6.72726e-05 0.000502963 6.67273e-05 1 0.000542033 -0.000503036 -0.000541966 0.999999 0.0231752 0.00797195 -0.112251
FixedParameters: 0 0 0

#Transform 6
Transform: AffineTransform_float_3_3
Parameters: 1 0.000194293 0.000496277 -0.000194708 0.999999 0.0014249 -0.000496723 -0.0014251 0.999999 0.0264435 -0.00110306 -0.104193
FixedParameters: 0 0 0

#Transform 7
Transform: AffineTransform_float_3_3
Parameters: 1 6.64193e-05 0.000378102 -6.65805e-05 0.999999 0.00153597 -0.000377898 -0.00153602 0.999998 0.026515 -0.0298376 -0.0825001
FixedParameters: 0 0 0

#Transform 8
Transform: AffineTransform_float_3_3
Parameters: 1 6.54629e-05 0.000314113 -6.65368e-05 0.999998 0.00170998 -0.000313887 -0.00171002 0.999999 0.0240667 0.0304196 -0.0949799
FixedParameters: 0 0 0

#Transform 9
Transform: AffineTransform_float_3_3
Parameters: 1 5.25415e-05 0.000314077 -5.34584e-05 0.999999 0.00145998 -0.000313922 -0.00146002 0.999999 0.0259631 -0.00956729 -0.104941
FixedParameters: 0 0 0

#Transform 10
Transform: AffineTransform_float_3_3
Parameters: 1 -4.5844e-07 0.000314 -4.5844e-07 0.999999 0.00146 -0.000314 -0.00146 0.999999 0.0215181 -0.0406363 -0.0833216
FixedParameters: 0 0 0

#Transform 11
Transform: AffineTransform_float_3_3
Parameters: 1 0.000124682 0.000293136 -0.000125318 1 0.00108496 -0.000292864 -0.00108504 1 0.0252075 0.00670458 -0.137367
FixedParameters: 0 0 0

#Transform 12
Transform: AffineTransform_float_3_3
Parameters: 1 9.95398e-05 0.00025518 -9.94599e-05 0.999999 0.00180398 -0.000254821 -0.00180403 0.999999 0.0327094 -0.0206485 -0.105014
FixedParameters: 0 0 0

#Transform 13
Transform: AffineTransform_float_3_3
Parameters: 1 0.000196577 0.000328254 -0.000197424 0.999999 0.00128994 -0.000328746 -0.00128907 0.999999 0.0238234 0.0136045 -0.083032
FixedParameters: 0 0 0

#Transform 14
Transform: AffineTransform_float_3_3
Parameters: 1 0.000156504 0.000328237 -0.000157497 0.999999 0.00150995 -0.000328762 -0.00151005 0.999999 0.0216682 -0.00856363 -0.0979279
FixedParameters: 0 0 0

#Transform 15
Transform: AffineTransform_float_3_3
Parameters: 1 0.000284578 0.000328367 -0.000285423 0.999999 0.00128691 -0.000328633 -0.00128709 0.999999 0.0194042 -0.0282207 -0.0844887
FixedParameters: 0 0 0

#Transform 16
Transform: AffineTransform_float_3_3
Parameters: 1 0.000333609 0.000328398 -0.000334392 0.999999 0.00119189 -0.000328602 -0.00119211 0.999999 0.0222464 0.0197713 -0.0956798
FixedParameters: 0 0 0

#Transform 17
Transform: AffineTransform_float_3_3
Parameters: 1 9.73009e-05 0.000392174 -9.76988e-05 0.999999 0.00178296 -0.000391827 -0.00178304 0.999999 0.0331207 -0.042651 -0.108021
FixedParameters: 0 0 0

#Transform 18
Transform: AffineTransform_float_3_3
Parameters: 1 0.000153815 0.000205139 -0.000154185 0.999999 0.000901968 -0.000204861 -0.000902031 0.999999 0.0260851 -0.0175032 -0.110623
FixedParameters: 0 0 0

#Transform 19
Transform: AffineTransform_float_3_3
Parameters: 1 0.000295646 0.000252416 -0.000296354 0.999999 0.00140493 -0.000251584 -0.00140507 0.999999 0.0238059 -0.00766457 -0.103932
FixedParameters: 0 0 0

#Transform 20
Transform: AffineTransform_float_3_3
Parameters: 1 0.000226782 0.000139355 -0.000227217 0.999999 0.00156397 -0.000138645 -0.00156403 0.999999 0.0237005 -0.0331645 -0.0739566
FixedParameters: 0 0 0

#Transform 21
Transform: AffineTransform_float_3_3
Parameters: 0.999999 0.000226174 0.000687272 -0.000226826 1 0.00120184 -0.000686728 -0.00120216 0.999999 0.0184964 0.0121677 -0.0867993
FixedParameters: 0 0 0

#Transform 22
Transform: AffineTransform_float_3_3
Parameters: 1 0.000154504 0.000328234 -0.000154498 0.999999 0.00151295 -0.000328767 -0.00151305 0.999999 0.0100829 -0.0323659 -0.0720206
FixedParameters: 0 0 0

#Transform 23
Transform: AffineTransform_float_3_3
Parameters: 1 -4.43525e-06 0.000327994 4.56474e-06 0.999999 0.001327 -0.000328006 -0.001327 0.999999 0.00764771 -0.0140679 -0.0608783
FixedParameters: 0 0 0

#Transform 24
Transform: AffineTransform_float_3_3
Parameters: 1 0.000208639 0.0002513 -0.000209362 0.999999 0.00143595 -0.0002517 -0.00143605 0.999999 0.0127612 -0.0114498 -0.0708329
FixedParameters: 0 0 0

#Transform 25
Transform: AffineTransform_float_3_3
Parameters: 1 0.000162351 0.000328322 -0.00016265 0.999998 0.00197795 -0.000328679 -0.00197805 0.999998 0.0112874 -0.0409313 -0.09084
FixedParameters: 0 0 0

#Transform 26
Transform: AffineTransform_float_3_3
Parameters: 1 0.000275817 0.000139363 -0.000276182 0.999999 0.00131396 -0.000138637 -0.00131404 0.999999 0.0232903 0.0128191 -0.0841987
FixedParameters: 0 0 0

#Transform 27
Transform: AffineTransform_float_3_3
Parameters: 1 0.000377923 4.26845e-05 -0.000378076 0.999999 0.00181099 -4.13154e-05 -0.00181102 0.999999 0.0173759 -0.0400935 -0.100425
FixedParameters: 0 0 0

#Transform 28
Transform: AffineTransform_float_3_3
Parameters: 1 9.28126e-05 9.01932e-05 -9.3187e-05 0.999998 0.00207999 -8.98063e-05 -0.00208001 0.999998 0.0261291 -0.0709225 -0.0768609
FixedParameters: 0 0 0

#Transform 29
Transform: AffineTransform_float_3_3
Parameters: 0.999999 5.45531e-05 0.000811098 -5.64467e-05 0.999999 0.00178396 -0.0008109 -0.00178405 0.999998 0.0164514 -0.00894931 -0.0975052
FixedParameters: 0 0 0

#Transform 30
Transform: AffineTransform_float_3_3
Parameters: 1 0.000117674 0.000208184 -0.000118325 0.999999 0.00156497 -0.000207815 -0.00156502 0.999999 0.0241731 -0.0314027 -0.0769859
FixedParameters: 0 0 0

#Transform 31
Transform: AffineTransform_float_3_3
Parameters: 1 0.000229969 2.42953e-05 -0.000230031 0.999999 0.00128399 -2.37047e-05 -0.00128401 0.999999 0.0254543 -0.00288829 -0.0681372
FixedParameters: 0 0 0

#Transform 32
Transform: AffineTransform_float_3_3
Parameters: 1 0.000326969 2.44198e-05 -0.000327031 0.999999 0.00128399 -2.35801e-05 -0.00128401 0.999999 0.0173995 -0.0308808 -0.0755641
FixedParameters: 0 0 0

#Transform 33
Transform: AffineTransform_float_3_3
Parameters: 1 0.000254891 8.53274e-05 -0.000255109 0.999999 0.00128398 -8.46725e-05 -0.00128402 0.999999 0.0212933 -0.0421749 -0.0639537
FixedParameters: 0 0 0

#Transform 34
Transform: AffineTransform_float_3_3
Parameters: 1 0.000226724 0.000209299 -0.000227277 0.999999 0.00131795 -0.000209701 -0.00131805 0.999999 0.0228141 0.0156403 -0.0766614
FixedParameters: 0 0 0

#Transform 35
Transform: AffineTransform_float_3_3
Parameters: 1 0.000135963 2.42087e-05 -0.000135037 0.999999 0.001535 -2.37927e-05 -0.001535 0.999999 0.0264324 -0.0237915 -0.0728645
FixedParameters: 0 0 0

#Transform 36
Transform: AffineTransform_float_3_3
Parameters: 1 0.000193774 0.000176248 -0.000194225 0.999999 0.00128097 -0.000175751 -0.00128103 0.999999 0.023636 0.0146851 -0.0641678
FixedParameters: 0 0 0

#Transform 37
Transform: AffineTransform_float_3_3
Parameters: 1 0.000393967 2.45307e-05 -0.000394032 0.999999 0.00134699 -2.34693e-05 -0.00134701 0.999999 0.0209805 -0.00223466 -0.0760454
FixedParameters: 0 0 0

#Transform 38
Transform: AffineTransform_float_3_3
Parameters: 1 0.000212961 2.43395e-05 -0.000213038 0.999998 0.00159399 -2.36604e-05 -0.001594 0.999998 0.0255741 -0.0403656 -0.0778142
FixedParameters: 0 0 0

#Transform 39
Transform: AffineTransform_float_3_3
Parameters: 1 0.00037015 -0.000110497 -0.000369849 0.999999 0.00135804 0.000111502 -0.00135796 0.999999 0.0224629 0.0222275 -0.0736851
FixedParameters: 0 0 0

#Transform 40
Transform: AffineTransform_float_3_3
Parameters: 1 0.000348174 -0.000119495 -0.000348826 0.999999 0.00145004 0.000120506 -0.00144996 0.999999 0.0207487 -0.0234362 -0.07402
FixedParameters: 0 0 0

#Transform 41
Transform: AffineTransform_float_3_3
Parameters: 1 0.000260964 2.43904e-05 -0.000261036 0.999999 0.00149599 -2.36095e-05 -0.00149601 0.999999 0.0198221 -0.0406312 -0.0614092
FixedParameters: 0 0 0

#Transform 42
Transform: AffineTransform_float_3_3
Parameters: 1 0.000232963 2.43579e-05 -0.000233037 0.999999 0.00153599 -2.36421e-05 -0.001536 0.999999 0.0253518 0.000116217 -0.0610847
FixedParameters: 0 0 0

#Transform 43
Transform: AffineTransform_float_3_3
Parameters: 1 0.000299965 2.44389e-05 -0.000300035 0.999999 0.00146299 -2.35611e-05 -0.00146301 0.999999 0.0246 -0.014252 -0.0746506
FixedParameters: 0 0 0

#Transform 44
Transform: AffineTransform_float_3_3
Parameters: 1 0.000240959 2.44058e-05 -0.00024104 0.999998 0.00168399 -2.35941e-05 -0.001684 0.999998 0.017205 -0.0281596 -0.0727699
FixedParameters: 0 0 0

#Transform 45
Transform: AffineTransform_float_3_3
Parameters: 1 0.000467213 -0.000156366 -0.000466786 0.999999 0.00135707 0.000157634 -0.00135693 0.999999 0.0136123 0.0163562 -0.063082
FixedParameters: 0 0 0

#Transform 46
Transform: AffineTransform_float_3_3
Parameters: 1 0.000457967 2.46215e-05 -0.000458033 0.999999 0.00135699 -2.43785e-05 -0.00135701 0.999999 0.00735829 -0.012267 -0.0632703
FixedParameters: 0 0 0

#Transform 47
Transform: AffineTransform_float_3_3
Parameters: 1 0.00045067 0.00020971 -0.00045033 0.999998 0.0015739 -0.000209291 -0.00157409 0.999998 0.009332 -0.0477595 -0.0608255
FixedParameters: 0 0 0

#Transform 48
Transform: AffineTransform_float_3_3
Parameters: 1 0.000334245 -0.00015146 -0.000333755 0.999998 0.00161605 0.000151539 -0.00161595 0.999998 0.0197795 0.000562517 -0.078294
FixedParameters: 0 0 0

#Transform 49
Transform: AffineTransform_float_3_3
Parameters: 1 0.000357034 -2.04045e-05 -0.000356966 0.999998 0.00166801 2.05954e-05 -0.00166799 0.999998 0.0144644 -0.0272239 -0.0764877
FixedParameters: 0 0 0

#Transform 50
Transform: AffineTransform_float_3_3
Parameters: 1 0.000335943 4.54267e-05 -0.000336057 0.999999 0.00126999 -4.45732e-05 -0.00127002 0.999999 0.0131895 -0.00117962 -0.0571464
FixedParameters: 0 0 0

#Transform 51
Transform: AffineTransform_float_3_3
Parameters: 1 0.000395754 0.000170571 -0.000395245 0.999999 0.00144293 -0.00016943 -0.00144307 0.999999 0.0117808 -0.0160071 -0.0645545
FixedParameters: 0 0 0

#Transform 52
Transform: AffineTransform_float_3_3
Parameters: 1 0.000399842 8.87155e-05 -0.000400159 0.999999 0.00178897 -8.82843e-05 -0.00178904 0.999999 0.0138261 -0.0703825 -0.0481844
FixedParameters: 0 0 0

#Transform 53
Transform: AffineTransform_float_3_3
Parameters: 1 0.000468983 1.35933e-05 -0.000469017 0.999999 0.00126499 -1.34067e-05 -0.00126501 0.999999 0.0138273 0.0165843 -0.0723028
FixedParameters: 0 0 0

#Transform 54
Transform: AffineTransform_float_3_3
Parameters: 1 0.000446726 0.000170718 -0.000447273 0.999998 0.00160792 -0.000169281 -0.00160707 0.999998 0.00912811 -0.0425521 -0.0658844
FixedParameters: 0 0 0

#Transform 55
Transform: AffineTransform_float_3_3
Parameters: 1 0.000465774 0.000170618 -0.000466225 0.999999 0.00132692 -0.000169381 -0.00132708 0.999999 0.00609655 0.000552065 -0.0540614
FixedParameters: 0 0 0

#Transform 56
Transform: AffineTransform_float_3_3
Parameters: 1 0.000189847 0.000115252 -0.000190152 0.999999 0.00132698 -0.000114748 -0.00132702 0.999999 0.0245241 -0.00687529 -0.0548433
FixedParameters: 0 0 0

#Transform 57
Transform: AffineTransform_float_3_3
Parameters: 1 0.000283207 -0.000154621 -0.000282794 0.999999 0.00133704 0.000154378 -0.00133696 0.999999 0.0271855 -0.0607299 -0.0458752
FixedParameters: 0 0 0

#Transform 58
Transform: AffineTransform_float_3_3
Parameters: 1 0.000401698 0.000170712 -0.000402301 0.999999 0.00177193 -0.000169287 -0.00177207 0.999999 0.0214033 -0.00796696 -0.0867464
FixedParameters: 0 0 0

#Transform 59
Transform: AffineTransform_float_3_3
Parameters: 1 0.000473692 0.000170858 -0.000474309 0.999999 0.00180992 -0.000170142 -0.00180908 0.999999 0.0205702 -0.0176285 -0.0892668
FixedParameters: 0 0 0

#Transform 60
Transform: AffineTransform_float_3_3
Parameters: 1 0.000368139 -7.22963e-05 -0.00036786 0.999998 0.00191203 7.37035e-05 -0.00191197 0.999998 0.0251279 -0.0368393 -0.0927979
FixedParameters: 0 0 0

#Transform 61
Transform: AffineTransform_float_3_3
Parameters: 1 0.000500903 6.57404e-05 -0.000501097 0.999999 0.00147797 -6.52594e-05 -0.00147803 0.999999 0.0179122 -0.00199312 -0.0773503
FixedParameters: 0 0 0

#Transform 62
Transform: AffineTransform_float_3_3
Parameters: 1 0.000506714 0.000170851 -0.000507287 0.999999 0.00167891 -0.000170149 -0.00167809 0.999998 0.0128196 -0.0225481 -0.0783749
FixedParameters: 0 0 0

#Transform 63
Transform: AffineTransform_float_3_3
Parameters: 1 0.000483007 -2.96106e-06 -0.000482992 0.999997 0.002151 4.03892e-06 -0.002151 0.999997 0.0143328 -0.0400479 -0.0712815
FixedParameters: 0 0 0

#Transform 64
Transform: AffineTransform_float_3_3
Parameters: 1 0.000532692 0.000170963 -0.000533308 0.999998 0.00180691 -0.000170037 -0.00180709 0.999999 0.0199432 0.00902236 -0.0755288
FixedParameters: 0 0 0

#Transform 65
Transform: AffineTransform_float_3_3
Parameters: 1 0.000616641 0.000171296 -0.000617358 0.999997 0.00210089 -0.000169703 -0.0021011 0.999998 0.0189185 -0.0174906 -0.0993536
FixedParameters: 0 0 0

#Transform 66
Transform: AffineTransform_float_3_3
Parameters: 1 -9.66083e-05 -0.00029213 9.73915e-05 0.999999 0.00134097 0.00029187 -0.00134103 0.999999 0.0832288 0.0537102 -0.0902638
FixedParameters: 0 0 0

#Transform 67
Transform: AffineTransform_float_3_3
Parameters: 1 0.000370485 0.000305625 -0.000371514 0.999998 0.00168689 -0.000304373 -0.00168711 0.999998 0.0350428 0.0475456 -0.0966572
FixedParameters: 0 0 0

#Transform 68
Transform: AffineTransform_float_3_3
Parameters: 1 -0.000158172 0.000338455 0.00015683 0.999994 0.00345905 -0.000338544 -0.00345895 0.999994 0.0592465 -0.0298531 0.00599118
FixedParameters: 0 0 0

#Transform 69
Transform: AffineTransform_float_3_3
Parameters: 1 -0.000290928 0.000356244 0.000289073 0.999996 0.0026021 -0.000356753 -0.00260189 0.999996 0.0605839 -0.0881002 -0.0362556
FixedParameters: 0 0 0

#Transform 70
Transform: AffineTransform_float_3_3
Parameters: 0.999999 -0.000776123 -0.000300277 0.000776879 0.999996 0.00293177 0.000298723 -0.00293223 0.999995 0.0912711 -0.0202224 -0.0541676
FixedParameters: 0 0 0

#Transform 71
Transform: AffineTransform_float_3_3
Parameters: 1 0.00036803 0.000135919 -0.00036797 1 -0.00022105 -0.000136081 0.00022095 1 0.00919908 -0.0061126 -0.108034
FixedParameters: 0 0 0

#Transform 72
Transform: AffineTransform_float_3_3
Parameters: 0.999999 0.0013101 -2.7589e-05 -0.0013099 0.999993 0.00336704 3.14106e-05 -0.00336696 0.999995 -0.0142302 0.0220031 -0.0567448
FixedParameters: 0 0 0

#Transform 73
Transform: AffineTransform_float_3_3
Parameters: 1 -0.000439302 -9.14187e-05 0.000439694 0.999969 0.00777596 8.75835e-05 -0.00777603 0.99997 0.0351712 -0.101205 0.129972
FixedParameters: 0 0 0

#Transform 74
Transform: AffineTransform_float_3_3
Parameters: 0.999999 -0.00105693 -0.00111166 0.00106707 0.999958 0.00909682 0.00110234 -0.00909818 0.999958 0.125683 -0.055603 0.180492
FixedParameters: 0 0 0

#Transform 75
Transform: AffineTransform_float_3_3
Parameters: 0.999999 -0.000936612 -4.03192e-05 0.000937394 0.999939 0.011015 3.06764e-05 -0.011015 0.99994 0.12962 -0.0274219 0.187375
FixedParameters: 0 0 0

#Transform 76
Transform: AffineTransform_float_3_3
Parameters: 1 -0.000219481 0.00119129 0.000209514 0.999969 0.00795226 -0.0011937 -0.00795274 0.999967 0.0470738 0.0715101 0.114702
FixedParameters: 0 0 0

#Transform 77
Transform: AffineTransform_float_3_3
Parameters: 1 -8.2666e-05 0.00106843 7.43371e-05 0.999975 0.00717308 -0.00106856 -0.00717292 0.999973 0.0415489 -0.0702388 0.0763612
FixedParameters: 0 0 0

#Transform 78
Transform: AffineTransform_float_3_3
Parameters: 0.999999 -0.000179103 0.000848144 0.000174898 0.999989 0.00483515 -0.000848855 -0.00483485 0.999988 0.050315 0.0123952 0.0380861
FixedParameters: 0 0 0

#Transform 79
Transform: AffineTransform_float_3_3
Parameters: 1 -0.000260019 0.000630357 0.000255983 0.999979 0.00636716 -0.000631642 -0.00636683 0.999979 0.0490823 -0.121885 0.0887202
FixedParameters: 0 0 0

#Transform 80
Transform: AffineTransform_float_3_3
Parameters: 1 -0.000353398 0.000545814 0.000349601 0.99998 0.00621319 -0.000548183 -0.0062138 0.99998 0.0594432 -0.0250654 0.0628062
FixedParameters: 0 0 0

#Transform 81
Transform: AffineTransform_float_3_3
Parameters: 1 -0.000697302 0.000656462 0.000692703 0.999979 0.00652946 -0.000660538 -0.00652955 0.999979 0.0620982 -0.109565 0.0919552
FixedParameters: 0 0 0

#Transform 82
Transform: AffineTransform_float_3_3
Parameters: 0.999999 -0.000697364 0.000770069 0.000693635 0.999984 0.00565353 -0.000773933 -0.00565346 0.999983 0.0724589 -0.0165124 0.0597049
FixedParameters: 0 0 0

#Transform 83
Transform: AffineTransform_float_3_3
Parameters: 1 -0.000697341 0.000690645 0.000693664 0.99998 0.00626548 -0.00069436 -0.00626452 0.99998 0.0616857 -0.140978 0.105602
FixedParameters: 0 0 0

#Transform 84
Transform: AffineTransform_float_3_3
Parameters: 0.999999 -0.000695509 0.000418862 0.00069349 0.999982 0.00596029 -0.000423141 -0.00596071 0.999982 0.0652367 -0.0814902 0.0733688
FixedParameters: 0 0 0

#Transform 85
Transform: AffineTransform_float_3_3
Parameters: 0.999999 -0.00069646 0.000636232 0.00069354 0.999985 0.00542344 -0.00063977 -0.00542256 0.999985 0.0653627 -0.0811846 0.0744589
FixedParameters: 0 0 0

#Transform 86
Transform: AffineTransform_float_3_3
Parameters: 0.999999 -0.000694971 0.000382439 0.00069303 0.999986 0.00513126 -0.000385561 -0.00513173 0.999987 0.0657298 -0.0716695 0.0380012
FixedParameters: 0 0 0

#Transform 87
Transform: AffineTransform_float_3_3
Parameters: 0.999999 -0.000530679 0.000591607 0.000528323 0.999989 0.00452031 -0.000593394 -0.00451968 0.999989 0.0587977 -0.0602043 0.0462431
FixedParameters: 0 0 0

#Transform 88
Transform: AffineTransform_float_3_3
Parameters: 0.999999 -0.000694437 0.000258167 0.000693558 0.999984 0.00552518 -0.000262836 -0.00552581 0.999984 0.0674094 -0.0945209 0.0551982
FixedParameters: 0 0 0

#Transform 89
Transform: AffineTransform_float_3_3
Parameters: 0.999999 -0.000694991 0.000404598 0.000693006 0.999987 0.00490128 -0.000408401 -0.00490072 0.999988 0.0654106 -0.0977616 0.0555867
FixedParameters: 0 0 0

#Transform 90
Transform: AffineTransform_float_3_3
Parameters: 0.999999 -0.000694812 0.000321106 0.000693188 0.999984 0.00561123 -0.000324894 -0.00561078 0.999984 0.0607812 -0.0837755 0.0557059
FixedParameters: 0 0 0

#Transform 91
Transform: AffineTransform_float_3_3
Parameters: 1 -0.000414902 0.00032559 0.000413095 0.999983 0.00582114 -0.00032841 -0.00582086 0.999983 0.0598016 -0.120161 0.0544205
FixedParameters: 0 0 0

#Transform 92
Transform: AffineTransform_float_3_3
Parameters: 1 -0.000438407 0.000277791 0.000437597 0.999987 0.00504612 -0.000279212 -0.00504588 0.999987 0.0536437 -0.0305955 0.0484078
FixedParameters: 0 0 0

#Transform 93
Transform: AffineTransform_float_3_3
Parameters: 1 -0.000542298 0.000388813 0.0005407 0.999982 0.00588821 -0.00039219 -0.00588778 0.999982 0.0560986 -0.0983015 0.0665183
FixedParameters: 0 0 0

#Transform 94
Transform: AffineTransform_float_3_3
Parameters: 0.999999 -0.000794052 0.00018453 0.000792945 0.999984 0.00563315 -0.00018947 -0.00563285 0.999984 0.0642678 -0.096706 0.09528
FixedParameters: 0 0 0

#Transform 95
Transform: AffineTransform_float_3_3
Parameters: 0.999999 -0.000576527 0.000435675 0.000574471 0.999983 0.00577925 -0.000439327 -0.00577875 0.999983 0.0560368 -0.0591738 0.0694557
FixedParameters: 0 0 0

#Transform 96
Transform: AffineTransform_float_3_3
Parameters: 0.999999 -0.000694866 0.00031694 0.000693133 0.999982 0.00585022 -0.000321061 -0.00585078 0.999983 0.0666412 -0.102202 0.0609025
FixedParameters: 0 0 0

#Transform 97
Transform: AffineTransform_float_3_3
Parameters: 0.999999 -0.000694473 0.000261115 0.000693527 0.999984 0.00560018 -0.000264888 -0.00559982 0.999985 0.0673934 -0.086898 0.0347092
FixedParameters: 0 0 0

#Transform 98
Transform: AffineTransform_float_3_3
Parameters: 0.999999 -0.000696516 0.000633152 0.000693484 0.999985 0.00553744 -0.000636849 -0.00553656 0.999984 0.0622084 -0.0388826 0.0489633
FixedParameters: 0 0 0

#Transform 99
Transform: AffineTransform_float_3_3
Parameters: 0.999999 -0.000644085 0.000492995 0.000640915 0.999981 0.00623232 -0.000497003 -0.00623168 0.99998 0.0636125 -0.085015 0.0394514
FixedParameters: 0 0 0

#Transform 100
Transform: AffineTransform_float_3_3
Parameters: 0.999999 -0.000694959 0.000316735 0.000693038 0.999981 0.00614622 -0.000321265 -0.00614578 0.999981 0.0666254 -0.0843636 0.0626447
FixedParameters: 0 0 0

#Transform 101
Transform: AffineTransform_float_3_3
Parameters: 1 -0.000566819 0.000317777 0.000565179 0.999983 0.00569518 -0.000321224 -0.00569482 0.999983 0.0651137 -0.0583805 0.0482665
FixedParameters: 0 0 0

#Transform 102
Transform: AffineTransform_float_3_3
Parameters: 0.999999 -0.000695034 0.000316573 0.000692964 0.99998 0.00637922 -0.000321427 -0.00637878 0.999979 0.0666369 -0.104186 0.0710621
FixedParameters: 0 0 0

#Transform 103
Transform: AffineTransform_float_3_3
Parameters: 0.999999 -0.000695241 0.000395083 0.00069276 0.999984 0.00564327 -0.000398916 -0.00564372 0.999984 0.0732432 -0.0778872 0.0471426
FixedParameters: 0 0 0

#Transform 104
Transform: AffineTransform_float_3_3
Parameters: 1 -0.000431497 0.000433529 0.0004285 0.999984 0.00574319 -0.000436468 -0.00574282 0.999984 0.0620399 -0.091162 0.0243582
FixedParameters: 0 0 0

#Transform 105
Transform: AffineTransform_float_3_3
Parameters: 0.999999 -0.000695105 0.000316415 0.00069289 0.999978 0.00660622 -0.000321584 -0.00660578 0.999978 0.0666534 -0.125208 0.0708206
FixedParameters: 0 0 0

#Transform 106
Transform: AffineTransform_float_3_3
Parameters: 0.999999 -0.000693917 0.000165193 0.000693083 0.999984 0.00549011 -0.000168807 -0.00548988 0.999985 0.0687173 -0.0510842 0.0414023
FixedParameters: 0 0 0

#Transform 107
Transform: AffineTransform_float_3_3
Parameters: 0.999999 -0.000696757 0.000570441 0.000693246 0.999978 0.0065604 -0.00057456 -0.00655961 0.999979 0.0588746 -0.128892 0.0836764
FixedParameters: 0 0 0

#Transform 108
Transform: AffineTransform_float_3_3
Parameters: 0.999999 -0.000696632 0.000662199 0.000693368 0.999985 0.00547046 -0.000665802 -0.00546954 0.999985 0.0585119 -0.0412673 0.0625671
FixedParameters: 0 0 0

#Transform 109
Transform: AffineTransform_float_3_3
Parameters: 1 -0.00069768 0.000729554 0.000693318 0.99998 0.00639451 -0.000734449 -0.00639449 0.99998 0.0514168 -0.149122 0.0954695
FixedParameters: 0 0 0

#Transform 110
Transform: AffineTransform_float_3_3
Parameters: 0.999999 -0.00063272 0.000473385 0.000630282 0.999984 0.0057253 -0.000476616 -0.0057247 0.999983 0.0572912 -0.0483231 0.0526239
FixedParameters: 0 0 0

#Transform 111
Transform: AffineTransform_float_3_3
Parameters: 0.999999 -0.000695913 0.00045962 0.000693091 0.99998 0.00630732 -0.000463381 -0.00630768 0.99998 0.0527933 -0.135618 0.0781514
FixedParameters: 0 0 0

#Transform 112
Transform: AffineTransform_float_3_3
Parameters: 0.999999 -0.000695632 0.000464078 0.000693368 0.999984 0.00564832 -0.000467923 -0.00564768 0.999984 0.0564385 -0.0638109 0.0750001
FixedParameters: 0 0 0

#Transform 113
Transform: AffineTransform_float_3_3
Parameters: 0.999999 -0.000695523 0.000382448 0.000693474 0.999979 0.00655727 -0.000387555 -0.00655674 0.999979 0.0551711 -0.131101 0.0728123
FixedParameters: 0 0 0

#Transform 114
Transform: AffineTransform_float_3_3
Parameters: 0.999999 -0.000696194 0.000549981 0.000692806 0.999983 0.00578638 -0.000554018 -0.00578662 0.999983 0.0634322 -0.0793929 0.0670626
FixedParameters: 0 0 0

#Transform 115
Transform: AffineTransform_float_3_3
Parameters: 1 -0.000697434 0.000731801 0.000693565 0.999981 0.00604151 -0.000736204 -0.00604149 0.999982 0.0610464 -0.0950771 0.0598259
FixedParameters: 0 0 0

#Transform 116
Transform: AffineTransform_float_3_3
Parameters: 0.999999 -0.000695739 0.000443733 0.000693258 0.999981 0.00614531 -0.000448268 -0.00614469 0.999981 0.0560383 -0.104342 0.0859129
FixedParameters: 0 0 0

#Transform 117
Transform: AffineTransform_float_3_3
Parameters: 0.999999 -0.000695691 0.000458945 0.000693308 0.999982 0.00583932 -0.000463056 -0.00583868 0.999983 0.0647177 -0.0689365 0.0786246
FixedParameters: 0 0 0

#Transform 118
Transform: AffineTransform_float_3_3
Parameters: 0.999999 -0.000696711 0.000565458 0.000693286 0.999979 0.0065364 -0.000570543 -0.00653561 0.999979 0.0496752 -0.131801 0.1005
FixedParameters: 0 0 0

#Transform 119
Transform: AffineTransform_float_3_3
Parameters: 0.999999 -0.000695179 0.000358809 0.000692819 0.999981 0.00603725 -0.00036319 -0.00603774 0.999981 0.0568269 -0.0510644 0.0806616
FixedParameters: 0 0 0

#Transform 120
Transform: AffineTransform_float_3_3
Parameters: 0.999999 -0.000643869 0.000638118 0.00064013 0.999981 0.00604641 -0.000641881 -0.00604558 0.999981 0.0528432 -0.105986 0.0781185
FixedParameters: 0 0 0

#Transform 121
Transform: AffineTransform_float_3_3
Parameters: 1 -0.000635072 0.000868313 0.00062993 0.999983 0.00582855 -0.000871687 -0.00582845 0.999982 0.0439737 -0.0933109 0.0955362
FixedParameters: 0 0 0

#Transform 122
Transform: AffineTransform_float_3_3
Parameters: 0.999999 -0.000646346 0.000744247 0.000641655 0.999983 0.00582548 -0.00074775 -0.00582452 0.999983 0.0513114 -0.0804201 0.0844251
FixedParameters: 0 0 0

#Transform 123
Transform: AffineTransform_float_3_3
Parameters: 1 -0.000503815 0.00106527 0.000498186 0.999985 0.00545253 -0.00106773 -0.00545146 0.999984 0.0313679 -0.0398224 0.0697833
FixedParameters: 0 0 0

#Transform 124
Transform: AffineTransform_float_3_3
Parameters: 1 -0.000467467 0.00100147 0.000461536 0.999985 0.00545246 -0.00100353 -0.00545153 0.999984 0.031851 -0.0280056 0.0711315
FixedParameters: 0 0 0

#Transform 125
Transform: AffineTransform_float_3_3
Parameters: 1 -0.000495106 0.00097693 0.000489894 0.999981 0.00624049 -0.000980076 -0.00623952 0.99998 0.0328101 -0.078913 0.0919005
FixedParameters: 0 0 0

#Transform 126
Transform: AffineTransform_float_3_3
Parameters: 0.999999 0.000393089 0.000982386 -0.000398908 0.999982 0.00602361 -0.000979614 -0.00602439 0.999982 -0.00320096 -0.0613208 0.111483
FixedParameters: 0 0 0

#Transform 127
Transform: AffineTransform_float_3_3
Parameters: 0.999999 -0.000704299 0.0016783 0.000692697 0.999977 0.00672317 -0.0016837 -0.00672183 0.999976 0.0286829 -0.0549388 0.105386
FixedParameters: 0 0 0

#Transform 128
Transform: AffineTransform_float_3_3
Parameters: 0.999999 -0.00056126 0.00119361 0.000553744 0.999982 0.00607367 -0.00119639 -0.00607334 0.999981 0.0447054 -0.0723047 0.10863
FixedParameters: 0 0 0

#Transform 129
Transform: AffineTransform_float_3_3
Parameters: 1 -0.000698768 0.000975896 0.000693232 0.999983 0.00589868 -0.000980106 -0.00589732 0.999982 0.042517 -0.0234431 0.106437
FixedParameters: 0 0 0

#Transform 130
Transform: AffineTransform_float_3_3
Parameters: 1 -0.000698484 0.000976099 0.000693517 0.999984 0.00560668 -0.000979904 -0.00560632 0.999984 0.0492987 -0.082826 0.0957226
FixedParameters: 0 0 0

#Transform 131
Transform: AffineTransform_float_3_3
Parameters: 0.999999 -0.000626438 0.00107728 0.000619564 0.999982 0.00596567 -0.00108072 -0.00596533 0.999981 0.047083 -0.063125 0.0967878
FixedParameters: 0 0 0

#Transform 132
Transform: AffineTransform_float_3_3
Parameters: 0.999999 -0.000701185 0.00133473 0.000692813 0.999981 0.00612293 -0.00133927 -0.00612207 0.999981 0.0442311 -0.0612707 0.0865329
FixedParameters: 0 0 0

#Transform 133
Transform: AffineTransform_float_3_3
Parameters: 1 -0.000698874 0.00097582 0.000693124 0.999981 0.00600768 -0.000980182 -0.00600632 0.999982 0.0493167 -0.101003 0.0992102
FixedParameters: 0 0 0

#Transform 134
Transform: AffineTransform_float_3_3
Parameters: 1 -0.000698703 0.000975941 0.000693296 0.999983 0.00583268 -0.00098006 -0.00583132 0.999982 0.0492482 -0.0404994 0.0731655
FixedParameters: 0 0 0

#Transform 135
Transform: AffineTransform_float_3_3
Parameters: 0.999999 -0.000869886 0.00103626 0.000863109 0.999977 0.00662689 -0.00104274 -0.00662609 0.999977 0.0503824 -0.0874078 0.107702
FixedParameters: 0 0 0

#Transform 136
Transform: AffineTransform_float_3_3
Parameters: 1 -0.000698671 0.000975965 0.000693328 0.999983 0.00579968 -0.000980037 -0.00579832 0.999982 0.049299 -0.0739179 0.107479
FixedParameters: 0 0 0

#Transform 137
Transform: AffineTransform_float_3_3
Parameters: 0.999999 -0.000766345 0.00128264 0.000758659 0.999984 0.00571698 -0.00128636 -0.00571602 0.999983 0.0458588 -0.0655113 0.10826
FixedParameters: 0 0 0

#Transform 138
Transform: AffineTransform_float_3_3
Parameters: 1 -0.000699404 0.000975441 0.000693593 0.999979 0.00654968 -0.000980564 -0.00654932 0.999978 0.0493554 -0.1369 0.115383
FixedParameters: 0 0 0

#Transform 139
Transform: AffineTransform_float_3_3
Parameters: 1 -0.000698686 0.000975955 0.000693314 0.999983 0.00581368 -0.000980047 -0.00581332 0.999982 0.052064 -0.0308406 0.112418
FixedParameters: 0 0 0

#Transform 140
Transform: AffineTransform_float_3_3
Parameters: 0.999999 -0.00070111 0.00127056 0.000692888 0.99998 0.00637189 -0.00127544 -0.00637111 0.999979 0.04522 -0.15249 0.119731
FixedParameters: 0 0 0

#Transform 141
Transform: AffineTransform_float_3_3
Parameters: 1 0.000122712 -0.00026722 -0.000121289 0.999979 0.00639803 0.000267782 -0.00639797 0.99998 0.050195 0.00987787 0.078352
FixedParameters: 0 0 0

#Transform 142
Transform: AffineTransform_float_3_3
Parameters: 1 0.000440212 0.000408029 -0.000442788 0.999977 0.00685883 -0.000404973 -0.00685818 0.999977 0.0466311 -0.0138043 0.0193092
FixedParameters: 0 0 0

#Transform 143
Transform: AffineTransform_float_3_3
Parameters: 0.999999 -4.78611e-05 0.000826733 4.3138e-05 0.999982 0.00587804 -0.000827268 -0.00587896 0.999983 0.0465018 -0.0161308 0.0610068
FixedParameters: 0 0 0

#Transform 144
Transform: AffineTransform_float_3_3
Parameters: 0.999999 -0.000220081 0.000825662 0.000214917 0.999981 0.00614918 -0.000827337 -0.00614882 0.999981 0.0485168 -0.0078337 0.0633364
FixedParameters: 0 0 0

#Transform 145
Transform: AffineTransform_float_3_3
Parameters: 0.999999 -0.000307356 0.000825024 0.000301644 0.999979 0.00648425 -0.000826973 -0.00648375 0.999978 0.0495272 -0.0679265 0.0682177
FixedParameters: 0 0 0

#Transform 146
Transform: AffineTransform_float_3_3
Parameters: 0.999999 -0.000312936 0.000642096 0.000309064 0.999981 0.0061212 -0.000643904 -0.0061208 0.999981 0.060894 0.00711848 0.05303
FixedParameters: 0 0 0

#Transform 147
Transform: AffineTransform_float_3_3
Parameters: 1 -0.000332612 0.000504638 0.000328386 0.999975 0.00714017 -0.000507358 -0.00713984 0.999975 0.0618437 -0.0453026 0.0442698
FixedParameters: 0 0 0

#Transform 148
Transform: AffineTransform_float_3_3
Parameters: 0.999999 -0.000311218 0.000654009 0.000306782 0.999979 0.0064392 -0.000655989 -0.0064388 0.999979 0.0633216 -0.0345234 0.0525424
FixedParameters: 0 0 0

#Transform 149
Transform: AffineTransform_float_3_3
Parameters: 0.999999 -0.000594426 0.000704288 0.000590575 0.99998 0.00626842 -0.000707715 -0.00626758 0.99998 0.0776074 0.0118995 0.0428012
FixedParameters: 0 0 0

#Transform 150
Transform: AffineTransform_float_3_3
Parameters: 1 -0.000707933 0.000703068 0.000703068 0.999976 0.0069915 -0.000707933 -0.00699051 0.999976 0.0842923 -0.0221541 0.0727699
FixedParameters: 0 0 0

#Transform 151
Transform: AffineTransform_float_3_3
Parameters: 0.999999 -0.000594331 0.000704367 0.00059067 0.999981 0.00613442 -0.000707636 -0.00613358 0.999981 0.0812035 0.000242518 0.0699942
FixedParameters: 0 0 0

#Transform 152
Transform: AffineTransform_float_3_3
Parameters: 1 -0.000878351 0.000702595 0.000874646 0.99998 0.00616961 -0.00070841 -0.00616938 0.99998 0.0742905 -0.0226759 0.0688338
FixedParameters: 0 0 0

#Transform 153
Transform: AffineTransform_float_3_3
Parameters: 1 -0.000761431 0.000703232 0.00075657 0.99998 0.00628054 -0.000707765 -0.00627946 0.99998 0.0771229 -0.0724312 0.087092
FixedParameters: 0 0 0

#Transform 154
Transform: AffineTransform_float_3_3
Parameters: 1 -0.000872877 0.000842958 0.000867124 0.999976 0.00694674 -0.000849045 -0.00694627 0.999976 0.0863237 -0.0225276 0.0698998
FixedParameters: 0 0 0

#Transform 155
Transform: AffineTransform_float_3_3
Parameters: 1 -0.000997034 0.000700894 0.000991966 0.999974 0.0071457 -0.000708107 -0.0071453 0.999974 0.0835596 -0.0715287 0.0787737
FixedParameters: 0 0 0

#Transform 156
Transform: AffineTransform_float_3_3
Parameters: 1 -0.000996885 0.000701105 0.000992116 0.999976 0.0069337 -0.000707895 -0.0069323 0.999975 0.0944293 0.00656895 0.0535234
FixedParameters: 0 0 0

#Transform 157
Transform: AffineTransform_float_3_3
Parameters: 0.999999 -0.000998942 0.00093262 0.000992056 0.999972 0.00741393 -0.000940381 -0.00741307 0.999972 0.0925821 -0.0434883 0.0738746
FixedParameters: 0 0 0

#Transform 158
Transform: AffineTransform_float_3_3
Parameters: 1 -0.000997198 0.000709754 0.000991801 0.999973 0.00728571 -0.000717245 -0.00728529 0.999973 0.0944355 -0.0407894 0.0911954
FixedParameters: 0 0 0

#Transform 159
Transform: AffineTransform_float_3_3
Parameters: 1 -0.000996524 0.000673354 0.00099148 0.999977 0.00668468 -0.000679643 -0.00668433 0.999978 0.105557 -0.0160961 0.0737217
FixedParameters: 0 0 0

#Transform 160
Transform: AffineTransform_float_3_3
Parameters: 1 -0.000997306 0.000672194 0.000991695 0.999968 0.00784867 -0.000679804 -0.00784733 0.999969 0.0998251 -0.073614 0.0854293
FixedParameters: 0 0 0

#Transform 161
Transform: AffineTransform_float_3_3
Parameters: 1 -0.000996732 0.000673045 0.000991269 0.999975 0.00699467 -0.00067995 -0.00699333 0.999976 0.10557 -0.0317176 0.0558227
FixedParameters: 0 0 0

#Transform 162
Transform: AffineTransform_float_3_3
Parameters: 0.999999 -0.000998312 0.000822399 0.000991685 0.999971 0.00763883 -0.0008306 -0.00763818 0.999971 0.0991878 -0.032176 0.0566493
FixedParameters: 0 0 0

#Transform 163
Transform: AffineTransform_float_3_3
Parameters: 0.999999 -0.000999273 0.0010159 0.000991726 0.999974 0.00713502 -0.0010231 -0.00713399 0.999974 0.0873223 -0.0826108 0.0876067
FixedParameters: 0 0 0

#Transform 164
Transform: AffineTransform_float_3_3
Parameters: 0.999999 -0.000997977 0.000876239 0.000992026 0.999977 0.00679487 -0.00088276 -0.00679412 0.999976 0.094511 -0.00321024 0.0755212
FixedParameters: 0 0 0

#Transform 165
Transform: AffineTransform_float_3_3
Parameters: 0.999999 -0.000998407 0.000846502 0.000991598 0.999971 0.00753485 -0.000853496 -0.00753416 0.999972 0.0916636 -0.0605204 0.0935172
FixedParameters: 0 0 0

#Transform 166
Transform: AffineTransform_float_3_3
Parameters: 0.999999 -0.00105796 0.00111449 0.00105003 0.999974 0.00712218 -0.00112251 -0.00712082 0.999974 0.0921626 -0.0370152 0.0875248
FixedParameters: 0 0 0

#Transform 167
Transform: AffineTransform_float_3_3
Parameters: 0.999998 -0.00111499 0.00112916 0.00110701 0.999975 0.00705626 -0.00113684 -0.00705474 0.999974 0.10056 -0.0395298 0.0655401
FixedParameters: 0 0 0

#Transform 168
Transform: AffineTransform_float_3_3
Parameters: 0.999999 -0.00105573 0.00115307 0.00104727 0.999971 0.00754422 -0.00116093 -0.00754278 0.999971 0.0995454 -0.0807363 0.0964267
FixedParameters: 0 0 0

#Transform 169
Transform: AffineTransform_float_3_3
Parameters: 0.999999 -0.00115909 0.000825514 0.00115291 0.999973 0.00734096 -0.000834485 -0.00734004 0.999972 0.108679 -0.00743753 0.0764375
FixedParameters: 0 0 0

#Transform 170
Transform: AffineTransform_float_3_3
Parameters: 0.999999 -0.00132103 0.0007738 0.00131497 0.999969 0.00773903 -0.000784199 -0.00773797 0.99997 0.107943 -0.0522754 0.0848629
FixedParameters: 0 0 0

#Transform 171
Transform: AffineTransform_float_3_3
Parameters: 0.999998 -0.00134065 0.000906236 0.00133335 0.999973 0.00730122 -0.000915758 -0.00729978 0.999973 0.109688 -0.0259081 0.0910979
FixedParameters: 0 0 0

#Transform 172
Transform: AffineTransform_float_3_3
Parameters: 0.999998 -0.00128113 0.00100901 0.00127387 0.999975 0.0070333 -0.00101798 -0.00703171 0.999975 0.108465 -0.023732 0.0811574
FixedParameters: 0 0 0

#Transform 173
Transform: AffineTransform_float_3_3
Parameters: 0.999998 -0.0012897 0.00100822 0.0012823 0.999971 0.0076053 -0.00101778 -0.0076037 0.99997 0.104272 -0.0617164 0.0996861
FixedParameters: 0 0 0

#Transform 174
Transform: AffineTransform_float_3_3
Parameters: 0.999998 -0.00128949 0.00100849 0.0012825 0.999972 0.0073933 -0.00101851 -0.0073927 0.999972 0.104235 -0.032016 0.100856
FixedParameters: 0 0 0

#Transform 175
Transform: AffineTransform_float_3_3
Parameters: 0.999998 -0.00128949 0.00100849 0.0012825 0.999972 0.0073933 -0.00101851 -0.0073927 0.999972 0.106296 -0.0503645 0.0808791
FixedParameters: 0 0 0

#Transform 176
Transform: AffineTransform_float_3_3
Parameters: 0.999998 -0.00128982 0.00100808 0.00128218 0.99997 0.0077163 -0.00101792 -0.0077147 0.999969 0.104274 -0.0720218 0.0910215
FixedParameters: 0 0 0

#Transform 177
Transform: AffineTransform_float_3_3
Parameters: 0.999998 -0.00123049 0.00100893 0.00122351 0.999972 0.00739324 -0.00101807 -0.00739276 0.999972 0.112719 -0.00855677 0.0732682
FixedParameters: 0 0 0

#Transform 178
Transform: AffineTransform_float_3_3
Parameters: 0.999998 -0.00129015 0.00100765 0.00128185 0.999967 0.0080463 -0.00101835 -0.0080457 0.999967 0.117857 -0.0400134 0.0786038
FixedParameters: 0 0 0

#Transform 179
Transform: AffineTransform_float_3_3
Parameters: 0.999999 -0.00138308 0.001007 0.00137492 0.999967 0.0079794 -0.001018 -0.0079776 0.999967 0.117325 -0.0621371 0.0923188
FixedParameters: 0 0 0

#Transform 180
Transform: AffineTransform_float_3_3
Parameters: 0.999998 -0.00134366 0.00100787 0.00133634 0.99997 0.00756035 -0.00101813 -0.00755864 0.999971 0.113511 -0.0167985 0.0741377
FixedParameters: 0 0 0

#Transform 181
Transform: AffineTransform_float_3_3
Parameters: 0.999998 -0.00134386 0.0010076 0.00133614 0.999969 0.00776136 -0.0010184 -0.00775965 0.99997 0.104823 -0.0418852 0.0670132
FixedParameters: 0 0 0

#Transform 182
Transform: AffineTransform_float_3_3
Parameters: 0.999998 -0.00129017 0.00100762 0.00128182 0.999966 0.0080703 -0.00101838 -0.00806869 0.999967 0.110381 -0.0566165 0.0843611
FixedParameters: 0 0 0

#Transform 183
Transform: AffineTransform_float_3_3
Parameters: 0.999998 -0.00128943 0.00100857 0.00128156 0.999973 0.0073363 -0.00101843 -0.0073347 0.999972 0.11222 -0.00402782 0.059103
FixedParameters: 0 0 0

#Transform 184
Transform: AffineTransform_float_3_3
Parameters: 0.999998 -0.00129038 0.00100735 0.00128162 0.999965 0.0082783 -0.00101764 -0.0082767 0.999965 0.116044 -0.0382464 0.0573899
FixedParameters: 0 0 0

#Transform 185
Transform: AffineTransform_float_3_3
Parameters: 0.999998 -0.00129068 0.00107365 0.00128231 0.999967 0.00804939 -0.00108436 -0.00804861 0.999967 0.109664 -0.0723841 0.0883612
FixedParameters: 0 0 0

#Transform 186
Transform: AffineTransform_float_3_3
Parameters: 0.999998 -0.00135213 0.00100718 0.00134387 0.999967 0.00802637 -0.00101782 -0.00802464 0.999968 0.112477 -0.0054379 0.0746595
FixedParameters: 0 0 0

#Transform 187
Transform: AffineTransform_float_3_3
Parameters: 0.999998 -0.00129077 0.00100685 0.00128223 0.999961 0.0086643 -0.00101815 -0.00866369 0.999962 0.104269 -0.0581724 0.101381
FixedParameters: 0 0 0

#Transform 188
Transform: AffineTransform_float_3_3
