#Insight Transform File V1.0
#Transform 0
Transform: AffineTransform_float_3_3
Parameters: 1 -0.000471001 9.93641e-06 0.000470999 1 0.000135005 -1.00636e-05 -0.000134995 1 -0.0332566 -0.043548 0.361476
FixedParameters: 0 0 0

#Transform 1
Transform: AffineTransform_float_3_3
Parameters: 1 -2.2848e-07 8.39997e-05 -2.2848e-07 0.999997 0.00272 -8.39997e-05 -0.00272 0.999997 -0.00831176 0.0325339 -0.0887268
FixedParameters: 0 0 0

#Transform 2
Transform: AffineTransform_float_3_3
Parameters: 1 0.000120039 0.00023498 -0.000119961 1 -0.000166028 -0.00023502 0.000165972 1 -0.0166711 -0.0491045 -0.0614685
FixedParameters: 0 0 0

#Transform 3
Transform: AffineTransform_float_3_3
Parameters: 1 0.000263155 0.000285858 -0.000262845 1 -0.000541075 -0.000286142 0.000540925 1 -0.0158 0.152814 -0.0748912
FixedParameters: 0 0 0

#Transform 4
Transform: AffineTransform_float_3_3
Parameters: 1 0.0009266 0.000362471 -0.0009254 0.999998 -0.00165134 -0.000364528 0.00165066 0.999998 -0.0293102 0.0713316 -0.0785523
FixedParameters: 0 0 0

#Transform 5
Transform: AffineTransform_float_3_3
Parameters: 1 0.00113683 -0.000137419 -0.00113717 0.999998 -0.00124784 0.000135581 0.00124815 0.999999 -0.0175403 0.172414 -0.114029
FixedParameters: 0 0 0

#Transform 6
Transform: AffineTransform_float_3_3
Parameters: 1 0.0011038 -0.000137606 -0.0011042 0.999999 -0.00145485 0.000135393 0.00145515 0.999999 -0.0223013 0.165888 -0.163853
FixedParameters: 0 0 0

#Transform 7
Transform: AffineTransform_float_3_3
Parameters: 0.999999 0.000817746 -0.00127645 -0.000820256 0.999998 -0.00176695 0.00127555 0.00176704 0.999997 -0.0202371 0.220072 -0.226668
FixedParameters: 0 0 0

#Transform 8
Transform: AffineTransform_float_3_3
Parameters: 0.999999 0.000794005 -0.00166144 -0.000796994 0.999998 -0.00180268 0.00165957 0.00180432 0.999997 -0.00330835 0.254388 -0.270439
FixedParameters: 0 0 0

#Transform 9
Transform: AffineTransform_float_3_3
Parameters: 0.999998 0.000777693 -0.00152018 -0.000780305 0.999998 -0.00151681 0.00151882 0.00151818 0.999997 -0.00663962 0.19218 -0.288833
FixedParameters: 0 0 0

#Transform 10
Transform: AffineTransform_float_3_3
Parameters: 0.999999 0.000722016 -0.00108632 -0.000723984 0.999998 -0.00182721 0.00108468 0.00182778 0.999997 -0.0132734 0.237604 -0.316014
FixedParameters: 0 0 0

#Transform 11
Transform: AffineTransform_float_3_3
Parameters: 0.999997 0.000792007 -0.0019732 -0.000794994 0.999998 -0.00151643 0.0019728 0.00151757 0.999997 0.00800444 0.229026 -0.358147
FixedParameters: 0 0 0

#Transform 12
Transform: AffineTransform_float_3_3
Parameters: 0.999996 0.000725984 -0.00251245 -0.000731017 0.999997 -0.00199617 0.00251154 0.00199783 0.999995 0.0170879 0.239656 -0.362063
FixedParameters: 0 0 0

#Transform 13
Transform: AffineTransform_float_3_3
Parameters: 0.999997 0.000545738 -0.00232824 -0.000551261 0.999998 -0.00225972 0.00232676 0.00226128 0.999994 0.0219053 0.262995 -0.335886
FixedParameters: 0 0 0

#Transform 14
Transform: AffineTransform_float_3_3
Parameters: 0.999996 0.000587318 -0.00252157 -0.000594682 0.999997 -0.00264951 0.00252043 0.00265149 0.999994 0.0413174 0.265363 -0.35316
FixedParameters: 0 0 0

#Transform 15
Transform: AffineTransform_float_3_3
Parameters: 0.999996 0.000587762 -0.00293387 -0.00059624 0.999995 -0.00314926 0.00293214 0.00315074 0.99999 0.0398269 0.296332 -0.416504
FixedParameters: 0 0 0

#Transform 16
Transform: AffineTransform_float_3_3
Parameters: 0.999997 0.000448853 -0.00264175 -0.000459149 0.999993 -0.0038418 0.00264026 0.0038432 0.999989 0.0294332 0.341735 -0.363624
FixedParameters: 0 0 0

#Transform 17
Transform: AffineTransform_float_3_3
Parameters: 0.999996 0.000670397 -0.00266743 -0.000680604 0.999994 -0.0036002 0.00266557 0.0036028 0.99999 0.0324766 0.284147 -0.364506
FixedParameters: 0 0 0

#Transform 18
Transform: AffineTransform_float_3_3
Parameters: 0.999995 0.00051222 -0.00312479 -0.000522779 0.999994 -0.00344938 0.00312322 0.00345162 0.999989 0.0270125 0.274838 -0.435468
FixedParameters: 0 0 0

#Transform 19
Transform: AffineTransform_float_3_3
Parameters: 0.999995 0.000632335 -0.00330825 -0.000643663 0.999993 -0.00352589 0.00330575 0.00352811 0.999989 0.0343757 0.30986 -0.456288
FixedParameters: 0 0 0

#Transform 20
Transform: AffineTransform_float_3_3
Parameters: 0.999993 0.000509946 -0.00372152 -0.000528052 0.999988 -0.00485207 0.00371848 0.00485393 0.999982 0.0132642 0.376939 -0.505487
FixedParameters: 0 0 0

#Transform 21
Transform: AffineTransform_float_3_3
Parameters: 0.999993 0.000681256 -0.00384174 -0.000701744 0.999985 -0.00540035 0.00383827 0.00540366 0.999978 0.0158958 0.391105 -0.565792
FixedParameters: 0 0 0

#Transform 22
Transform: AffineTransform_float_3_3
Parameters: 0.999991 0.000741911 -0.00419969 -0.000768091 0.999981 -0.00621383 0.00419531 0.00621717 0.999972 0.0124447 0.401974 -0.547705
FixedParameters: 0 0 0

#Transform 23
Transform: AffineTransform_float_3_3
Parameters: 0.999992 0.000958401 -0.00393732 -0.000984598 0.999979 -0.00650518 0.00393068 0.00650882 0.999971 0.0179768 0.400021 -0.496333
FixedParameters: 0 0 0

#Transform 24
Transform: AffineTransform_float_3_3
Parameters: 0.999989 0.000876899 -0.0044642 -0.0009031 0.999983 -0.00584803 0.00445879 0.00585197 0.999973 0.0349264 0.315301 -0.49009
FixedParameters: 0 0 0

#Transform 25
Transform: AffineTransform_float_3_3
Parameters: 0.999992 0.000823884 -0.00377479 -0.000849116 0.999975 -0.00692184 0.00376921 0.00692515 0.999969 0.0118841 0.409737 -0.447104
FixedParameters: 0 0 0

#Transform 26
Transform: AffineTransform_float_3_3
Parameters: 0.999993 0.000712143 -0.00382033 -0.000734856 0.999982 -0.00598524 0.00381567 0.00598776 0.999975 -0.000488403 0.32983 -0.50513
FixedParameters: 0 0 0

#Transform 27
Transform: AffineTransform_float_3_3
Parameters: 0.999992 0.000731751 -0.00374162 -0.000755246 0.999981 -0.00621622 0.00373637 0.00621878 0.999973 -0.0107897 0.361334 -0.533665
FixedParameters: 0 0 0

#Transform 28
Transform: AffineTransform_float_3_3
Parameters: 0.999993 0.00075505 -0.00384759 -0.000782946 0.999974 -0.00726805 0.00384141 0.00727096 0.999966 -0.00245847 0.397757 -0.499986
FixedParameters: 0 0 0

#Transform 29
Transform: AffineTransform_float_3_3
Parameters: 0.99999 0.000759319 -0.00441503 -0.000787678 0.999978 -0.00649759 0.00440997 0.00650141 0.999969 0.00338188 0.359008 -0.577919
FixedParameters: 0 0 0

#Transform 30
Transform: AffineTransform_float_3_3
Parameters: 0.999993 0.000854795 -0.00379646 -0.000882201 0.999972 -0.00743371 0.00378955 0.0074373 0.999965 -0.018622 0.398004 -0.585105
FixedParameters: 0 0 0

#Transform 31
Transform: AffineTransform_float_3_3
Parameters: 0.999997 0.000950596 -0.00248889 -0.000970405 0.999966 -0.00820961 0.00248112 0.00821239 0.999963 -0.0385016 0.44318 -0.549856
FixedParameters: 0 0 0

#Transform 32
Transform: AffineTransform_float_3_3
Parameters: 0.999997 0.000477741 -0.00229709 -0.000496258 0.999964 -0.00839088 0.00229292 0.00839212 0.999962 -0.0420997 0.45245 -0.587797
FixedParameters: 0 0 0

#Transform 33
Transform: AffineTransform_float_3_3
Parameters: 0.999994 0.000693112 -0.00333392 -0.000720887 0.999964 -0.00837065 0.00332808 0.00837336 0.99996 -0.0216666 0.447961 -0.628405
FixedParameters: 0 0 0

#Transform 34
Transform: AffineTransform_float_3_3
Parameters: 0.999995 0.000757166 -0.00288917 -0.000784832 0.999957 -0.00929778 0.00288183 0.00930023 0.999953 -0.00362315 0.490423 -0.567143
FixedParameters: 0 0 0

#Transform 35
Transform: AffineTransform_float_3_3
Parameters: 0.999995 0.000817708 -0.00309018 -0.000848291 0.999951 -0.00981442 0.00308182 0.00981657 0.999947 -0.00667069 0.522797 -0.583705
FixedParameters: 0 0 0

#Transform 36
Transform: AffineTransform_float_3_3
Parameters: 0.999994 0.000869796 -0.00339841 -0.000901209 0.999954 -0.00948599 0.0033906 0.00948901 0.999949 -0.00875656 0.489748 -0.604054
FixedParameters: 0 0 0

#Transform 37
Transform: AffineTransform_float_3_3
Parameters: 0.999993 0.000710177 -0.00347444 -0.00074182 0.999961 -0.00887848 0.00346755 0.00888052 0.999954 -0.0012196 0.442256 -0.625878
FixedParameters: 0 0 0

#Transform 38
Transform: AffineTransform_float_3_3
Parameters: 0.999994 0.00106445 -0.00335947 -0.00109956 0.999943 -0.0105984 0.00334853 0.0106016 0.999938 0.0224285 0.503097 -0.643115
FixedParameters: 0 0 0

#Transform 39
Transform: AffineTransform_float_3_3
Parameters: 0.999993 0.000901252 -0.00381386 -0.000941749 0.999943 -0.0106955 0.00380414 0.0106995 0.999935 0.0024605 0.451785 -0.600432
FixedParameters: 0 0 0

#Transform 40
Transform: AffineTransform_float_3_3
Parameters: 0.99999 0.00105685 -0.00431777 -0.00109615 0.999958 -0.00907436 0.00430823 0.00907965 0.99995 0.0139521 0.421902 -0.649877
FixedParameters: 0 0 0

#Transform 41
Transform: AffineTransform_float_3_3
Parameters: 0.99999 0.000902468 -0.00434306 -0.000945531 0.999951 -0.00980099 0.00433394 0.00980501 0.999943 0.00459793 0.461031 -0.666143
FixedParameters: 0 0 0

#Transform 42
Transform: AffineTransform_float_3_3
Parameters: 0.999987 0.000908918 -0.00486885 -0.000950085 0.999964 -0.00844248 0.00486115 0.00844653 0.999953 0.00993455 0.378958 -0.759105
FixedParameters: 0 0 0

#Transform 43
Transform: AffineTransform_float_3_3
Parameters: 0.999988 0.000892226 -0.00479375 -0.000937765 0.999954 -0.00955462 0.00478426 0.00955938 0.999943 0.0159492 0.478662 -0.744512
FixedParameters: 0 0 0

#Transform 44
Transform: AffineTransform_float_3_3
Parameters: 0.999987 0.000810801 -0.00499438 -0.000855195 0.99996 -0.00885384 0.00498662 0.00885815 0.999949 0.0203874 0.423461 -0.779416
FixedParameters: 0 0 0

#Transform 45
Transform: AffineTransform_float_3_3
Parameters: 0.999986 0.000896081 -0.00514602 -0.000940914 0.999962 -0.00873228 0.00513797 0.00873772 0.999948 0.0238751 0.426657 -0.749631
FixedParameters: 0 0 0

#Transform 46
Transform: AffineTransform_float_3_3
Parameters: 0.999983 0.000816001 -0.00567188 -0.000869001 0.999956 -0.00934823 0.00566412 0.00935278 0.99994 0.0343437 0.473264 -0.792182
FixedParameters: 0 0 0

#Transform 47
Transform: AffineTransform_float_3_3
Parameters: 0.999984 0.000805184 -0.0055039 -0.000851813 0.999965 -0.00832644 0.00549709 0.00833156 0.99995 0.0290161 0.404411 -0.833205
FixedParameters: 0 0 0

#Transform 48
Transform: AffineTransform_float_3_3
Parameters: 0.999984 0.000805767 -0.00558532 -0.000854227 0.999961 -0.00881736 0.00557768 0.00882263 0.999945 0.0305091 0.444655 -0.775333
FixedParameters: 0 0 0

#Transform 49
Transform: AffineTransform_float_3_3
Parameters: 0.99998 0.000882573 -0.00626027 -0.000945427 0.999948 -0.0101363 0.00625074 0.0101417 0.999929 0.0392991 0.49765 -0.736049
FixedParameters: 0 0 0

#Transform 50
Transform: AffineTransform_float_3_3
Parameters: 0.99998 0.00101451 -0.00635113 -0.00107649 0.999952 -0.00968536 0.00634087 0.00969263 0.999933 0.0268242 0.435577 -0.772418
FixedParameters: 0 0 0

#Transform 51
Transform: AffineTransform_float_3_3
Parameters: 0.99998 0.000960919 -0.00625017 -0.00103108 0.999936 -0.0112188 0.00623882 0.0112252 0.999917 0.0193258 0.505234 -0.752397
FixedParameters: 0 0 0

#Transform 52
Transform: AffineTransform_float_3_3
Parameters: 0.999969 0.000734462 -0.00780863 -0.000820543 0.999938 -0.0110849 0.00780038 0.0110911 0.999908 0.0396756 0.474964 -0.780928
FixedParameters: 0 0 0

#Transform 53
Transform: AffineTransform_float_3_3
Parameters: 0.999976 0.000476838 -0.00698278 -0.00055415 0.999937 -0.0111954 0.00697624 0.0111996 0.999913 0.0259631 0.461346 -0.793637
FixedParameters: 0 0 0

#Transform 54
Transform: AffineTransform_float_3_3
Parameters: 0.999973 0.000675513 -0.0073082 -0.000759495 0.999935 -0.0114268 0.0073008 0.0114322 0.999908 0.0424543 0.508862 -0.804703
FixedParameters: 0 0 0

#Transform 55
Transform: AffineTransform_float_3_3
Parameters: 0.999971 0.000592931 -0.00767505 -0.000678081 0.999939 -0.0110861 0.00766896 0.0110909 0.999909 0.0316062 0.468734 -0.816514
FixedParameters: 0 0 0

#Transform 56
Transform: AffineTransform_float_3_3
Parameters: 0.99997 0.000756764 -0.00773824 -0.000845239 0.999933 -0.0115358 0.00772876 0.0115412 0.999903 0.0409697 0.482407 -0.807412
FixedParameters: 0 0 0

#Transform 57
Transform: AffineTransform_float_3_3
Parameters: 0.99997 0.000564254 -0.00779719 -0.00065675 0.99993 -0.0117682 0.00779081 0.0117738 0.999901 0.0400941 0.515492 -0.758954
FixedParameters: 0 0 0

#Transform 58
Transform: AffineTransform_float_3_3
Parameters: 0.999969 0.000564283 -0.00784905 -0.000654719 0.999933 -0.0115602 0.00784196 0.0115648 0.999903 0.0324275 0.388818 -0.786521
FixedParameters: 0 0 0

#Transform 59
Transform: AffineTransform_float_3_3
Parameters: 0.99997 0.000835975 -0.00769468 -0.000929032 0.999927 -0.0120942 0.00768433 0.0121008 0.999898 0.0500715 0.490484 -0.719828
FixedParameters: 0 0 0

#Transform 60
Transform: AffineTransform_float_3_3
Parameters: 0.999967 0.000676643 -0.00802171 -0.000772349 0.999927 -0.0120152 0.00801229 0.0120208 0.999895 0.0392036 0.48252 -0.747168
FixedParameters: 0 0 0

#Transform 61
Transform: AffineTransform_float_3_3
Parameters: 0.999965 0.000689153 -0.00824847 -0.000784852 0.999933 -0.0115009 0.00824051 0.0115071 0.9999 0.051601 0.467696 -0.766185
FixedParameters: 0 0 0

#Transform 62
Transform: AffineTransform_float_3_3
Parameters: 0.999963 0.000405447 -0.00861931 -0.00050555 0.999932 -0.0116671 0.00861368 0.0116709 0.999895 0.0608704 0.460561 -0.75111
FixedParameters: 0 0 0

#Transform 63
Transform: AffineTransform_float_3_3
Parameters: 0.999966 0.0007634 -0.00827669 -0.000862586 0.999928 -0.0119153 0.00826631 0.0119227 0.999895 0.0750797 0.500648 -0.781862
FixedParameters: 0 0 0

#Transform 64
Transform: AffineTransform_float_3_3
Parameters: 0.999961 0.000578147 -0.00878745 -0.000681855 0.99993 -0.0118195 0.00878055 0.0118255 0.999891 0.0670835 0.467169 -0.829423
FixedParameters: 0 0 0

#Transform 65
Transform: AffineTransform_float_3_3
Parameters: 0.999966 0.000298337 -0.0083138 -0.000389667 0.999939 -0.0110261 0.00831021 0.0110289 0.999904 0.0490079 0.47126 -0.796086
FixedParameters: 0 0 0

#Transform 66
Transform: AffineTransform_float_3_3
Parameters: 0.999969 0.000371502 -0.00785357 -0.000457491 0.999939 -0.0110147 0.00784843 0.0110183 0.999908 0.0405464 0.510198 -0.772872
FixedParameters: 0 0 0

#Transform 67
Transform: AffineTransform_float_3_3
Parameters: 0.99997 0.000379776 -0.00764365 -0.000463215 0.999939 -0.0110198 0.00763836 0.0110232 0.99991 0.0352544 0.47109 -0.814825
FixedParameters: 0 0 0

#Transform 68
Transform: AffineTransform_float_3_3
Parameters: 0.999969 0.000459885 -0.00788042 -0.00054511 0.999941 -0.010802 0.00787457 0.0108059 0.99991 0.0470127 0.475066 -0.790655
FixedParameters: 0 0 0

#Transform 69
Transform: AffineTransform_float_3_3
Parameters: 0.999969 0.000301583 -0.00785989 -0.000389412 0.999936 -0.0112493 0.00785611 0.0112527 0.999906 0.0301166 0.50527 -0.790605
FixedParameters: 0 0 0

#Transform 70
Transform: AffineTransform_float_3_3
Parameters: 0.999972 0.000316176 -0.00747702 -0.000399818 0.999937 -0.0112113 0.00747299 0.0112147 0.999909 0.0160983 0.498054 -0.819131
FixedParameters: 0 0 0

#Transform 71
Transform: AffineTransform_float_3_3
Parameters: 0.999969 0.00029905 -0.0078526 -0.000381946 0.999944 -0.0105643 0.00784841 0.0105667 0.999914 0.020503 0.466897 -0.834293
FixedParameters: 0 0 0

#Transform 72
Transform: AffineTransform_float_3_3
Parameters: 0.999967 0.000996031 -0.00807987 -0.00108797 0.999934 -0.0113866 0.00806813 0.0113944 0.999902 0.0308914 0.412237 -0.784004
FixedParameters: 0 0 0

#Transform 73
Transform: AffineTransform_float_3_3
Parameters: 0.999973 0.00103636 -0.00725606 -0.00112364 0.999927 -0.0120852 0.00724294 0.0120928 0.9999 0.0417601 0.524019 -0.728799
FixedParameters: 0 0 0

#Transform 74
Transform: AffineTransform_float_3_3
Parameters: 0.999965 0.00145572 -0.00831768 -0.00156427 0.999914 -0.0130264 0.00829732 0.0130385 0.99988 0.0374795 0.509494 -0.7343
FixedParameters: 0 0 0

#Transform 75
Transform: AffineTransform_float_3_3
Parameters: 0.999964 0.0015702 -0.00839468 -0.0016768 0.999917 -0.0127304 0.00837432 0.0127446 0.999883 0.0343474 0.489339 -0.767506
FixedParameters: 0 0 0

#Transform 76
Transform: AffineTransform_float_3_3
Parameters: 0.999961 0.00139688 -0.00864504 -0.00151012 0.999913 -0.0130924 0.00862596 0.0131046 0.999877 0.0319941 0.533617 -0.768438
FixedParameters: 0 0 0

#Transform 77
Transform: AffineTransform_float_3_3
Parameters: 0.999963 0.00115012 -0.00850443 -0.00125888 0.999917 -0.0128078 0.00848957 0.0128182 0.999882 0.0266927 0.491212 -0.80773
FixedParameters: 0 0 0

#Transform 78
Transform: AffineTransform_float_3_3
Parameters: 0.999968 0.00143361 -0.00793059 -0.00153839 0.999912 -0.0131732 0.00791041 0.0131848 0.999882 0.0355908 0.520256 -0.754745
FixedParameters: 0 0 0

#Transform 79
Transform: AffineTransform_float_3_3
Parameters: 0.999965 0.000970637 -0.00830955 -0.00108836 0.999899 -0.0141304 0.00829544 0.0141395 0.999865 0.0237787 0.529253 -0.75429
FixedParameters: 0 0 0

#Transform 80
Transform: AffineTransform_float_3_3
Parameters: 0.999967 0.00104619 -0.00813474 -0.00115482 0.99991 -0.0133831 0.00812027 0.0133919 0.999878 0.0397631 0.511014 -0.753687
FixedParameters: 0 0 0

#Transform 81
Transform: AffineTransform_float_3_3
Parameters: 0.999969 0.00131812 -0.00776509 -0.00142588 0.999903 -0.0139034 0.00774592 0.0139146 0.999873 0.0375192 0.505627 -0.724247
FixedParameters: 0 0 0

#Transform 82
Transform: AffineTransform_float_3_3
Parameters: 0.999967 0.00145756 -0.00807949 -0.00157145 0.999899 -0.0141758 0.00805853 0.0141882 0.999867 0.0514658 0.51425 -0.740322
FixedParameters: 0 0 0

#Transform 83
Transform: AffineTransform_float_3_3
Parameters: 0.999965 0.00127846 -0.00833903 -0.00138454 0.999918 -0.0127829 0.00832197 0.0127941 0.999883 0.0690733 0.462501 -0.780619
FixedParameters: 0 0 0

#Transform 84
Transform: AffineTransform_float_3_3
Parameters: 0.999965 0.00110541 -0.00836021 -0.00120759 0.999924 -0.0122763 0.0083458 0.0122857 0.999889 0.0669229 0.477419 -0.781717
FixedParameters: 0 0 0

#Transform 85
Transform: AffineTransform_float_3_3
Parameters: 0.999966 0.00115009 -0.00817584 -0.0012639 0.999902 -0.0139401 0.00815917 0.0139509 0.99987 0.0653908 0.546808 -0.740057
FixedParameters: 0 0 0

#Transform 86
Transform: AffineTransform_float_3_3
Parameters: 0.999969 0.000575596 -0.0077779 -0.000674393 0.999919 -0.0126551 0.00776908 0.0126598 0.999889 0.0515996 0.490905 -0.766308
FixedParameters: 0 0 0

#Transform 87
Transform: AffineTransform_float_3_3
Parameters: 0.999973 0.000825124 -0.00728386 -0.000907875 0.999935 -0.0113817 0.00727413 0.0113883 0.999908 0.0491425 0.458062 -0.783977
FixedParameters: 0 0 0

#Transform 88
Transform: AffineTransform_float_3_3
Parameters: 0.99997 0.000849593 -0.00777602 -0.000945408 0.999924 -0.012274 0.00776498 0.012281 0.999895 0.0501641 0.474549 -0.728906
FixedParameters: 0 0 0

#Transform 89
Transform: AffineTransform_float_3_3
Parameters: 0.999964 0.000922365 -0.00835034 -0.00102764 0.99992 -0.0126549 0.00833866 0.0126631 0.999885 0.0537358 0.485667 -0.728281
FixedParameters: 0 0 0

#Transform 90
Transform: AffineTransform_float_3_3
Parameters: 0.999961 0.001161 -0.00873647 -0.001272 0.999919 -0.0127114 0.00872053 0.0127216 0.999881 0.0438643 0.472438 -0.753252
FixedParameters: 0 0 0

#Transform 91
Transform: AffineTransform_float_3_3
Parameters: 0.999974 0.00136886 -0.00706851 -0.00146613 0.999905 -0.013756 0.0070485 0.013766 0.999881 0.0217238 0.557854 -0.666611
FixedParameters: 0 0 0

#Transform 92
Transform: AffineTransform_float_3_3
Parameters: 0.999972 0.00122758 -0.0072869 -0.00132442 0.999912 -0.0132417 0.00727009 0.0132513 0.999886 0.0216293 0.483274 -0.70202
FixedParameters: 0 0 0

#Transform 93
Transform: AffineTransform_float_3_3
Parameters: 0.99997 0.0009907 -0.00765509 -0.00108731 0.99992 -0.0125861 0.00764292 0.012594 0.999892 0.0325279 0.47389 -0.775101
FixedParameters: 0 0 0

#Transform 94
Transform: AffineTransform_float_3_3
Parameters: 0.999963 0.000782737 -0.00861894 -0.000895262 0.999914 -0.0130288 0.00860807 0.0130362 0.999878 0.0402909 0.51601 -0.780524
FixedParameters: 0 0 0

#Transform 95
Transform: AffineTransform_float_3_3
Parameters: 0.999959 0.000591818 -0.00903098 -0.000703184 0.999924 -0.0123132 0.00902303 0.0123188 0.999884 0.0386684 0.470032 -0.841007
FixedParameters: 0 0 0

#Transform 96
Transform: AffineTransform_float_3_3
Parameters: 0.999959 0.000861826 -0.00893697 -0.000977172 0.999915 -0.0130028 0.00892505 0.0130112 0.999876 0.0454076 0.513648 -0.801777
FixedParameters: 0 0 0

#Transform 97
Transform: AffineTransform_float_3_3
Parameters: 0.999963 0.000214129 -0.00861206 -0.000313877 0.999932 -0.0115977 0.00860893 0.0115993 0.999895 0.0254228 0.50661 -0.825255
FixedParameters: 0 0 0

#Transform 98
Transform: AffineTransform_float_3_3
Parameters: 0.999958 0.000347622 -0.00914966 -0.000453374 0.999933 -0.0116273 0.00914434 0.0116307 0.99989 0.024418 0.457907 -0.879207
FixedParameters: 0 0 0

#Transform 99
Transform: AffineTransform_float_3_3
Parameters: 0.999957 0.0011241 -0.0091336 -0.00123689 0.999923 -0.0123642 0.00911839 0.0123758 0.999882 0.0200706 0.528429 -0.805899
FixedParameters: 0 0 0

#Transform 100
Transform: AffineTransform_float_3_3
Parameters: 0.999956 0.000603587 -0.00943125 -0.000721418 0.999922 -0.0124518 0.00942275 0.0124572 0.999878 0.0234718 0.503832 -0.828357
FixedParameters: 0 0 0

#Transform 101
Transform: AffineTransform_float_3_3
Parameters: 0.999956 0.000435918 -0.00939034 -0.000556081 0.999918 -0.0127893 0.00938365 0.0127937 0.999874 -0.00320871 0.503496 -0.830482
FixedParameters: 0 0 0

#Transform 102
Transform: AffineTransform_float_3_3
Parameters: 0.999951 0.000768146 -0.00979414 -0.00089885 0.999911 -0.0133628 0.00978285 0.0133712 0.999862 0.0169283 0.562737 -0.814205
FixedParameters: 0 0 0

#Transform 103
Transform: AffineTransform_float_3_3
Parameters: 0.999951 0.000418804 -0.00987477 -0.000556188 0.999904 -0.0138952 0.00986722 0.0138998 0.999854 0.00680599 0.560481 -0.835464
FixedParameters: 0 0 0

#Transform 104
Transform: AffineTransform_float_3_3
Parameters: 0.99996 0.000420851 -0.00894434 -0.000539154 0.999912 -0.0132107 0.00893865 0.0132153 0.999872 -0.00468808 0.540084 -0.817355
FixedParameters: 0 0 0

#Transform 105
Transform: AffineTransform_float_3_3
Parameters: 0.999967 0.00038635 -0.00810573 -0.000492636 0.999915 -0.0130354 0.00809927 0.0130396 0.999882 -0.00774375 0.520354 -0.84038
FixedParameters: 0 0 0

#Transform 106
Transform: AffineTransform_float_3_3
Parameters: 0.999969 0.000327013 -0.00795867 -0.000443991 0.999892 -0.0147019 0.00795334 0.0147051 0.99986 -0.0126511 0.56624 -0.770566
FixedParameters: 0 0 0

#Transform 107
Transform: AffineTransform_float_3_3
Parameters: 0.999971 0.000429497 -0.00761796 -0.000538491 0.999896 -0.0143783 0.00761004 0.0143817 0.999867 -0.0156566 0.533668 -0.807655
FixedParameters: 0 0 0

#Transform 108
Transform: AffineTransform_float_3_3
Parameters: 0.999976 0.000437291 -0.00684555 -0.000529713 0.999908 -0.0135467 0.00683945 0.0135503 0.999885 -0.0218154 0.515677 -0.813617
FixedParameters: 0 0 0

#Transform 109
Transform: AffineTransform_float_3_3
Parameters: 0.999973 0.000627449 -0.0073297 -0.000732555 0.999898 -0.01427 0.00732029 0.014275 0.999872 -0.00977732 0.569047 -0.74808
FixedParameters: 0 0 0

#Transform 110
Transform: AffineTransform_float_3_3
Parameters: 0.999965 0.000718436 -0.00826716 -0.000837571 0.999896 -0.0143466 0.00825683 0.0143534 0.999863 0.0217661 0.529034 -0.667334
FixedParameters: 0 0 0

#Transform 111
Transform: AffineTransform_float_3_3
Parameters: 0.999961 0.000917371 -0.00886455 -0.00103962 0.999903 -0.0138393 0.00885046 0.0138477 0.999865 0.0457637 0.515553 -0.68644
FixedParameters: 0 0 0

#Transform 112
Transform: AffineTransform_float_3_3
Parameters: 0.999954 0.00104076 -0.00947397 -0.00116923 0.999907 -0.0135395 0.00945903 0.0135505 0.999864 0.0483691 0.607932 -0.686508
FixedParameters: 0 0 0

#Transform 113
Transform: AffineTransform_float_3_3
Parameters: 0.999972 0.00131751 -0.00727223 -0.00139849 0.999936 -0.0112111 0.00725777 0.0112219 0.99991 0.00874922 0.464337 -0.693601
FixedParameters: 0 0 0

#Transform 114
Transform: AffineTransform_float_3_3
Parameters: 0.999965 0.0022242 -0.00808134 -0.00234279 0.99989 -0.0145956 0.00804764 0.0146144 0.999861 0.0115522 0.596318 -0.770053
FixedParameters: 0 0 0

#Transform 115
Transform: AffineTransform_float_3_3
Parameters: 0.999961 0.00216466 -0.00862158 -0.00229735 0.999878 -0.0154858 0.00858744 0.0155052 0.999843 -0.00290927 0.59253 -0.772497
FixedParameters: 0 0 0

#Transform 116
Transform: AffineTransform_float_3_3
Parameters: 0.999961 0.00244284 -0.00846043 -0.00258218 0.999861 -0.0164778 0.00841958 0.0164982 0.999829 0.00916398 0.584396 -0.685159
FixedParameters: 0 0 0

#Transform 117
Transform: AffineTransform_float_3_3
Parameters: 0.99997 0.0024051 -0.00739209 -0.0025249 0.999864 -0.0162538 0.0073519 0.0162722 0.99984 -0.00686017 0.641069 -0.740765
FixedParameters: 0 0 0

#Transform 118
Transform: AffineTransform_float_3_3
Parameters: 0.99997 0.0023877 -0.00744697 -0.00250631 0.99987 -0.0159178 0.00740802 0.0159352 0.999845 -0.0190143 0.493991 -0.781518
FixedParameters: 0 0 0

#Transform 119
Transform: AffineTransform_float_3_3
Parameters: 0.999968 0.00244085 -0.00760925 -0.00256016 0.999873 -0.015688 0.00757074 0.015707 0.999848 -0.0136688 0.57813 -0.778413
FixedParameters: 0 0 0

#Transform 120
Transform: AffineTransform_float_3_3
Parameters: 0.999968 0.00236027 -0.0077292 -0.00248573 0.999866 -0.0161683 0.0076898 0.0161867 0.99984 0.006112 0.556975 -0.792163
FixedParameters: 0 0 0

#Transform 121
Transform: AffineTransform_float_3_3
Parameters: 0.999965 0.00252605 -0.00796903 -0.00265794 0.999859 -0.0165904 0.00792596 0.0166116 0.99983 0.00929532 0.527496 -0.719489
FixedParameters: 0 0 0

#Transform 122
Transform: AffineTransform_float_3_3
Parameters: 0.999964 0.00351203 -0.00774422 -0.00364397 0.999847 -0.0170944 0.00768278 0.0171216 0.999824 -0.00102268 0.621909 -0.685551
FixedParameters: 0 0 0

#Transform 123
Transform: AffineTransform_float_3_3
Parameters: 0.999962 0.0030829 -0.00814104 -0.0032271 0.999838 -0.0177464 0.00808497 0.0177726 0.99981 0.00833255 0.616004 -0.649757
FixedParameters: 0 0 0

#Transform 124
Transform: AffineTransform_float_3_3
Parameters: 0.999971 0.00355511 -0.00673521 -0.00367591 0.999831 -0.0180228 0.00667079 0.0180472 0.999815 0.0115587 0.646126 -0.518747
FixedParameters: 0 0 0

#Transform 125
Transform: AffineTransform_float_3_3
Parameters: 0.999976 0.00376103 -0.00579723 -0.00387597 0.999794 -0.01995 0.00572077 0.019972 0.999784 0.0129425 0.722745 -0.482937
FixedParameters: 0 0 0

#Transform 126
Transform: AffineTransform_float_3_3
Parameters: 0.999979 0.00358643 -0.00537231 -0.00369058 0.999802 -0.0195846 0.0053007 0.0196034 0.999794 -0.00748716 0.642723 -0.520414
FixedParameters: 0 0 0

#Transform 127
Transform: AffineTransform_float_3_3
Parameters: 0.999978 0.00323806 -0.00583107 -0.00335593 0.999787 -0.0203309 0.00576393 0.0203501 0.999777 0.0248521 0.709538 -0.431704
FixedParameters: 0 0 0

#Transform 128
Transform: AffineTransform_float_3_3
Parameters: 0.999979 0.00304315 -0.00570346 -0.00316086 0.99978 -0.0207694 0.00563954 0.0207876 0.999768 0.000754155 0.70444 -0.435111
FixedParameters: 0 0 0

#Transform 129
Transform: AffineTransform_float_3_3
Parameters: 0.999978 0.00366377 -0.00561863 -0.00378624 0.999753 -0.0219002 0.00553738 0.0219208 0.999745 0.0138502 0.735525 -0.383998
FixedParameters: 0 0 0

#Transform 130
Transform: AffineTransform_float_3_3
Parameters: 0.999976 0.00372015 -0.00582597 -0.00384686 0.999753 -0.0219161 0.00574303 0.0219379 0.999743 0.0147288 0.741245 -0.402994
FixedParameters: 0 0 0

#Transform 131
Transform: AffineTransform_float_3_3
Parameters: 0.999976 0.00302082 -0.00626455 -0.00316119 0.999742 -0.0224888 0.00619545 0.0225083 0.999728 0.0209583 0.741287 -0.361674
FixedParameters: 0 0 0

#Transform 132
Transform: AffineTransform_float_3_3
Parameters: 0.999981 0.0019398 -0.00581338 -0.00209322 0.999647 -0.0264643 0.00576061 0.0264757 0.999633 -0.022547 0.820604 -0.203875
FixedParameters: 0 0 0

#Transform 133
Transform: AffineTransform_float_3_3
Parameters: 0.99998 0.0020531 -0.00589862 -0.00221788 0.999608 -0.0279155 0.00583835 0.0279275 0.999593 -0.032073 0.828939 -0.168376
FixedParameters: 0 0 0

#Transform 134
Transform: AffineTransform_float_3_3
Parameters: 0.999981 0.00215489 -0.00565034 -0.00231909 0.999571 -0.0291994 0.00558465 0.0292126 0.999557 -0.0283461 0.875827 -0.114175
FixedParameters: 0 0 0

#Transform 135
Transform: AffineTransform_float_3_3
Parameters: 0.999981 0.00210566 -0.00582997 -0.00227434 0.999571 -0.0291933 0.00576605 0.0292057 0.999557 -0.0272373 0.863635 -0.0784935
FixedParameters: 0 0 0

#Transform 136
Transform: AffineTransform_float_3_3
Parameters: 0.999984 0.00224757 -0.00520195 -0.00240243 0.999545 -0.030068 0.00513207 0.03008 0.999535 -0.036202 0.869804 -0.0669723
FixedParameters: 0 0 0

#Transform 137
Transform: AffineTransform_float_3_3
Parameters: 0.999982 0.00224486 -0.00555173 -0.00242615 0.999457 -0.0328391 0.00547527 0.0328519 0.999445 -0.0500324 0.962828 -0.02037
FixedParameters: 0 0 0

#Transform 138
Transform: AffineTransform_float_3_3
Parameters: 0.999985 0.00258488 -0.00478846 -0.00273911 0.999469 -0.0324644 0.00470154 0.0324766 0.999461 -0.0538455 0.917541 -0.0151458
FixedParameters: 0 0 0

#Transform 139
Transform: AffineTransform_float_3_3
Parameters: 0.999989 0.00256616 -0.00397557 -0.00269685 0.999443 -0.0332626 0.00388843 0.0332723 0.999438 -0.0789919 0.937549 7.59115e-05
FixedParameters: 0 0 0

#Transform 140
Transform: AffineTransform_float_3_3
Parameters: 0.999992 0.0028279 -0.00289796 -0.00292307 0.999439 -0.0333568 0.00280105 0.0333642 0.99944 -0.0825518 0.96837 -0.0106306
FixedParameters: 0 0 0

#Transform 141
Transform: AffineTransform_float_3_3
Parameters: 0.999991 0.00296442 -0.00287485 -0.00305958 0.999435 -0.0334725 0.00277413 0.0334815 0.999436 -0.0808246 0.927511 -0.0958548
FixedParameters: 0 0 0

#Transform 142
Transform: AffineTransform_float_3_3
Parameters: 0.999991 0.00328583 -0.00276817 -0.00337416 0.999467 -0.032472 0.00265982 0.03248 0.999469 -0.0543082 0.895418 -0.0759193
FixedParameters: 0 0 0

#Transform 143
Transform: AffineTransform_float_3_3
Parameters: 0.999991 0.00304749 -0.00274513 -0.0031385 0.999418 -0.0339717 0.00263989 0.0339803 0.999419 -0.0565007 0.995639 -0.0553151
FixedParameters: 0 0 0

#Transform 144
Transform: AffineTransform_float_3_3
Parameters: 0.999993 0.00239814 -0.00308025 -0.00249888 0.999446 -0.0331685 0.00299976 0.0331754 0.999445 -0.0795474 0.926975 -0.0982627
FixedParameters: 0 0 0

#Transform 145
Transform: AffineTransform_float_3_3
Parameters: 0.999994 0.00241283 -0.00223373 -0.00248618 0.999441 -0.0333556 0.00215226 0.0333614 0.999441 -0.0760522 0.984222 -0.115657
FixedParameters: 0 0 0

#Transform 146
Transform: AffineTransform_float_3_3
Parameters: 0.999995 0.00254472 -0.00142969 -0.00259029 0.99944 -0.0333605 0.00134433 0.0333646 0.999443 -0.0790501 0.957091 -0.156856
FixedParameters: 0 0 0

#Transform 147
Transform: AffineTransform_float_3_3
Parameters: 0.999994 0.00264261 -0.00217353 -0.00271238 0.99945 -0.0330483 0.00208449 0.0330537 0.999452 -0.0792348 0.935507 -0.181058
FixedParameters: 0 0 0

#Transform 148
Transform: AffineTransform_float_3_3
Parameters: 0.999991 0.00232152 -0.00334057 -0.00242746 0.999477 -0.0322311 0.00326344 0.0322398 0.999475 -0.0627608 0.963741 -0.256383
FixedParameters: 0 0 0

#Transform 149
Transform: AffineTransform_float_3_3
Parameters: 0.999993 0.00244451 -0.00279772 -0.00253446 0.999459 -0.0328101 0.0027153 0.0328169 0.999457 -0.0625064 0.92632 -0.212483
FixedParameters: 0 0 0

#Transform 150
Transform: AffineTransform_float_3_3
Parameters: 0.999994 0.00227055 -0.00256045 -0.00235546 0.999437 -0.0334752 0.00248354 0.0334808 0.999437 -0.0713304 0.990079 -0.137185
FixedParameters: 0 0 0

#Transform 151
Transform: AffineTransform_float_3_3
Parameters: 0.999996 0.00212203 -0.00183378 -0.00218198 0.999441 -0.0333441 0.00176222 0.0333479 0.999442 -0.10273 0.915131 -0.111038
FixedParameters: 0 0 0

#Transform 152
Transform: AffineTransform_float_3_3
Parameters: 0.999996 0.00235926 -0.00185997 -0.00241474 0.99953 -0.0305577 0.00178704 0.0305614 0.999532 -0.0766692 0.875735 -0.171978
FixedParameters: 0 0 0

#Transform 153
Transform: AffineTransform_float_3_3
Parameters: 0.999999 0.00176577 -0.000170594 -0.00176924 0.999572 -0.0291777 0.00011943 0.0291773 0.999574 -0.124552 0.861936 -0.13775
FixedParameters: 0 0 0

#Transform 154
Transform: AffineTransform_float_3_3
Parameters: 0.999999 0.0015006 -0.000103319 -0.00150341 0.999563 -0.0295039 5.96706e-05 0.0295031 0.999564 -0.137508 0.833318 -0.186743
FixedParameters: 0 0 0

#Transform 155
Transform: AffineTransform_float_3_3
Parameters: 0.999999 0.00170644 0.000274709 -0.00169656 0.999509 -0.0313085 -0.000328278 0.0313085 0.999509 -0.140688 0.90395 -0.17906
FixedParameters: 0 0 0

#Transform 156
Transform: AffineTransform_float_3_3
Parameters: 0.999998 0.00162561 0.000418908 -0.00161038 0.99946 -0.0327987 -0.000472072 0.0327983 0.999462 -0.140346 0.938224 -0.146293
FixedParameters: 0 0 0

#Transform 157
Transform: AffineTransform_float_3_3
Parameters: 0.999998 0.00204117 0.000237231 -0.00203184 0.999428 -0.0337576 -0.000305764 0.0337574 0.99943 -0.116713 0.981452 -0.17872
FixedParameters: 0 0 0

#Transform 158
Transform: AffineTransform_float_3_3
Parameters: 0.999997 0.00238285 0.000463928 -0.00236715 0.999497 -0.0316032 -0.000539077 0.0316018 0.999501 -0.126882 0.866151 -0.146202
FixedParameters: 0 0 0

#Transform 159
Transform: AffineTransform_float_3_3
Parameters: 0.999997 0.00234507 -0.000243174 -0.00235196 0.999414 -0.0341275 0.000163829 0.0341275 0.999417 -0.114288 0.998814 -0.102983
FixedParameters: 0 0 0

#Transform 160
Transform: AffineTransform_float_3_3
Parameters: 0.999997 0.00214611 0.000200818 -0.00213792 0.999415 -0.0341545 -0.000273179 0.0341545 0.999416 -0.145478 0.928804 -0.0903353
FixedParameters: 0 0 0

#Transform 161
Transform: AffineTransform_float_3_3
Parameters: 0.999996 0.00282806 -0.000105277 -0.00282994 0.999417 -0.0340218 8.72457e-06 0.0340222 0.999421 -0.140754 0.980956 -0.101248
FixedParameters: 0 0 0

#Transform 162
Transform: AffineTransform_float_3_3
Parameters: 0.999997 0.00247018 -0.000157542 -0.00247384 0.999467 -0.0325717 7.74653e-05 0.0325713 0.99947 -0.134402 0.910097 -0.132803
FixedParameters: 0 0 0

#Transform 163
Transform: AffineTransform_float_3_3
Parameters: 0.999996 0.00255378 -0.000266793 -0.00256023 0.999486 -0.0319744 0.000185233 0.0319746 0.999488 -0.122718 0.924679 -0.0999126
FixedParameters: 0 0 0

#Transform 164
Transform: AffineTransform_float_3_3
Parameters: 0.999997 0.00262152 -0.000486293 -0.00263547 0.999541 -0.0301618 0.000406693 0.0301632 0.999545 -0.128563 0.898263 -0.150153
FixedParameters: 0 0 0

#Transform 165
Transform: AffineTransform_float_3_3
Parameters: 0.999995 0.00294714 -0.00109584 -0.00297884 0.999536 -0.0303099 0.00100517 0.0303131 0.99954 -0.0930692 0.906374 -0.135652
FixedParameters: 0 0 0

#Transform 166
Transform: AffineTransform_float_3_3
Parameters: 0.999995 0.0029819 -0.0010966 -0.00301611 0.999466 -0.0325329 0.000999401 0.0325362 0.99947 -0.0911561 0.951062 -0.133868
FixedParameters: 0 0 0

#Transform 167
Transform: AffineTransform_float_3_3
Parameters: 0.999995 0.00296723 -0.000973866 -0.00299677 0.999479 -0.0321372 0.000878139 0.0321408 0.999483 -0.0958333 0.912742 -0.179959
FixedParameters: 0 0 0

#Transform 168
Transform: AffineTransform_float_3_3
Parameters: 0.999996 0.00274832 -0.000523378 -0.0027637 0.999458 -0.0327817 0.000433634 0.0327823 0.999463 -0.118785 0.954248 -0.110135
FixedParameters: 0 0 0

#Transform 169
Transform: AffineTransform_float_3_3
Parameters: 0.999997 0.00231905 -0.000527771 -0.00233496 0.999468 -0.0325519 0.000452231 0.0325531 0.99947 -0.12238 0.914471 -0.122202
FixedParameters: 0 0 0

#Transform 170
Transform: AffineTransform_float_3_3
Parameters: 0.999997 0.00234069 -0.000750957 -0.00236331 0.999462 -0.0327053 0.000674064 0.0327077 0.999464 -0.110025 0.932909 -0.111018
FixedParameters: 0 0 0

#Transform 171
Transform: AffineTransform_float_3_3
Parameters: 0.999996 0.00268922 -0.000582703 -0.00270579 0.999515 -0.0310205 0.000499302 0.0310224 0.999518 -0.119519 0.921918 -0.0556006
FixedParameters: 0 0 0

#Transform 172
Transform: AffineTransform_float_3_3
Parameters: 0.999996 0.00243754 -0.00142763 -0.00248348 0.99946 -0.0327606 0.00134736 0.0327634 0.999462 -0.106304 0.986764 -0.0577553
FixedParameters: 0 0 0

#Transform 173
Transform: AffineTransform_float_3_3
Parameters: 0.999993 0.00252105 -0.00250919 -0.00260394 0.999431 -0.0336237 0.00242281 0.0336303 0.999432 -0.0729636 0.983098 -0.107858
FixedParameters: 0 0 0

#Transform 174
Transform: AffineTransform_float_3_3
Parameters: 0.999994 0.00266571 -0.00189961 -0.0027303 0.999395 -0.034686 0.00180638 0.034691 0.999396 -0.0867041 1.03691 -0.152358
FixedParameters: 0 0 0

#Transform 175
Transform: AffineTransform_float_3_3
Parameters: 0.999994 0.00288123 -0.0019785 -0.00294875 0.999378 -0.0351484 0.00187551 0.0351536 0.99938 -0.0742888 1.03922 -0.178407
FixedParameters: 0 0 0

#Transform 176
Transform: AffineTransform_float_3_3
Parameters: 0.999995 0.00274104 -0.00194639 -0.00280698 0.999392 -0.0347347 0.00185061 0.0347392 0.999394 -0.0930072 1.00243 -0.166681
FixedParameters: 0 0 0

#Transform 177
Transform: AffineTransform_float_3_3
Parameters: 0.999992 0.00300987 -0.00263223 -0.00310216 0.999356 -0.0357281 0.00252377 0.0357359 0.999358 -0.0770024 1.06224 -0.144341
FixedParameters: 0 0 0

#Transform 178
Transform: AffineTransform_float_3_3
Parameters: 0.999995 0.00279372 -0.0015932 -0.00284828 0.999378 -0.0351536 0.00149379 0.0351583 0.99938 -0.109072 1.03034 -0.158588
FixedParameters: 0 0 0

#Transform 179
Transform: AffineTransform_float_3_3
Parameters: 0.999995 0.00282494 -0.00124424 -0.00286705 0.999376 -0.0352096 0.00114376 0.0352124 0.999379 -0.115429 1.03845 -0.144099
FixedParameters: 0 0 0

#Transform 180
Transform: AffineTransform_float_3_3
Parameters: 0.999995 0.00304514 -0.00110096 -0.00308286 0.99934 -0.0361988 0.000990047 0.0362022 0.999344 -0.111739 1.06793 -0.13413
FixedParameters: 0 0 0

#Transform 181
Transform: AffineTransform_float_3_3
Parameters: 0.999994 0.00320326 -0.0014507 -0.00325375 0.99933 -0.0364415 0.00133331 0.0364455 0.999334 -0.104884 1.05743 -0.118881
FixedParameters: 0 0 0

#Transform 182
Transform: AffineTransform_float_3_3
Parameters: 0.999995 0.00322831 -0.000999808 -0.0032627 0.999313 -0.036899 0.000880204 0.0369021 0.999319 -0.0932779 1.09648 -0.0603585
FixedParameters: 0 0 0

#Transform 183
Transform: AffineTransform_float_3_3
Parameters: 0.999996 0.00257159 -0.00120467 -0.00261242 0.999358 -0.035737 0.00111235 0.03574 0.99936 -0.104133 0.99948 -0.114249
FixedParameters: 0 0 0

#Transform 184
Transform: AffineTransform_float_3_3
Parameters: 0.999996 0.00272197 -0.00104342 -0.00275701 0.999377 -0.0351833 0.000946582 0.0351857 0.999381 -0.106936 0.950357 -0.105444
FixedParameters: 0 0 0

#Transform 185
Transform: AffineTransform_float_3_3
Parameters: 0.999996 0.00259645 -0.000344051 -0.00260754 0.999371 -0.0353692 0.000251928 0.0353708 0.999374 -0.118761 1.05176 -0.156727
FixedParameters: 0 0 0

#Transform 186
Transform: AffineTransform_float_3_3
Parameters: 0.999995 0.00314004 -0.000194271 -0.00314499 0.999345 -0.0360325 8.17288e-05 0.0360334 0.99935 -0.120068 1.03077 -0.159633
FixedParameters: 0 0 0

#Transform 187
Transform: AffineTransform_float_3_3
Parameters: 0.999994 0.00363971 -7.24435e-05 -0.00363931 0.999371 -0.035277 -5.54189e-05 0.035277 0.999377 -0.126352 1.02983 -0.114201
FixedParameters: 0 0 0

#Transform 188
Transform: AffineTransform_float_3_3
Parameters: 0.999995 0.002934 -0.00036014 -0.002945 0.999356 -0.0357561 0.00025486 0.0357569 0.999361 -0.120764 1.02172 -0.150131
FixedParameters: 0 0 0

#Transform 189
Transform: AffineTransform_float_3_3
