# transform file /out/sourcedata/freesurfer/sub-v1s23x0050574_ses-1/mri/transforms/cc_up.lta
# created by oesteban on Mon Mar  9 20:47:05 2026

type      = 0 # LINEAR_VOX_TO_VOX
nxforms   = 1
mean      = 130.0000 115.0000 137.0000
sigma     = 10000.0000
1 4 4
9.988645315170288e-01 4.148968681693077e-02 2.341660670936108e-02 -7.090369224548340e+00 
-4.147828742861748e-02 9.991390109062195e-01 -9.723848779685795e-04 2.956159400939941e+01 
-2.343678660690784e-02 0.000000000000000e+00 9.997253417968750e-01 5.057290554046631e+00 
0.000000000000000e+00 0.000000000000000e+00 0.000000000000000e+00 1.000000000000000e+00 
src volume info
valid = 1  # volume info valid
filename = /out/sourcedata/freesurfer/sub-v1s23x0050574_ses-1/mri/norm.mgz
volume = 256 256 256
voxelsize = 1.000000000000000e+00 1.000000000000000e+00 1.000000000000000e+00
xras   = -1.000000000000000e+00 0.000000000000000e+00 0.000000000000000e+00
yras   = 0.000000000000000e+00 0.000000000000000e+00 -1.000000000000000e+00
zras   = 0.000000000000000e+00 1.000000000000000e+00 0.000000000000000e+00
cras   = 6.425270080566406e+01 -5.014244079589844e+01 2.240458679199219e+01
dst volume info
valid = 1  # volume info valid
filename = /out/sourcedata/freesurfer/sub-v1s23x0050574_ses-1/mri/norm.mgz
volume = 256 256 256
voxelsize = 1.000000000000000e+00 1.000000000000000e+00 1.000000000000000e+00
xras   = -1.000000000000000e+00 0.000000000000000e+00 0.000000000000000e+00
yras   = 0.000000000000000e+00 0.000000000000000e+00 -1.000000000000000e+00
zras   = 0.000000000000000e+00 1.000000000000000e+00 0.000000000000000e+00
cras   = 6.425270080566406e+01 -5.014244079589844e+01 2.240458679199219e+01
