#Insight Transform File V1.0
#Transform 0
Transform: AffineTransform_float_3_3
Parameters: 1 6.30567e-05 -0.000423416 -5.89377e-05 0.999954 0.00957403 0.000424584 -0.00957398 0.999954 -0.00498014 -0.0959927 -0.0966184
FixedParameters: 0 0 0

#Transform 1
Transform: AffineTransform_float_3_3
Parameters: 1 0.000364913 0.000137232 -0.000364088 0.999999 0.00063595 -0.000137768 -0.00063605 1 -0.0101349 -0.0323026 0.0267662
FixedParameters: 0 0 0

#Transform 2
Transform: AffineTransform_float_3_3
Parameters: 1 0.000453024 0.000136919 -0.000452975 1 -0.000179062 -0.000137081 0.000178938 1 -0.00337374 0.000265297 -0.105466
FixedParameters: 0 0 0

#Transform 3
Transform: AffineTransform_float_3_3
Parameters: 1 0.000123605 -0.000278176 -0.000123395 0.999999 -0.00142097 0.000277825 0.00142103 0.999999 0.00286233 0.0489856 -0.101679
FixedParameters: 0 0 0

#Transform 4
Transform: AffineTransform_float_3_3
Parameters: 0.999999 0.000122872 -0.000846164 -0.000124129 0.999999 -0.0013329 0.000846835 0.0013331 0.999999 0.00683445 0.130328 -0.168819
FixedParameters: 0 0 0

#Transform 5
Transform: AffineTransform_float_3_3
Parameters: 1 0.000637121 0.000234669 -0.000636878 0.999999 -0.000519149 -0.00023433 0.000518851 1 -0.0446982 0.0933793 -0.18286
FixedParameters: 0 0 0

#Transform 6
Transform: AffineTransform_float_3_3
Parameters: 0.999998 0.00143442 0.00129253 -0.00143358 0.999999 -0.000326854 -0.00129247 0.000325147 0.999999 -0.0673492 0.0486457 -0.116494
FixedParameters: 0 0 0

#Transform 7
Transform: AffineTransform_float_3_3
Parameters: 1 0.000853185 0.000876794 -0.000853815 0.999999 0.000929252 -0.000876206 -0.000930749 0.999999 -0.0695248 0.0530463 -0.171356
FixedParameters: 0 0 0

#Transform 8
Transform: AffineTransform_float_3_3
Parameters: 0.999999 0.000495857 0.00129382 -0.000498143 0.999998 0.00165636 -0.00129318 -0.00165664 0.999998 -0.0870284 0.0277167 -0.167616
FixedParameters: 0 0 0

#Transform 9
Transform: AffineTransform_float_3_3
Parameters: 0.999998 0.000853031 0.00177647 -0.000853971 1 0.000545484 -0.00177653 -0.000546517 0.999999 -0.0803902 0.0241149 -0.177146
FixedParameters: 0 0 0

#Transform 10
Transform: AffineTransform_float_3_3
Parameters: 0.999997 0.000852052 0.00222175 -0.000853948 1 0.000876106 -0.00222025 -0.000877895 0.999997 -0.0844106 0.0100768 -0.119665
FixedParameters: 0 0 0

#Transform 11
Transform: AffineTransform_float_3_3
Parameters: 0.999998 0.000850648 0.00189451 -0.000853351 0.999998 0.00176939 -0.00189249 -0.00177061 0.999996 -0.102958 0.0785706 -0.20873
FixedParameters: 0 0 0

#Transform 12
Transform: AffineTransform_float_3_3
Parameters: 0.999994 0.00196096 0.0028931 -0.00196704 0.999996 0.00208732 -0.00288889 -0.00209268 0.999993 -0.141336 0.02502 -0.188389
FixedParameters: 0 0 0

#Transform 13
Transform: AffineTransform_float_3_3
Parameters: 0.999996 0.00196401 0.00197298 -0.00196699 0.999997 0.00151512 -0.00197002 -0.00151887 0.999997 -0.127941 0.0899875 -0.213104
FixedParameters: 0 0 0

#Transform 14
Transform: AffineTransform_float_3_3
Parameters: 0.999995 0.00183478 0.00263394 -0.00183922 0.999997 0.00159916 -0.00263106 -0.00160384 0.999996 -0.137088 0.0354565 -0.176145
FixedParameters: 0 0 0

#Transform 15
Transform: AffineTransform_float_3_3
Parameters: 0.999995 0.00173659 0.00243443 -0.0017394 0.999997 0.00139677 -0.00243157 -0.00140123 0.999996 -0.130036 0.0589909 -0.179663
FixedParameters: 0 0 0

#Transform 16
Transform: AffineTransform_float_3_3
Parameters: 0.999995 0.00154071 0.00270045 -0.00154529 0.999997 0.00158683 -0.00269855 -0.00159116 0.999995 -0.132555 0.0245353 -0.182052
FixedParameters: 0 0 0

#Transform 17
Transform: AffineTransform_float_3_3
Parameters: 0.999995 0.00154123 0.00252231 -0.00154477 0.999997 0.00149411 -0.00252069 -0.00149789 0.999995 -0.12076 0.0994612 -0.217791
FixedParameters: 0 0 0

#Transform 18
Transform: AffineTransform_float_3_3
Parameters: 0.999996 0.00153945 0.00263425 -0.00154555 0.999996 0.00210494 -0.00263075 -0.00210906 0.999995 -0.12238 0.050146 -0.226068
FixedParameters: 0 0 0

#Transform 19
Transform: AffineTransform_float_3_3
Parameters: 0.999996 0.00154127 0.00263319 -0.00154473 0.999998 0.00141594 -0.00263081 -0.00142006 0.999995 -0.117377 0.0890078 -0.223433
FixedParameters: 0 0 0

#Transform 20
Transform: AffineTransform_float_3_3
Parameters: 0.999995 0.0015409 0.0025245 -0.0015451 0.999997 0.0016221 -0.00252149 -0.00162589 0.999995 -0.111777 0.0627331 -0.208096
FixedParameters: 0 0 0

#Transform 21
Transform: AffineTransform_float_3_3
Parameters: 0.999995 0.00154061 0.00271949 -0.00154538 0.999997 0.0016108 -0.00271751 -0.00161519 0.999995 -0.118648 0.0705744 -0.196626
FixedParameters: 0 0 0

#Transform 22
Transform: AffineTransform_float_3_3
Parameters: 0.999993 0.00154128 0.00342367 -0.00154472 0.999998 0.00108372 -0.00342232 -0.00108928 0.999993 -0.114912 0.0412337 -0.151628
FixedParameters: 0 0 0

#Transform 23
Transform: AffineTransform_float_3_3
Parameters: 0.999992 0.00203168 0.00325282 -0.00203331 0.999998 0.000401389 -0.00325117 -0.000408608 0.999994 -0.0727689 0.0239485 -0.0852095
FixedParameters: 0 0 0

#Transform 24
Transform: AffineTransform_float_3_3
Parameters: 0.999995 0.00182838 0.00283405 -0.00182962 0.999998 0.000569818 -0.00283295 -0.000575183 0.999996 -0.0793111 0.0687066 -0.121943
FixedParameters: 0 0 0

#Transform 25
Transform: AffineTransform_float_3_3
Parameters: 0.999995 0.00183517 0.00262928 -0.00183683 0.999998 0.000695174 -0.00262772 -0.000699826 0.999997 -0.088127 0.0481952 -0.146011
FixedParameters: 0 0 0

#Transform 26
Transform: AffineTransform_float_3_3
Parameters: 0.999996 0.00182827 0.00244629 -0.00182973 0.999998 0.000704527 -0.00244471 -0.000708473 0.999997 -0.101063 0.155592 -0.224971
FixedParameters: 0 0 0

#Transform 27
Transform: AffineTransform_float_3_3
Parameters: 0.999995 0.0020538 0.00264594 -0.0020552 0.999998 0.000452565 -0.00264507 -0.000457435 0.999997 -0.102372 0.0622352 -0.151088
FixedParameters: 0 0 0

#Transform 28
Transform: AffineTransform_float_3_3
Parameters: 0.999995 0.00200803 0.00253597 -0.00200797 0.999998 -1.60922e-05 -0.00253603 1.09076e-05 0.999997 -0.0984666 0.127174 -0.185289
FixedParameters: 0 0 0

#Transform 29
Transform: AffineTransform_float_3_3
Parameters: 0.999995 0.00154224 0.0025127 -0.00154476 0.999998 0.00109812 -0.0025103 -0.00110188 0.999996 -0.100663 0.0873315 -0.199991
FixedParameters: 0 0 0

#Transform 30
Transform: AffineTransform_float_3_3
Parameters: 0.999995 0.00181162 0.00233385 -0.00181338 0.999998 0.00101677 -0.00233215 -0.00102123 0.999997 -0.0896476 0.108904 -0.220528
FixedParameters: 0 0 0

#Transform 31
Transform: AffineTransform_float_3_3
Parameters: 0.999996 0.00154062 0.00247473 -0.00154538 0.999997 0.00177018 -0.00247227 -0.00177382 0.999996 -0.110365 0.0640928 -0.204983
FixedParameters: 0 0 0

#Transform 32
Transform: AffineTransform_float_3_3
Parameters: 0.999996 0.00200447 0.00206049 -0.00200553 0.999997 0.00073987 -0.00205951 -0.000744131 0.999997 -0.0901196 0.115778 -0.181144
FixedParameters: 0 0 0

#Transform 33
Transform: AffineTransform_float_3_3
Parameters: 0.999995 0.00162934 0.00242946 -0.00163366 0.999997 0.00150604 -0.00242654 -0.00150996 0.999996 -0.0941529 0.0664092 -0.160755
FixedParameters: 0 0 0

#Transform 34
Transform: AffineTransform_float_3_3
Parameters: 0.999995 0.00143236 0.00256204 -0.00143564 0.999998 0.00141933 -0.00255996 -0.00142267 0.999995 -0.113084 0.0305284 -0.146705
FixedParameters: 0 0 0

#Transform 35
Transform: AffineTransform_float_3_3
Parameters: 0.999997 0.00120575 0.00224429 -0.00121025 0.999997 0.00189429 -0.00224171 -0.00189771 0.999995 -0.0922945 0.103916 -0.207782
FixedParameters: 0 0 0

#Transform 36
Transform: AffineTransform_float_3_3
Parameters: 0.999996 0.0012057 0.0024791 -0.0012103 0.999998 0.00173401 -0.0024769 -0.00173699 0.999996 -0.116298 0.0331626 -0.169568
FixedParameters: 0 0 0

#Transform 37
Transform: AffineTransform_float_3_3
Parameters: 0.999996 0.00120764 0.00227126 -0.00121036 0.999998 0.00103825 -0.00227074 -0.00104075 0.999997 -0.105435 0.107007 -0.185098
FixedParameters: 0 0 0

#Transform 38
Transform: AffineTransform_float_3_3
Parameters: 0.999996 0.00139707 0.00270204 -0.00140093 0.999998 0.00145422 -0.00269997 -0.00145778 0.999996 -0.119706 0.038937 -0.18162
FixedParameters: 0 0 0

#Transform 39
Transform: AffineTransform_float_3_3
Parameters: 0.999996 0.0013278 0.00270158 -0.00133121 0.999999 0.00118441 -0.00270042 -0.00118759 0.999995 -0.110367 0.10253 -0.161055
FixedParameters: 0 0 0

#Transform 40
Transform: AffineTransform_float_3_3
Parameters: 0.999997 0.00129823 0.00205675 -0.00130077 0.999998 0.00134733 -0.00205525 -0.00134967 0.999997 -0.118802 0.0619378 -0.186856
FixedParameters: 0 0 0

#Transform 41
Transform: AffineTransform_float_3_3
Parameters: 0.999997 0.00193258 0.00183256 -0.00193443 0.999998 0.00132246 -0.00183044 -0.00132654 0.999998 -0.100833 0.112617 -0.195122
FixedParameters: 0 0 0

#Transform 42
Transform: AffineTransform_float_3_3
Parameters: 0.999997 0.00185523 0.00150842 -0.00185877 0.999996 0.0018382 -0.00150458 -0.0018418 0.999997 -0.0935845 0.114324 -0.251082
FixedParameters: 0 0 0

#Transform 43
Transform: AffineTransform_float_3_3
Parameters: 0.999997 0.00209187 0.00129345 -0.00209413 0.999997 0.0016483 -0.00129055 -0.00165071 0.999998 -0.090241 0.0932808 -0.214481
FixedParameters: 0 0 0

#Transform 44
Transform: AffineTransform_float_3_3
Parameters: 0.999997 0.00200358 0.000838389 -0.00200441 0.999996 0.00169032 -0.00083561 -0.00169268 0.999998 -0.0858577 0.165947 -0.254929
FixedParameters: 0 0 0

#Transform 45
Transform: AffineTransform_float_3_3
Parameters: 0.999997 0.00211792 0.00107806 -0.00212107 0.999993 0.00285872 -0.00107194 -0.00286128 0.999996 -0.0925114 0.0594021 -0.237517
FixedParameters: 0 0 0

#Transform 46
Transform: AffineTransform_float_3_3
Parameters: 0.999997 0.00205149 0.000823768 -0.00205351 0.999996 0.00183531 -0.000820231 -0.00183669 0.999998 -0.0860582 0.142638 -0.251419
FixedParameters: 0 0 0

#Transform 47
Transform: AffineTransform_float_3_3
Parameters: 0.999997 0.00188423 0.00108907 -0.00188577 0.999997 0.00162695 -0.00108593 -0.00162905 0.999998 -0.0950216 0.0725657 -0.18875
FixedParameters: 0 0 0

#Transform 48
Transform: AffineTransform_float_3_3
Parameters: 0.999997 0.00201282 0.00139814 -0.00201418 0.999997 0.00156019 -0.00139486 -0.00156281 0.999998 -0.0964272 0.0986682 -0.204958
FixedParameters: 0 0 0

#Transform 49
Transform: AffineTransform_float_3_3
Parameters: 0.999997 0.00195401 0.000983966 -0.00195699 0.999994 0.00305008 -0.000978033 -0.00305192 0.999995 -0.0993204 0.0992799 -0.273185
FixedParameters: 0 0 0

#Transform 50
Transform: AffineTransform_float_3_3
Parameters: 0.999997 0.00231744 0.000982054 -0.00232056 0.999994 0.00260973 -0.000975946 -0.00261127 0.999996 -0.0895306 0.127119 -0.242016
FixedParameters: 0 0 0

#Transform 51
Transform: AffineTransform_float_3_3
Parameters: 0.999998 0.00191835 0.00068366 -0.00192065 0.999995 0.00242769 -0.000678339 -0.00242831 0.999997 -0.0888662 0.133541 -0.270672
FixedParameters: 0 0 0

#Transform 52
Transform: AffineTransform_float_3_3
Parameters: 0.999997 0.00220382 0.000891404 -0.00220618 0.999994 0.00245004 -0.000885595 -0.00245196 0.999996 -0.0835502 0.111029 -0.24959
FixedParameters: 0 0 0

#Transform 53
Transform: AffineTransform_float_3_3
Parameters: 0.999998 0.00176438 0.00081768 -0.00176662 0.999994 0.00321656 -0.000812319 -0.00321844 0.999994 -0.085348 0.0557508 -0.234435
FixedParameters: 0 0 0

#Transform 54
Transform: AffineTransform_float_3_3
Parameters: 0.999998 0.00165779 0.000542704 -0.00165821 0.999996 0.0022331 -0.000539298 -0.0022339 0.999998 -0.0931655 0.0853432 -0.213016
FixedParameters: 0 0 0

#Transform 55
Transform: AffineTransform_float_3_3
Parameters: 0.999998 0.00135219 0.0013239 -0.00135581 0.999995 0.00288021 -0.0013201 -0.00288179 0.999995 -0.130834 0.072708 -0.232957
FixedParameters: 0 0 0

#Transform 56
Transform: AffineTransform_float_3_3
Parameters: 0.999997 0.00143834 0.00171093 -0.00144366 0.999995 0.00272654 -0.00170707 -0.00272946 0.999995 -0.139626 -0.00482122 -0.200423
FixedParameters: 0 0 0

#Transform 57
Transform: AffineTransform_float_3_3
Parameters: 0.999998 0.00143951 0.00131384 -0.00144349 0.999996 0.00266211 -0.00131016 -0.00266389 0.999995 -0.12383 0.0880485 -0.224716
FixedParameters: 0 0 0

#Transform 58
Transform: AffineTransform_float_3_3
Parameters: 0.999997 0.00157821 0.00175921 -0.00158379 0.999994 0.00329422 -0.00175379 -0.00329778 0.999993 -0.119609 0.0507979 -0.211335
FixedParameters: 0 0 0

#Transform 59
Transform: AffineTransform_float_3_3
Parameters: 0.999999 0.00144041 0.00100971 -0.0014436 0.999995 0.00257355 -0.00100629 -0.00257445 0.999996 -0.111087 0.098847 -0.192187
FixedParameters: 0 0 0

#Transform 60
Transform: AffineTransform_float_3_3
Parameters: 0.999997 0.0016421 0.0014584 -0.00164689 0.999995 0.00267461 -0.0014536 -0.00267639 0.999996 -0.127318 0.0326223 -0.18241
FixedParameters: 0 0 0

#Transform 61
Transform: AffineTransform_float_3_3
Parameters: 0.999998 0.00143955 0.00121012 -0.00144345 0.999995 0.00285626 -0.00120588 -0.00285774 0.999995 -0.114065 0.0511998 -0.185616
FixedParameters: 0 0 0

#Transform 62
Transform: AffineTransform_float_3_3
Parameters: 0.999999 0.00143955 0.00118918 -0.00144345 0.999994 0.00290229 -0.00118481 -0.00290471 0.999995 -0.113826 0.089551 -0.227137
FixedParameters: 0 0 0

#Transform 63
Transform: AffineTransform_float_3_3
Parameters: 0.999998 0.001439 0.00132835 -0.00144301 0.999995 0.00301709 -0.00132465 -0.00301891 0.999994 -0.115878 0.0415047 -0.188765
FixedParameters: 0 0 0

#Transform 64
Transform: AffineTransform_float_3_3
Parameters: 0.999998 0.00155985 0.00130896 -0.00156415 0.999993 0.00317496 -0.00130404 -0.00317704 0.999994 -0.110899 0.0805842 -0.201873
FixedParameters: 0 0 0

#Transform 65
Transform: AffineTransform_float_3_3
Parameters: 0.999999 0.00102221 0.00119625 -0.00102579 0.999995 0.00317178 -0.00119275 -0.00317223 0.999995 -0.126663 0.0007118 -0.173392
FixedParameters: 0 0 0

#Transform 66
Transform: AffineTransform_float_3_3
Parameters: 0.999999 0.00126967 0.00120252 -0.00127333 0.999996 0.00277048 -0.00119848 -0.00277253 0.999996 -0.114949 0.0849546 -0.184093
FixedParameters: 0 0 0

#Transform 67
Transform: AffineTransform_float_3_3
Parameters: 0.999998 0.00102166 0.00126652 -0.00102634 0.999993 0.0034327 -0.00126348 -0.0034343 0.999994 -0.121428 0.028661 -0.196379
FixedParameters: 0 0 0

#Transform 68
Transform: AffineTransform_float_3_3
Parameters: 0.999998 0.00120895 0.00121604 -0.00121305 0.999993 0.00333353 -0.00121196 -0.00333547 0.999993 -0.108915 0.0494305 -0.194493
FixedParameters: 0 0 0

#Transform 69
Transform: AffineTransform_float_3_3
Parameters: 0.999999 0.00121954 0.000864896 -0.00122346 0.999991 0.00400895 -0.000860101 -0.00401005 0.999991 -0.106609 0.047825 -0.20675
FixedParameters: 0 0 0

#Transform 70
Transform: AffineTransform_float_3_3
Parameters: 0.999998 0.00129526 0.00120022 -0.00130074 0.999987 0.00479244 -0.00119378 -0.00479455 0.999988 -0.10764 -0.0218339 -0.208228
FixedParameters: 0 0 0

#Transform 71
Transform: AffineTransform_float_3_3
Parameters: 0.999998 0.00121536 0.00112703 -0.00122064 0.99999 0.00412763 -0.00112197 -0.00412937 0.999991 -0.0975092 0.0413079 -0.19019
FixedParameters: 0 0 0

#Transform 72
Transform: AffineTransform_float_3_3
Parameters: 0.999999 0.00116312 0.000817121 -0.00116588 0.999993 0.00353805 -0.00081288 -0.00353895 0.999994 -0.113723 0.0553208 -0.227504
FixedParameters: 0 0 0

#Transform 73
Transform: AffineTransform_float_3_3
Parameters: 0.999998 0.00162287 0.00106678 -0.00162613 0.999995 0.00294227 -0.00106222 -0.00294473 0.999995 -0.0889852 0.0532375 -0.203026
FixedParameters: 0 0 0

#Transform 74
Transform: AffineTransform_float_3_3
Parameters: 0.999999 0.00122214 0.000962644 -0.00122486 0.999995 0.00297782 -0.000959356 -0.00297918 0.999995 -0.0905543 0.0534684 -0.199547
FixedParameters: 0 0 0

#Transform 75
Transform: AffineTransform_float_3_3
Parameters: 0.999999 0.00122159 0.00127727 -0.00122541 0.999995 0.00267144 -0.00127473 -0.00267256 0.999995 -0.0962308 0.102126 -0.190147
FixedParameters: 0 0 0

#Transform 76
Transform: AffineTransform_float_3_3
Parameters: 0.999998 0.00122211 0.0010424 -0.00122489 0.999996 0.00277473 -0.0010396 -0.00277627 0.999995 -0.0909355 0.100021 -0.227011
FixedParameters: 0 0 0

#Transform 77
Transform: AffineTransform_float_3_3
Parameters: 0.999998 0.00138259 0.00104752 -0.00138641 0.999993 0.00326155 -0.00104348 -0.00326345 0.999994 -0.0905874 0.0268199 -0.215054
FixedParameters: 0 0 0

#Transform 78
Transform: AffineTransform_float_3_3
Parameters: 0.999998 0.00163926 0.00096069 -0.00164174 0.999994 0.00285743 -0.000956313 -0.00285857 0.999996 -0.0773733 0.137045 -0.239343
FixedParameters: 0 0 0

#Transform 79
Transform: AffineTransform_float_3_3
Parameters: 0.999998 0.00141301 0.000884792 -0.00141599 0.999994 0.00338775 -0.000879206 -0.00338925 0.999994 -0.0740348 0.0535092 -0.244703
FixedParameters: 0 0 0

#Transform 80
Transform: AffineTransform_float_3_3
Parameters: 0.999999 0.00122213 0.000946716 -0.00122487 0.999994 0.00303684 -0.000943283 -0.00303816 0.999995 -0.0784551 0.0649511 -0.204001
FixedParameters: 0 0 0

#Transform 81
Transform: AffineTransform_float_3_3
Parameters: 0.999999 0.00113896 0.000946669 -0.00114204 0.999994 0.00321592 -0.000942332 -0.00321708 0.999995 -0.0818915 0.0644645 -0.207286
FixedParameters: 0 0 0

#Transform 82
Transform: AffineTransform_float_3_3
Parameters: 0.999998 0.00164429 0.000947721 -0.00164671 0.999994 0.00286844 -0.000943279 -0.00286955 0.999995 -0.0596443 0.0737397 -0.193179
FixedParameters: 0 0 0

#Transform 83
Transform: AffineTransform_float_3_3
Parameters: 0.999997 0.00221406 -5.75932e-05 -0.00221393 0.999997 0.00108713 6.04064e-05 -0.00108687 1 0.0069541 0.0813933 -0.103344
FixedParameters: 0 0 0

#Transform 84
Transform: AffineTransform_float_3_3
Parameters: 0.999997 0.00265722 -0.000221414 -0.00265678 0.999996 0.000973591 0.000223587 -0.000973409 0.999999 0.0208792 0.0804473 -0.0935049
FixedParameters: 0 0 0

#Transform 85
Transform: AffineTransform_float_3_3
Parameters: 0.999999 0.00135043 0.000818589 -0.00135157 0.999998 0.0019159 -0.000815411 -0.0019171 0.999998 -0.0522659 -0.107709 -0.0444225
FixedParameters: 0 0 0

#Transform 86
Transform: AffineTransform_float_3_3
Parameters: 0.999998 0.0018986 0.000770949 -0.00190141 0.999994 0.00313054 -0.000765049 -0.00313246 0.999995 -0.0576041 0.127034 -0.224203
FixedParameters: 0 0 0

#Transform 87
Transform: AffineTransform_float_3_3
Parameters: 0.999999 0.0014919 0.000921049 -0.00149511 0.999993 0.00337963 -0.000915951 -0.00338137 0.999994 -0.0638161 0.0288537 -0.182157
FixedParameters: 0 0 0

#Transform 88
Transform: AffineTransform_float_3_3
Parameters: 0.999998 0.00139999 0.00125848 -0.00140401 0.999994 0.00319124 -0.00125452 -0.00319376 0.999994 -0.0777324 0.0333337 -0.175401
FixedParameters: 0 0 0

#Transform 89
Transform: AffineTransform_float_3_3
Parameters: 0.999999 0.00123774 0.00131203 -0.00124226 0.999994 0.00325037 -0.00130797 -0.00325262 0.999994 -0.0767657 0.0894261 -0.206798
FixedParameters: 0 0 0

#Transform 90
Transform: AffineTransform_float_3_3
Parameters: 0.999999 0.00149192 0.00103247 -0.00149508 0.999995 0.00299046 -0.00102853 -0.00299154 0.999995 -0.0690718 0.0348991 -0.164024
FixedParameters: 0 0 0

#Transform 91
Transform: AffineTransform_float_3_3
Parameters: 0.999999 0.00108576 0.000701483 -0.00108824 0.999995 0.00320424 -0.000698516 -0.00320476 0.999994 -0.0634239 0.0891443 -0.193838
FixedParameters: 0 0 0

#Transform 92
Transform: AffineTransform_float_3_3
Parameters: 0.999999 0.00125695 0.000903259 -0.00126005 0.999993 0.00338386 -0.00089874 -0.00338513 0.999994 -0.0731977 0.0333776 -0.195165
FixedParameters: 0 0 0

#Transform 93
Transform: AffineTransform_float_3_3
Parameters: 0.999998 0.00148831 0.00141606 -0.00149568 0.999987 0.00473189 -0.00140894 -0.0047341 0.999988 -0.0746066 0.0557318 -0.221111
FixedParameters: 0 0 0

#Transform 94
Transform: AffineTransform_float_3_3
Parameters: 0.999998 0.00148722 0.00161221 -0.00149578 0.999987 0.0048326 -0.00160479 -0.0048354 0.999987 -0.0768146 0.0369503 -0.237624
FixedParameters: 0 0 0

#Transform 95
Transform: AffineTransform_float_3_3
Parameters: 0.999999 0.00102825 0.00108059 -0.00103276 0.999994 0.00347989 -0.00107741 -0.00348111 0.999994 -0.0627951 0.141641 -0.226425
FixedParameters: 0 0 0

#Transform 96
Transform: AffineTransform_float_3_3
Parameters: 0.999998 0.00141902 0.000942025 -0.00142298 0.99999 0.00423966 -0.000935973 -0.00424133 0.99999 -0.0549303 0.0958812 -0.191211
FixedParameters: 0 0 0

#Transform 97
Transform: AffineTransform_float_3_3
Parameters: 0.999999 0.00102844 0.000976765 -0.00103256 0.999993 0.00365399 -0.000973233 -0.003655 0.999993 -0.0753436 0.110684 -0.237255
FixedParameters: 0 0 0

#Transform 98
Transform: AffineTransform_float_3_3
Parameters: 0.999999 0.00110828 0.00110774 -0.00111272 0.999991 0.00426877 -0.00110226 -0.00427023 0.999991 -0.0676077 0.0640255 -0.208365
FixedParameters: 0 0 0

#Transform 99
Transform: AffineTransform_float_3_3
Parameters: 0.999999 0.00119475 0.000759144 -0.00119725 0.99999 0.0042991 -0.00075386 -0.00429991 0.999991 -0.060656 0.122053 -0.231702
FixedParameters: 0 0 0

#Transform 100
Transform: AffineTransform_float_3_3
Parameters: 0.999998 0.00147016 0.000788328 -0.00147284 0.999993 0.00361985 -0.000782674 -0.00362016 0.999993 -0.0556137 0.086006 -0.239362
FixedParameters: 0 0 0

#Transform 101
Transform: AffineTransform_float_3_3
Parameters: 0.999998 0.00203883 0.000286439 -0.00204017 0.99999 0.00413743 -0.00027756 -0.00413858 0.999992 -0.0367953 0.239177 -0.383457
FixedParameters: 0 0 0

#Transform 102
Transform: AffineTransform_float_3_3
Parameters: 0.999997 0.0024411 -1.57247e-05 -0.0024409 0.999987 0.00461906 2.72748e-05 -0.00461895 0.99999 -0.0330486 0.170865 -0.353489
FixedParameters: 0 0 0

#Transform 103
Transform: AffineTransform_float_3_3
Parameters: 0.999998 0.00227176 6.32487e-05 -0.00227224 0.999989 0.00407087 -5.375e-05 -0.00407113 0.999991 -0.0372042 0.217683 -0.370931
FixedParameters: 0 0 0

#Transform 104
Transform: AffineTransform_float_3_3
Parameters: 0.999998 0.0020451 0.00018999 -0.0020459 0.999986 0.00488362 -0.000180012 -0.00488338 0.999988 -0.0508201 0.143059 -0.362087
FixedParameters: 0 0 0

#Transform 105
Transform: AffineTransform_float_3_3
Parameters: 0.999997 0.00243993 0.000270822 -0.00244107 0.999989 0.00402435 -0.000261176 -0.00402565 0.999992 -0.032902 0.221811 -0.363015
FixedParameters: 0 0 0

#Transform 106
Transform: AffineTransform_float_3_3
Parameters: 0.999998 0.00198469 7.30686e-05 -0.00198431 0.999987 0.00456886 -6.39342e-05 -0.00456913 0.999989 -0.0371792 0.191091 -0.388332
FixedParameters: 0 0 0

#Transform 107
Transform: AffineTransform_float_3_3
Parameters: 0.999998 0.00223216 0.000195848 -0.00223284 0.999988 0.00441057 -0.000185152 -0.00441142 0.999991 -0.0357869 0.203265 -0.328118
FixedParameters: 0 0 0

#Transform 108
Transform: AffineTransform_float_3_3
Parameters: 0.999998 0.0019988 0.000270023 -0.0020002 0.999988 0.00451247 -0.000260977 -0.00451253 0.99999 -0.0436615 0.184027 -0.330025
FixedParameters: 0 0 0

#Transform 109
Transform: AffineTransform_float_3_3
Parameters: 0.999998 0.00205666 8.27949e-05 -0.00205734 0.999988 0.00427584 -7.42033e-05 -0.00427616 0.999991 -0.0310389 0.246142 -0.353779
FixedParameters: 0 0 0

#Transform 110
Transform: AffineTransform_float_3_3
Parameters: 0.999998 0.00192678 0.000269854 -0.00192822 0.999987 0.00459349 -0.000261146 -0.00459351 0.99999 -0.0422093 0.162456 -0.333685
FixedParameters: 0 0 0

#Transform 111
Transform: AffineTransform_float_3_3
Parameters: 0.999998 0.00199256 0.000112114 -0.00199344 0.999989 0.00407178 -0.000103883 -0.00407221 0.999991 -0.0360566 0.180668 -0.296731
FixedParameters: 0 0 0

#Transform 112
Transform: AffineTransform_float_3_3
Parameters: 0.999997 0.00207474 -0.000477516 -0.00207326 0.999992 0.003609 0.000485485 -0.003608 0.999994 0.0136366 0.168436 -0.264962
FixedParameters: 0 0 0

#Transform 113
Transform: AffineTransform_float_3_3
Parameters: 0.999998 0.00211971 -0.00077159 -0.00211729 0.999991 0.00349864 0.000778411 -0.00349736 0.999993 0.00969606 0.129143 -0.227113
FixedParameters: 0 0 0

#Transform 114
Transform: AffineTransform_float_3_3
Parameters: 0.999996 0.00244399 -0.000839351 -0.00244101 0.99999 0.00354206 0.000847649 -0.00353994 0.999994 0.00677399 0.198439 -0.27396
FixedParameters: 0 0 0

#Transform 115
Transform: AffineTransform_float_3_3
Parameters: 0.999997 0.00244306 -0.000461241 -0.00244094 0.999988 0.00440614 0.000472758 -0.00440486 0.99999 -0.00549326 0.116574 -0.266387
FixedParameters: 0 0 0

#Transform 116
Transform: AffineTransform_float_3_3
Parameters: 0.999997 0.00244207 -0.000293246 -0.00244093 0.99999 0.00358572 0.000301754 -0.00358527 0.999993 -0.0175068 0.169462 -0.251688
FixedParameters: 0 0 0

#Transform 117
Transform: AffineTransform_float_3_3
Parameters: 0.999997 0.00235005 -0.000440189 -0.00234795 0.999986 0.00460305 0.000450811 -0.00460195 0.99999 -0.0216201 0.137675 -0.323918
FixedParameters: 0 0 0

#Transform 118
Transform: AffineTransform_float_3_3
Parameters: 0.999997 0.00244208 -0.00024032 -0.00244093 0.999988 0.0043746 0.000250678 -0.0043734 0.999991 -0.0295358 0.180202 -0.313178
FixedParameters: 0 0 0

#Transform 119
Transform: AffineTransform_float_3_3
Parameters: 0.999997 0.00258059 -0.000884727 -0.00257642 0.999984 0.0051493 0.000897275 -0.00514671 0.999987 -0.00850935 0.191083 -0.336519
FixedParameters: 0 0 0

#Transform 120
Transform: AffineTransform_float_3_3
Parameters: 0.999997 0.00210147 -0.00129199 -0.00209853 0.999996 0.00190972 0.00129601 -0.00190728 0.999998 0.00260328 0.198756 -0.258033
FixedParameters: 0 0 0

#Transform 121
Transform: AffineTransform_float_3_3
Parameters: 0.999998 0.0016505 -0.00155241 -0.0016495 0.999998 0.000965564 0.00155359 -0.000963439 0.999999 -0.0261141 0.376462 -0.415345
FixedParameters: 0 0 0

#Transform 122
Transform: AffineTransform_float_3_3
Parameters: 0.999997 0.0018598 -0.00165297 -0.0018582 0.999997 0.00109107 0.00165503 -0.00108793 0.999998 -0.00281618 0.360983 -0.39676
FixedParameters: 0 0 0

#Transform 123
Transform: AffineTransform_float_3_3
Parameters: 0.999995 0.00284992 -0.00140913 -0.00284808 0.999995 0.00136002 0.00141287 -0.00135598 0.999998 0.00740982 0.376073 -0.417766
FixedParameters: 0 0 0

#Transform 124
Transform: AffineTransform_float_3_3
Parameters: 0.999993 0.00285302 -0.00248324 -0.00284798 0.999994 0.00202409 0.00248876 -0.00201691 0.999995 -0.0015939 0.463336 -0.535965
FixedParameters: 0 0 0

#Transform 125
Transform: AffineTransform_float_3_3
Parameters: 0.999992 0.00330412 -0.00234339 -0.00329788 0.999991 0.00261175 0.00235161 -0.00260425 0.999994 -0.00040853 0.403815 -0.535609
FixedParameters: 0 0 0

#Transform 126
Transform: AffineTransform_float_3_3
Parameters: 0.99999 0.00327966 -0.00280591 -0.00327134 0.99999 0.00308621 0.0028161 -0.00307779 0.999992 0.00683054 0.449464 -0.588235
FixedParameters: 0 0 0

#Transform 127
Transform: AffineTransform_float_3_3
Parameters: 0.999992 0.00313254 -0.00244336 -0.00312446 0.999991 0.00308466 0.00245364 -0.00307734 0.999993 -0.0130558 0.402743 -0.540945
FixedParameters: 0 0 0

#Transform 128
Transform: AffineTransform_float_3_3
Parameters: 0.999991 0.00285568 -0.0029175 -0.00284732 0.999993 0.00263433 0.0029245 -0.00262567 0.999993 -0.011032 0.49792 -0.578959
FixedParameters: 0 0 0

#Transform 129
Transform: AffineTransform_float_3_3
Parameters: 0.99999 0.00331614 -0.00301479 -0.00330486 0.999987 0.003692 0.0030272 -0.003682 0.999988 -0.0241701 0.429862 -0.604856
FixedParameters: 0 0 0

#Transform 130
Transform: AffineTransform_float_3_3
Parameters: 0.99999 0.0033942 -0.00314805 -0.00338381 0.999989 0.00323769 0.00315896 -0.00322731 0.99999 0.000876398 0.514225 -0.638438
FixedParameters: 0 0 0

#Transform 131
Transform: AffineTransform_float_3_3
Parameters: 0.99999 0.00327178 -0.00302145 -0.00326223 0.99999 0.00323489 0.00303155 -0.00322412 0.99999 -0.00781785 0.415165 -0.565691
FixedParameters: 0 0 0

#Transform 132
Transform: AffineTransform_float_3_3
Parameters: 0.999989 0.00379433 -0.00268528 -0.00378568 0.999988 0.0030982 0.00269672 -0.0030888 0.999991 -0.0104852 0.443424 -0.603566
FixedParameters: 0 0 0

#Transform 133
Transform: AffineTransform_float_3_3
Parameters: 0.999992 0.00321862 -0.00232749 -0.00321037 0.999989 0.0032715 0.0023385 -0.0032645 0.999992 -0.0147675 0.42369 -0.569153
FixedParameters: 0 0 0

#Transform 134
Transform: AffineTransform_float_3_3
Parameters: 0.999988 0.00334721 -0.00342614 -0.00333479 0.999987 0.00385447 0.00343886 -0.00384353 0.999986 -0.0227435 0.50823 -0.689555
FixedParameters: 0 0 0

#Transform 135
Transform: AffineTransform_float_3_3
Parameters: 0.999986 0.00394331 -0.00353448 -0.00392369 0.999976 0.00573395 0.00355753 -0.00572005 0.999978 -0.0484518 0.573792 -0.854576
FixedParameters: 0 0 0

#Transform 136
Transform: AffineTransform_float_3_3
Parameters: 0.999984 0.00445921 -0.00342558 -0.0044388 0.999971 0.0061723 0.00345343 -0.0061577 0.999975 -0.0153862 0.60111 -0.796131
FixedParameters: 0 0 0

#Transform 137
Transform: AffineTransform_float_3_3
Parameters: 0.999993 0.00345742 -0.00178409 -0.00343558 0.999923 0.0118712 0.0018249 -0.0118648 0.999928 -0.0431398 0.420067 -0.727989
FixedParameters: 0 0 0

#Transform 138
Transform: AffineTransform_float_3_3
Parameters: 0.999992 0.00392186 -0.000555741 -0.00391316 0.999878 0.0151273 0.000614261 -0.0151247 0.999886 -0.0523034 0.362264 -0.735091
FixedParameters: 0 0 0

#Transform 139
Transform: AffineTransform_float_3_3
Parameters: 0.99999 0.0044602 -0.00113247 -0.00444581 0.999915 0.0122482 0.00118653 -0.0122428 0.999925 -0.023925 0.460611 -0.66967
FixedParameters: 0 0 0

#Transform 140
Transform: AffineTransform_float_3_3
Parameters: 0.999992 0.00392247 -0.000985004 -0.00391352 0.999947 0.00944493 0.001022 -0.00944107 0.999955 -0.0471358 0.414219 -0.646481
FixedParameters: 0 0 0

#Transform 141
Transform: AffineTransform_float_3_3
Parameters: 0.999992 0.00392268 -0.000984188 -0.00391332 0.999946 0.00965293 0.00102182 -0.00964907 0.999953 -0.0323802 0.570977 -0.698485
FixedParameters: 0 0 0

#Transform 142
Transform: AffineTransform_float_3_3
Parameters: 0.999993 0.00352016 -0.00117901 -0.00351085 0.999965 0.00767919 0.00120599 -0.00767481 0.99997 -0.028316 0.375427 -0.555983
FixedParameters: 0 0 0

#Transform 143
Transform: AffineTransform_float_3_3
Parameters: 0.999985 0.00485198 -0.00254261 -0.00483702 0.999971 0.00586538 0.00257038 -0.00585261 0.999979 0.0160196 0.37106 -0.466291
FixedParameters: 0 0 0

#Transform 144
Transform: AffineTransform_float_3_3
Parameters: 0.999985 0.00464022 -0.00289411 -0.00461678 0.999957 0.00797748 0.0029309 -0.00796452 0.999964 0.0185911 0.332075 -0.504709
FixedParameters: 0 0 0

#Transform 145
Transform: AffineTransform_float_3_3
Parameters: 0.999984 0.00505034 -0.00248 -0.00503366 0.999966 0.00655059 0.002513 -0.00653841 0.999976 0.0385111 0.423574 -0.529963
FixedParameters: 0 0 0

#Transform 146
Transform: AffineTransform_float_3_3
Parameters: 0.999984 0.00494231 -0.00251008 -0.00492669 0.99997 0.00606846 0.00253992 -0.00605655 0.999979 0.0368404 0.430552 -0.537336
FixedParameters: 0 0 0

#Transform 147
Transform: AffineTransform_float_3_3
Parameters: 0.999986 0.00494329 -0.00222414 -0.00492671 0.999962 0.00727107 0.00225986 -0.00725994 0.999971 0.0272477 0.368203 -0.546661
FixedParameters: 0 0 0

#Transform 148
Transform: AffineTransform_float_3_3
Parameters: 0.999982 0.00540529 -0.00284797 -0.00538372 0.999958 0.00742847 0.00288804 -0.00741353 0.999969 0.0507346 0.463384 -0.561071
FixedParameters: 0 0 0

#Transform 149
Transform: AffineTransform_float_3_3
Parameters: 0.99998 0.00558587 -0.00299255 -0.00557012 0.99997 0.00528777 0.00302145 -0.00527122 0.999981 0.0803771 0.368311 -0.468732
FixedParameters: 0 0 0

#Transform 150
Transform: AffineTransform_float_3_3
Parameters: 0.999979 0.00603993 -0.00226986 -0.00602207 0.999952 0.00782383 0.00231715 -0.00781017 0.999967 0.0729057 0.3753 -0.549963
FixedParameters: 0 0 0

#Transform 151
Transform: AffineTransform_float_3_3
Parameters: 0.999976 0.00639355 -0.0023877 -0.00637346 0.999944 0.00851442 0.00244231 -0.00849959 0.999961 0.0840321 0.455755 -0.564982
FixedParameters: 0 0 0

#Transform 152
Transform: AffineTransform_float_3_3
Parameters: 0.999983 0.0053761 -0.00219843 -0.0053609 0.999963 0.00681791 0.00223557 -0.0068061 0.999975 0.0520321 0.339598 -0.473551
FixedParameters: 0 0 0

#Transform 153
Transform: AffineTransform_float_3_3
Parameters: 0.999985 0.00484777 -0.00260655 -0.00483423 0.999975 0.00526268 0.00263244 -0.00524932 0.999983 0.0557111 0.407935 -0.499252
FixedParameters: 0 0 0

#Transform 154
Transform: AffineTransform_float_3_3
Parameters: 0.999984 0.00497913 -0.00269154 -0.00496287 0.999967 0.00633546 0.00272246 -0.00632155 0.999977 0.0592413 0.368823 -0.522265
FixedParameters: 0 0 0

#Transform 155
Transform: AffineTransform_float_3_3
Parameters: 0.999987 0.00472397 -0.00152951 -0.00471302 0.999963 0.00710129 0.00156349 -0.0070937 0.999973 0.0376264 0.358481 -0.50408
FixedParameters: 0 0 0

#Transform 156
Transform: AffineTransform_float_3_3
Parameters: 0.999987 0.00484504 -0.00149467 -0.00483396 0.999961 0.00730332 0.00153033 -0.00729568 0.999972 0.00164912 0.374691 -0.490359
FixedParameters: 0 0 0

#Transform 157
Transform: AffineTransform_float_3_3
Parameters: 0.999987 0.00484663 -0.00143809 -0.00483437 0.999951 0.00866107 0.00147991 -0.00865394 0.999962 -0.00168604 0.328912 -0.515365
FixedParameters: 0 0 0

#Transform 158
Transform: AffineTransform_float_3_3
Parameters: 0.999986 0.00484786 -0.00186537 -0.00483413 0.999961 0.00736412 0.00190163 -0.00735488 0.999971 0.0266847 0.405822 -0.532088
FixedParameters: 0 0 0

#Transform 159
Transform: AffineTransform_float_3_3
Parameters: 0.999989 0.00423975 -0.00161142 -0.00422825 0.999965 0.00722589 0.00164258 -0.00721911 0.999973 0.0134547 0.366001 -0.553396
FixedParameters: 0 0 0

#Transform 160
Transform: AffineTransform_float_3_3
Parameters: 0.999986 0.00484732 -0.00183824 -0.00483467 0.999963 0.00718398 0.00187376 -0.00717501 0.999972 0.0220946 0.426822 -0.561352
FixedParameters: 0 0 0

#Transform 161
Transform: AffineTransform_float_3_3
Parameters: 0.999988 0.004636 -0.00199782 -0.004622 0.999965 0.00695732 0.00203018 -0.00694768 0.999974 0.0197812 0.399535 -0.571395
FixedParameters: 0 0 0

#Transform 162
Transform: AffineTransform_float_3_3
Parameters: 0.999985 0.00525841 -0.0015803 -0.0052466 0.999956 0.00775341 0.00162071 -0.00774559 0.999968 0.0327742 0.448493 -0.58215
FixedParameters: 0 0 0

#Transform 163
Transform: AffineTransform_float_3_3
Parameters: 0.999983 0.00527082 -0.00224954 -0.00524918 0.99994 0.00959897 0.00229946 -0.00958704 0.999952 0.0402045 0.432562 -0.615192
FixedParameters: 0 0 0

#Transform 164
Transform: AffineTransform_float_3_3
Parameters: 0.999988 0.00483221 -0.00129407 -0.0048178 0.999931 0.0107654 0.00134593 -0.0107596 0.999941 0.00364358 0.293824 -0.588973
FixedParameters: 0 0 0

#Transform 165
Transform: AffineTransform_float_3_3
Parameters: 0.999984 0.0053293 -0.00193602 -0.00530971 0.999933 0.0103414 0.00199099 -0.0103306 0.999944 0.0349745 0.460118 -0.638928
FixedParameters: 0 0 0

#Transform 166
Transform: AffineTransform_float_3_3
Parameters: 0.999992 0.00402562 -0.000934366 -0.00401539 0.999931 0.0111038 0.00097864 -0.0111002 0.999938 -0.00479633 0.304859 -0.580284
FixedParameters: 0 0 0

#Transform 167
Transform: AffineTransform_float_3_3
Parameters: 0.999988 0.00471526 -0.00173442 -0.00469975 0.999946 0.00926227 0.00177759 -0.00925373 0.999955 0.0329339 0.427954 -0.569445
FixedParameters: 0 0 0

#Transform 168
Transform: AffineTransform_float_3_3
Parameters: 0.999991 0.00391997 -0.00127993 -0.00390703 0.999943 0.00998509 0.00131907 -0.00997992 0.99995 0.012685 0.309592 -0.540562
FixedParameters: 0 0 0

#Transform 169
Transform: AffineTransform_float_3_3
Parameters: 0.999986 0.00504606 -0.00168362 -0.00502994 0.999943 0.00940761 0.00173138 -0.0093994 0.999955 0.0655095 0.442091 -0.588763
FixedParameters: 0 0 0

#Transform 170
Transform: AffineTransform_float_3_3
Parameters: 0.999989 0.00422236 -0.00168968 -0.00420564 0.999946 0.00957121 0.00173032 -0.00956379 0.999953 0.0367307 0.376189 -0.584926
FixedParameters: 0 0 0

#Transform 171
Transform: AffineTransform_float_3_3
Parameters: 0.99999 0.00394646 -0.00198562 -0.00393055 0.999959 0.00822589 0.00201739 -0.00821812 0.999964 0.0365423 0.408666 -0.550989
FixedParameters: 0 0 0

#Transform 172
Transform: AffineTransform_float_3_3
Parameters: 0.999989 0.00444501 -0.0017957 -0.00443099 0.999961 0.00773204 0.0018303 -0.00772395 0.999968 0.0545723 0.420079 -0.558776
FixedParameters: 0 0 0

#Transform 173
Transform: AffineTransform_float_3_3
Parameters: 0.999989 0.00450139 -0.00179432 -0.00448661 0.999959 0.00794215 0.00183067 -0.00793385 0.999967 0.0606639 0.294935 -0.440607
FixedParameters: 0 0 0

#Transform 174
Transform: AffineTransform_float_3_3
Parameters: 0.999992 0.00351926 -0.00151606 -0.00350474 0.999945 0.00995139 0.00155095 -0.00994662 0.99995 0.0700868 0.200507 -0.374364
FixedParameters: 0 0 0

#Transform 175
Transform: AffineTransform_float_3_3
Parameters: 0.99999 0.00394153 -0.00213615 -0.00392247 0.999955 0.00861146 0.00216984 -0.00860253 0.99996 0.0913731 0.332786 -0.446256
FixedParameters: 0 0 0

#Transform 176
Transform: AffineTransform_float_3_3
Parameters: 0.99999 0.00400231 -0.00179626 -0.00398668 0.999957 0.00845024 0.00183074 -0.00844275 0.999962 0.0819504 0.264211 -0.434288
FixedParameters: 0 0 0

#Transform 177
Transform: AffineTransform_float_3_3
Parameters: 0.999989 0.00430393 -0.00222374 -0.00428407 0.999955 0.00844763 0.00226025 -0.00843737 0.999962 0.101084 0.373525 -0.517595
FixedParameters: 0 0 0

#Transform 178
Transform: AffineTransform_float_3_3
Parameters: 0.999991 0.00397051 -0.00144884 -0.00395849 0.999962 0.00786181 0.00148016 -0.0078562 0.999968 0.0593324 0.239067 -0.411461
FixedParameters: 0 0 0

#Transform 179
Transform: AffineTransform_float_3_3
Parameters: 0.999993 0.00366125 -0.00142597 -0.00365075 0.999968 0.00712326 0.00145203 -0.00711774 0.999973 0.0572066 0.270624 -0.37187
FixedParameters: 0 0 0

#Transform 180
Transform: AffineTransform_float_3_3
Parameters: 0.999994 0.00319427 -0.00116897 -0.00318573 0.999964 0.00784977 0.00119404 -0.00784623 0.999968 0.0335514 0.220495 -0.382972
FixedParameters: 0 0 0

#Transform 181
Transform: AffineTransform_float_3_3
Parameters: 0.999993 0.00341634 -0.00179743 -0.00339966 0.999948 0.00956117 0.00183058 -0.00955481 0.999952 0.0600467 0.295525 -0.458815
FixedParameters: 0 0 0

#Transform 182
Transform: AffineTransform_float_3_3
Parameters: 0.999992 0.0036232 -0.00160492 -0.0036078 0.999943 0.00998186 0.00164108 -0.00997613 0.999949 0.0556539 0.313898 -0.458856
FixedParameters: 0 0 0

#Transform 183
Transform: AffineTransform_float_3_3
Parameters: 0.999994 0.00310933 -0.00144547 -0.00309367 0.99994 0.0104905 0.00147753 -0.0104855 0.999944 0.0434271 0.247929 -0.479323
FixedParameters: 0 0 0

#Transform 184
Transform: AffineTransform_float_3_3
Parameters: 0.999991 0.00365903 -0.00182023 -0.00363996 0.99994 0.0103527 0.00185877 -0.0103463 0.999945 0.0705615 0.311144 -0.491062
FixedParameters: 0 0 0

#Transform 185
Transform: AffineTransform_float_3_3
Parameters: 0.999993 0.0032481 -0.00144369 -0.0032339 0.999948 0.00966273 0.00147531 -0.00965827 0.999953 0.0406816 0.272965 -0.466681
FixedParameters: 0 0 0

#Transform 186
Transform: AffineTransform_float_3_3
Parameters: 0.999993 0.00324715 -0.00144581 -0.00323384 0.999954 0.00901074 0.00147519 -0.00900527 0.999959 0.0410045 0.364014 -0.483218
FixedParameters: 0 0 0

#Transform 187
Transform: AffineTransform_float_3_3
Parameters: 0.999994 0.00315092 -0.00144503 -0.00313708 0.999949 0.00953559 0.00147498 -0.00953141 0.999954 0.0390861 0.297987 -0.494316
