#Insight Transform File V1.0
#Transform 0
Transform: AffineTransform_float_3_3
Parameters: 1 -0.000327775 -0.000477155 0.000328225 1 0.000471843 0.000476845 -0.000472156 1 0.0107591 -0.00335138 0.397604
FixedParameters: 0 0 0

#Transform 1
Transform: AffineTransform_float_3_3
Parameters: 1 7.05068e-05 0.00023215 -7.04928e-05 0.999997 0.00212498 -0.000231851 -0.00212502 0.999997 -0.0158402 -0.0698614 -0.00020809
FixedParameters: 0 0 0

#Transform 2
Transform: AffineTransform_float_3_3
Parameters: 1 -3.52488e-07 0.000228 -3.52488e-07 0.999999 0.001546 -0.000228 -0.001546 0.999999 -0.0423076 -0.104227 -0.0774361
FixedParameters: 0 0 0

#Transform 3
Transform: AffineTransform_float_3_3
Parameters: 1 0.00027185 0.000150272 -0.00027215 1 0.00100096 -0.000149728 -0.00100104 0.999999 -0.0438223 -0.0516045 -0.1173
FixedParameters: 0 0 0

#Transform 4
Transform: AffineTransform_float_3_3
Parameters: 1 0.000489898 0.000148338 -0.000490102 0.999999 0.000688927 -0.000147662 -0.000689072 1 -0.0514124 -0.0314941 -0.155444
FixedParameters: 0 0 0

#Transform 5
Transform: AffineTransform_float_3_3
Parameters: 1 0.000446548 0.000335602 -0.000447451 0.999999 0.00134785 -0.000334397 -0.00134815 0.999999 -0.0560657 -0.0196145 -0.147014
FixedParameters: 0 0 0

#Transform 6
Transform: AffineTransform_float_3_3
Parameters: 1 0.000590939 4.57889e-05 -0.000591061 0.999999 0.00133497 -4.5211e-05 -0.00133503 0.999999 -0.0490544 -0.0138688 -0.151033
FixedParameters: 0 0 0

#Transform 7
Transform: AffineTransform_float_3_3
Parameters: 0.999999 0.00065059 0.000376708 -0.00065141 0.999999 0.00108776 -0.000376291 -0.00108825 1 -0.0647585 -0.0570231 -0.15393
FixedParameters: 0 0 0

#Transform 8
Transform: AffineTransform_float_3_3
Parameters: 0.999999 0.000918206 -7.96542e-05 -0.000917795 0.999997 0.00255507 8.13451e-05 -0.00255493 0.999996 -0.0649485 -0.0147948 -0.149529
FixedParameters: 0 0 0

#Transform 9
Transform: AffineTransform_float_3_3
Parameters: 0.999999 0.000878957 3.21708e-05 -0.000879043 0.999998 0.00133197 -3.18291e-05 -0.00133203 0.999999 -0.0635656 -0.0056098 -0.161075
FixedParameters: 0 0 0

#Transform 10
Transform: AffineTransform_float_3_3
Parameters: 0.999999 0.000919205 0.000386894 -0.000920795 0.999998 0.00205965 -0.000385104 -0.00205936 0.999998 -0.0699497 -0.0343348 -0.146412
FixedParameters: 0 0 0

#Transform 11
Transform: AffineTransform_float_3_3
Parameters: 0.999999 0.000905301 0.000297135 -0.000906697 0.999997 0.00235773 -0.000294863 -0.00235827 0.999997 -0.0708193 -0.0384484 -0.140547
FixedParameters: 0 0 0

#Transform 12
Transform: AffineTransform_float_3_3
Parameters: 0.999999 0.000992289 0.000421677 -0.000992711 0.999998 0.00168958 -0.000420323 -0.00168942 0.999998 -0.0768974 -0.0451596 -0.125148
FixedParameters: 0 0 0

#Transform 13
Transform: AffineTransform_float_3_3
Parameters: 1 0.000926853 0.000601771 -0.000928146 0.999997 0.00190944 -0.000599229 -0.00190956 0.999998 -0.0733977 -0.00970107 -0.135445
FixedParameters: 0 0 0

#Transform 14
Transform: AffineTransform_float_3_3
Parameters: 1 0.00089714 0.000553397 -0.000897861 0.999999 0.0015565 -0.000551603 -0.0015575 0.999998 -0.0715341 -0.0210901 -0.146667
FixedParameters: 0 0 0

#Transform 15
Transform: AffineTransform_float_3_3
Parameters: 1 0.00101924 0.00033732 -0.00101976 0.999997 0.00227466 -0.000334681 -0.00227534 0.999998 -0.0732002 -0.0400477 -0.142139
FixedParameters: 0 0 0

#Transform 16
Transform: AffineTransform_float_3_3
Parameters: 1 0.00104581 0.000536319 -0.00104619 0.999997 0.00221644 -0.000533683 -0.00221656 0.999997 -0.0756464 -0.0337085 -0.149186
FixedParameters: 0 0 0

#Transform 17
Transform: AffineTransform_float_3_3
Parameters: 1 0.00104194 0.000458426 -0.00104306 0.999996 0.00232652 -0.000455574 -0.00232748 0.999997 -0.0691439 -0.0189818 -0.149849
FixedParameters: 0 0 0

#Transform 18
Transform: AffineTransform_float_3_3
Parameters: 1 0.00103994 0.000453449 -0.00104006 0.999996 0.00235353 -0.000450554 -0.00235347 0.999997 -0.0683642 -0.0411715 -0.148911
FixedParameters: 0 0 0

#Transform 19
Transform: AffineTransform_float_3_3
Parameters: 1 0.00105491 0.000507273 -0.00105509 0.999997 0.00215347 -0.000505728 -0.00215453 0.999997 -0.0713118 -0.0547424 -0.151764
FixedParameters: 0 0 0

#Transform 20
Transform: AffineTransform_float_3_3
Parameters: 0.999999 0.00112257 0.000620586 -0.00112343 0.999996 0.0023013 -0.000618416 -0.0023017 0.999997 -0.0739838 -0.0268929 -0.152979
FixedParameters: 0 0 0

#Transform 21
Transform: AffineTransform_float_3_3
Parameters: 1 0.000979799 0.000724985 -0.000981202 0.999995 0.00304229 -0.000722018 -0.00304271 0.999995 -0.077041 -0.0422496 -0.156338
FixedParameters: 0 0 0

#Transform 22
Transform: AffineTransform_float_3_3
Parameters: 0.999998 0.00116792 0.00147006 -0.00116808 1 5.2283e-05 -0.00146994 -5.47169e-05 0.999999 -0.112687 0.112947 -0.225805
FixedParameters: 0 0 0

#Transform 23
Transform: AffineTransform_float_3_3
Parameters: 0.999999 0.000851575 0.000370295 -0.000853424 0.999992 0.00386569 -0.000366703 -0.00386632 0.999993 -0.0837444 0.065988 -0.172127
FixedParameters: 0 0 0

#Transform 24
Transform: AffineTransform_float_3_3
Parameters: 1 0.000847862 0.000744889 -0.000853132 0.999975 0.00692436 -0.00073811 -0.00692563 0.999975 -0.0872201 -0.0999525 -0.129993
FixedParameters: 0 0 0

#Transform 25
Transform: AffineTransform_float_3_3
Parameters: 1 0.000848693 0.000693307 -0.000853306 0.99998 0.00623642 -0.000687692 -0.00623759 0.999981 -0.0780257 -0.0181474 -0.124585
FixedParameters: 0 0 0

#Transform 26
Transform: AffineTransform_float_3_3
Parameters: 1 0.000848016 0.000814223 -0.000852983 0.999981 0.00614031 -0.000808778 -0.00614069 0.999981 -0.0766778 -0.0732315 -0.129357
FixedParameters: 0 0 0

#Transform 27
Transform: AffineTransform_float_3_3
Parameters: 1 0.000847936 0.000833185 -0.000853063 0.999981 0.00609629 -0.000827814 -0.00609771 0.999981 -0.0846653 -0.0914875 -0.125355
FixedParameters: 0 0 0

#Transform 28
Transform: AffineTransform_float_3_3
Parameters: 0.999999 0.00107203 0.000830456 -0.00107697 0.999982 0.00600811 -0.000823544 -0.00600889 0.999981 -0.0744449 -0.125035 -0.121629
FixedParameters: 0 0 0

#Transform 29
Transform: AffineTransform_float_3_3
Parameters: 0.999999 0.00084751 0.0012318 -0.00085349 0.999989 0.00446295 -0.0012282 -0.00446405 0.99999 -0.0746806 -0.125439 -0.111342
FixedParameters: 0 0 0

#Transform 30
Transform: AffineTransform_float_3_3
Parameters: 0.999998 0.000845813 0.00148611 -0.000853187 0.999988 0.00484274 -0.00148189 -0.00484326 0.999987 -0.075124 -0.0960659 -0.12737
FixedParameters: 0 0 0

#Transform 31
Transform: AffineTransform_float_3_3
Parameters: 0.999999 0.000848259 0.00096917 -0.000853739 0.999987 0.00490118 -0.000964827 -0.00490282 0.999988 -0.0647665 -0.0810781 -0.137799
FixedParameters: 0 0 0

#Transform 32
Transform: AffineTransform_float_3_3
Parameters: 0.999999 0.000793261 0.00122075 -0.00079974 0.999988 0.00470803 -0.00121725 -0.00470897 0.999988 -0.0619247 -0.142963 -0.149811
FixedParameters: 0 0 0

#Transform 33
Transform: AffineTransform_float_3_3
Parameters: 0.999999 0.000557214 0.00115033 -0.000561786 0.999991 0.00416536 -0.00114767 -0.00416564 0.99999 -0.064118 -0.0280103 -0.127605
FixedParameters: 0 0 0

#Transform 34
Transform: AffineTransform_float_3_3
Parameters: 0.999998 0.000662052 0.00146316 -0.000668947 0.999989 0.00475303 -0.00145984 -0.00475397 0.999987 -0.0736262 -0.162051 -0.118839
FixedParameters: 0 0 0

#Transform 35
Transform: AffineTransform_float_3_3
Parameters: 0.999998 0.000847695 0.00136631 -0.000853308 0.999992 0.00388684 -0.00136369 -0.00388816 0.999992 -0.0834764 -0.116752 -0.106625
FixedParameters: 0 0 0

#Transform 36
Transform: AffineTransform_float_3_3
Parameters: 0.999998 0.000847619 0.00151901 -0.00085338 0.999994 0.00354471 -0.00151598 -0.00354629 0.999992 -0.0800102 -0.107245 -0.109239
FixedParameters: 0 0 0

#Transform 37
Transform: AffineTransform_float_3_3
Parameters: 0.999998 0.000845864 0.00189221 -0.000853137 0.999993 0.0037744 -0.00188879 -0.00377561 0.999991 -0.0812791 -0.140256 -0.109277
FixedParameters: 0 0 0

#Transform 38
Transform: AffineTransform_float_3_3
Parameters: 0.999998 0.00084493 0.00194253 -0.000853072 0.999991 0.00415735 -0.00193947 -0.00415865 0.99999 -0.0818019 -0.118662 -0.10883
FixedParameters: 0 0 0

#Transform 39
Transform: AffineTransform_float_3_3
Parameters: 0.999998 0.000846428 0.00173822 -0.000853577 0.999993 0.00378453 -0.00173578 -0.00378548 0.999992 -0.0756655 -0.118356 -0.111137
FixedParameters: 0 0 0

#Transform 40
Transform: AffineTransform_float_3_3
Parameters: 0.999998 0.000844676 0.00213232 -0.000853328 0.999992 0.00390619 -0.00212968 -0.00390781 0.99999 -0.0845374 -0.115637 -0.122574
FixedParameters: 0 0 0

#Transform 41
Transform: AffineTransform_float_3_3
Parameters: 0.999998 0.000961079 0.00185261 -0.000967916 0.999992 0.00373721 -0.00184839 -0.00373978 0.999992 -0.0835459 -0.13141 -0.115465
FixedParameters: 0 0 0

#Transform 42
Transform: AffineTransform_float_3_3
Parameters: 0.999998 0.000847546 0.00171371 -0.000853455 0.999994 0.00318454 -0.00171129 -0.00318546 0.999994 -0.0746846 -0.0949196 -0.110481
FixedParameters: 0 0 0

#Transform 43
Transform: AffineTransform_float_3_3
Parameters: 0.999997 0.000845349 0.00198128 -0.00085365 0.999992 0.00386432 -0.00197771 -0.00386568 0.99999 -0.0720861 -0.117202 -0.10633
FixedParameters: 0 0 0

#Transform 44
Transform: AffineTransform_float_3_3
Parameters: 0.999998 0.000845081 0.00214713 -0.000852917 0.999993 0.00368918 -0.00214387 -0.00369182 0.999991 -0.0439368 -0.152954 -0.275952
FixedParameters: 0 0 0

#Transform 45
Transform: AffineTransform_float_3_3
Parameters: 0.999998 0.000849722 0.00138002 -0.000853277 0.999997 0.00237583 -0.00137798 -0.00237717 0.999996 -0.0240725 -0.106832 -0.140701
FixedParameters: 0 0 0

#Transform 46
Transform: AffineTransform_float_3_3
Parameters: 0.999999 0.000848115 0.0016026 -0.000853888 0.999995 0.00305064 -0.0016004 -0.00305136 0.999994 -0.0368816 -0.147758 -0.131568
FixedParameters: 0 0 0

#Transform 47
Transform: AffineTransform_float_3_3
Parameters: 0.999998 0.000984801 0.00164412 -0.000990202 0.999995 0.00316438 -0.00164187 -0.00316662 0.999993 -0.0401201 -0.131179 -0.144763
FixedParameters: 0 0 0

#Transform 48
Transform: AffineTransform_float_3_3
Parameters: 0.999998 0.000848791 0.00139058 -0.00085321 0.999995 0.00302882 -0.00138842 -0.00303018 0.999995 -0.0399653 -0.130169 -0.146254
FixedParameters: 0 0 0

#Transform 49
Transform: AffineTransform_float_3_3
Parameters: 0.999998 0.000847535 0.00167178 -0.000853466 0.999995 0.00327058 -0.00166922 -0.00327242 0.999994 -0.0549003 -0.113159 -0.148219
FixedParameters: 0 0 0

#Transform 50
Transform: AffineTransform_float_3_3
Parameters: 0.999998 0.00109601 0.00162238 -0.00110099 0.999994 0.00307622 -0.00161962 -0.00307778 0.999994 -0.0494841 -0.0991456 -0.146689
FixedParameters: 0 0 0

#Transform 51
Transform: AffineTransform_float_3_3
Parameters: 0.999998 0.00114766 0.00176947 -0.00115333 0.999995 0.00301696 -0.00176553 -0.00301903 0.999994 -0.0590919 -0.136948 -0.145952
FixedParameters: 0 0 0

#Transform 52
Transform: AffineTransform_float_3_3
Parameters: 0.999998 0.00129535 0.00161674 -0.00130065 0.999995 0.0028809 -0.00161226 -0.00288309 0.999994 -0.0593224 -0.124049 -0.126721
FixedParameters: 0 0 0

#Transform 53
Transform: AffineTransform_float_3_3
Parameters: 0.999997 0.00137036 0.00199757 -0.00137664 0.999993 0.00332626 -0.00199343 -0.00332874 0.999993 -0.0595282 -0.117188 -0.145199
FixedParameters: 0 0 0

#Transform 54
Transform: AffineTransform_float_3_3
Parameters: 0.999997 0.00134734 0.00177131 -0.00135265 0.999994 0.00319461 -0.00176669 -0.00319739 0.999994 -0.0473141 -0.119839 -0.150626
FixedParameters: 0 0 0

#Transform 55
Transform: AffineTransform_float_3_3
Parameters: 0.999997 0.00134371 0.0017012 -0.0013483 0.999994 0.00311571 -0.00169681 -0.00311729 0.999993 -0.0492213 -0.150935 -0.146858
FixedParameters: 0 0 0

#Transform 56
Transform: AffineTransform_float_3_3
Parameters: 0.999997 0.00144408 0.00160444 -0.00144892 0.999994 0.00306968 -0.00159956 -0.00307132 0.999994 -0.0437468 -0.153841 -0.135367
FixedParameters: 0 0 0

#Transform 57
Transform: AffineTransform_float_3_3
Parameters: 0.999997 0.00134456 0.00199735 -0.00135145 0.999994 0.00322831 -0.00199365 -0.00323069 0.999993 -0.0520828 -0.105473 -0.123627
FixedParameters: 0 0 0

#Transform 58
Transform: AffineTransform_float_3_3
Parameters: 0.999997 0.00139462 0.0016755 -0.00139938 0.999994 0.00321566 -0.00167051 -0.00321834 0.999994 -0.0616452 -0.134497 -0.131273
FixedParameters: 0 0 0

#Transform 59
Transform: AffineTransform_float_3_3
Parameters: 0.999997 0.00150264 0.00158011 -0.00150736 0.999993 0.00339563 -0.00157489 -0.00339837 0.999993 -0.062286 -0.139983 -0.149204
FixedParameters: 0 0 0

#Transform 60
Transform: AffineTransform_float_3_3
Parameters: 0.999998 0.001437 0.00180081 -0.001443 0.999994 0.00333641 -0.00179619 -0.00333959 0.999993 -0.0683396 -0.100766 -0.148818
FixedParameters: 0 0 0

#Transform 61
Transform: AffineTransform_float_3_3
Parameters: 0.999997 0.00137053 0.00199745 -0.00137647 0.999994 0.00324126 -0.00199355 -0.00324374 0.999993 -0.0693434 -0.0908136 -0.154946
FixedParameters: 0 0 0

#Transform 62
Transform: AffineTransform_float_3_3
Parameters: 0.999997 0.00158105 0.00199852 -0.00158795 0.999992 0.00347984 -0.00199348 -0.00348316 0.999992 -0.0787949 -0.125401 -0.155444
FixedParameters: 0 0 0

#Transform 63
Transform: AffineTransform_float_3_3
Parameters: 0.999997 0.00150024 0.00160939 -0.00150576 0.999993 0.00358159 -0.00160461 -0.00358442 0.999993 -0.0737489 -0.110521 -0.169769
FixedParameters: 0 0 0

#Transform 64
Transform: AffineTransform_float_3_3
Parameters: 0.999997 0.00135185 0.00178667 -0.00135715 0.999993 0.00344659 -0.00178233 -0.00344842 0.999993 -0.0795273 -0.084232 -0.156547
FixedParameters: 0 0 0

#Transform 65
Transform: AffineTransform_float_3_3
Parameters: 0.999997 0.00148712 0.00193331 -0.00149388 0.999992 0.00356312 -0.00192769 -0.00356587 0.999992 -0.0852073 -0.0971536 -0.161356
FixedParameters: 0 0 0

#Transform 66
Transform: AffineTransform_float_3_3
Parameters: 0.999997 0.001473 0.00199818 -0.00147999 0.999993 0.00350405 -0.00199282 -0.00350694 0.999992 -0.0771409 -0.118587 -0.15009
FixedParameters: 0 0 0

#Transform 67
Transform: AffineTransform_float_3_3
Parameters: 0.999998 0.00135136 0.00189675 -0.00135764 0.999993 0.00350243 -0.00189226 -0.00350457 0.999992 -0.0806567 -0.0928098 -0.150265
FixedParameters: 0 0 0

#Transform 68
Transform: AffineTransform_float_3_3
Parameters: 0.999998 0.00135315 0.00148842 -0.00135785 0.999994 0.00326098 -0.00148358 -0.00326301 0.999993 -0.0723053 -0.0497787 -0.150736
FixedParameters: 0 0 0

#Transform 69
Transform: AffineTransform_float_3_3
Parameters: 0.999998 0.00115103 0.00156367 -0.00115597 0.999995 0.0031782 -0.00156033 -0.0031808 0.999993 -0.0744913 -0.131648 -0.154646
FixedParameters: 0 0 0

#Transform 70
Transform: AffineTransform_float_3_3
Parameters: 0.999999 0.000741438 0.00121119 -0.000745562 0.999996 0.0029431 -0.00120881 -0.0029439 0.999995 -0.057429 -0.136451 -0.145569
FixedParameters: 0 0 0

#Transform 71
Transform: AffineTransform_float_3_3
Parameters: 0.999999 0.0013535 0.00126783 -0.0013575 0.999992 0.00355828 -0.00126218 -0.00356071 0.999993 -0.074523 -0.0924446 -0.131309
FixedParameters: 0 0 0

#Transform 72
Transform: AffineTransform_float_3_3
Parameters: 0.999999 0.0013535 0.00127878 -0.0013575 0.999993 0.00352727 -0.00127422 -0.00352873 0.999993 -0.0775735 -0.0810563 -0.12588
FixedParameters: 0 0 0

#Transform 73
Transform: AffineTransform_float_3_3
Parameters: 0.999998 0.00135376 0.00152178 -0.00135724 0.999995 0.00278894 -0.00151822 -0.00279006 0.999995 -0.0808937 -0.0989818 -0.128137
FixedParameters: 0 0 0

#Transform 74
Transform: AffineTransform_float_3_3
Parameters: 0.999998 0.00135327 0.00146937 -0.00135773 0.999994 0.00322301 -0.00146463 -0.00322499 0.999993 -0.0920494 -0.0819124 -0.137855
FixedParameters: 0 0 0

#Transform 75
Transform: AffineTransform_float_3_3
Parameters: 0.999997 0.00135145 0.00199246 -0.00135755 0.999993 0.0032893 -0.00198754 -0.00329169 0.999992 -0.092721 -0.0646411 -0.138517
FixedParameters: 0 0 0

#Transform 76
Transform: AffineTransform_float_3_3
Parameters: 0.999997 0.00154923 0.00184387 -0.00155477 0.999994 0.00313314 -0.00183914 -0.00313586 0.999994 -0.0898388 -0.0665265 -0.143811
FixedParameters: 0 0 0

#Transform 77
Transform: AffineTransform_float_3_3
Parameters: 0.999998 0.00135268 0.0019008 -0.00135732 0.999995 0.00280143 -0.0018972 -0.00280358 0.999995 -0.0947894 -0.0793305 -0.141203
FixedParameters: 0 0 0

#Transform 78
Transform: AffineTransform_float_3_3
Parameters: 0.999997 0.00147817 0.00192948 -0.00148383 0.999995 0.00302415 -0.00192552 -0.00302686 0.999994 -0.100276 -0.0682269 -0.129429
FixedParameters: 0 0 0

#Transform 79
Transform: AffineTransform_float_3_3
Parameters: 0.999997 0.00135272 0.00196165 -0.00135727 0.999996 0.00269035 -0.00195735 -0.00269366 0.999995 -0.102855 -0.0381286 -0.14357
FixedParameters: 0 0 0

#Transform 80
Transform: AffineTransform_float_3_3
Parameters: 0.999998 0.0013526 0.00190086 -0.00135741 0.999995 0.00284543 -0.00189714 -0.00284757 0.999994 -0.09157 -0.0968874 -0.142151
FixedParameters: 0 0 0

#Transform 81
Transform: AffineTransform_float_3_3
Parameters: 0.999998 0.00135319 0.00179164 -0.00135781 0.999995 0.00268557 -0.00178836 -0.00268842 0.999995 -0.094506 -0.0688498 -0.138042
FixedParameters: 0 0 0

#Transform 82
Transform: AffineTransform_float_3_3
Parameters: 0.999998 0.00135153 0.00181484 -0.00135747 0.999992 0.00356754 -0.00181017 -0.00356945 0.999992 -0.0947827 -0.051181 -0.160667
FixedParameters: 0 0 0

#Transform 83
Transform: AffineTransform_float_3_3
Parameters: 0.999998 0.00135187 0.00190237 -0.00135713 0.999994 0.00322643 -0.00189763 -0.00322857 0.999993 -0.100899 -0.0689551 -0.154957
FixedParameters: 0 0 0

#Transform 84
Transform: AffineTransform_float_3_3
Parameters: 0.999998 0.00135198 0.00185441 -0.00135802 0.999994 0.00324949 -0.0018496 -0.00325151 0.999993 -0.0982502 -0.0694142 -0.141469
FixedParameters: 0 0 0

#Transform 85
Transform: AffineTransform_float_3_3
Parameters: 0.999998 0.00135215 0.00182236 -0.00135786 0.999994 0.00321453 -0.00181864 -0.00321747 0.999993 -0.0949223 -0.070912 -0.134868
FixedParameters: 0 0 0

#Transform 86
Transform: AffineTransform_float_3_3
Parameters: 0.999998 0.00135422 0.00161218 -0.00135778 0.999997 0.00234582 -0.00160982 -0.00234819 0.999996 -0.0976982 -0.0466834 -0.136656
FixedParameters: 0 0 0

#Transform 87
Transform: AffineTransform_float_3_3
Parameters: 0.999998 0.00135234 0.00190004 -0.00135766 0.999994 0.00297843 -0.00189596 -0.00298157 0.999994 -0.0973669 -0.0532352 -0.140049
FixedParameters: 0 0 0

#Transform 88
Transform: AffineTransform_float_3_3
Parameters: 0.999998 0.00135242 0.00186705 -0.00135758 0.999994 0.00299047 -0.00186295 -0.00299353 0.999994 -0.0932897 -0.068765 -0.146209
FixedParameters: 0 0 0

#Transform 89
Transform: AffineTransform_float_3_3
Parameters: 0.999997 0.00157447 0.00189262 -0.00158054 0.999995 0.00292602 -0.00188838 -0.00292898 0.999994 -0.0958909 -0.0690851 -0.145607
FixedParameters: 0 0 0

#Transform 90
Transform: AffineTransform_float_3_3
Parameters: 0.999998 0.00153617 0.0017722 -0.00154083 0.999995 0.00272728 -0.0017678 -0.00272972 0.999994 -0.0910013 -0.0530747 -0.138388
FixedParameters: 0 0 0

#Transform 91
Transform: AffineTransform_float_3_3
Parameters: 0.999997 0.00135336 0.00197619 -0.00135765 0.999997 0.00235133 -0.00197281 -0.00235368 0.999996 -0.0888134 -0.0521348 -0.140831
FixedParameters: 0 0 0

#Transform 92
Transform: AffineTransform_float_3_3
Parameters: 0.999997 0.00135151 0.0020483 -0.00135749 0.999994 0.00317223 -0.0020437 -0.00317477 0.999993 -0.097143 -0.0777362 -0.156065
FixedParameters: 0 0 0

#Transform 93
Transform: AffineTransform_float_3_3
Parameters: 0.999996 0.00135194 0.00218576 -0.00135806 0.999995 0.00277304 -0.00218124 -0.00277596 0.999994 -0.0925576 -0.0569591 -0.146749
FixedParameters: 0 0 0

#Transform 94
Transform: AffineTransform_float_3_3
Parameters: 0.999997 0.00135178 0.00211998 -0.00135722 0.999995 0.00293613 -0.00211602 -0.00293887 0.999994 -0.0931829 -0.0266101 -0.164465
FixedParameters: 0 0 0

#Transform 95
Transform: AffineTransform_float_3_3
Parameters: 0.999997 0.00135128 0.00208936 -0.00135772 0.999994 0.00321717 -0.00208564 -0.00321983 0.999992 -0.0986016 -0.0603059 -0.166795
FixedParameters: 0 0 0

#Transform 96
Transform: AffineTransform_float_3_3
Parameters: 0.999997 0.00170876 0.00188876 -0.00171424 0.999994 0.00277777 -0.00188424 -0.00278023 0.999995 -0.0882573 -0.0540822 -0.163075
FixedParameters: 0 0 0

#Transform 97
Transform: AffineTransform_float_3_3
Parameters: 0.999997 0.00162163 0.0021281 -0.00162636 0.999995 0.00252155 -0.0021239 -0.00252545 0.999994 -0.0914537 -0.0300241 -0.160952
FixedParameters: 0 0 0

#Transform 98
Transform: AffineTransform_float_3_3
Parameters: 0.999997 0.00141599 0.00199129 -0.00142201 0.999995 0.00301918 -0.00198671 -0.00302182 0.999994 -0.0998054 -0.0607153 -0.162795
FixedParameters: 0 0 0

#Transform 99
Transform: AffineTransform_float_3_3
Parameters: 0.999996 0.00154165 0.00232988 -0.00154834 0.999994 0.00315341 -0.00232513 -0.0031576 0.999993 -0.0970812 -0.0856093 -0.15162
FixedParameters: 0 0 0

#Transform 100
Transform: AffineTransform_float_3_3
Parameters: 0.999997 0.0016431 0.00191607 -0.0016489 0.999994 0.00307985 -0.00191093 -0.00308215 0.999994 -0.0824507 -0.0661762 -0.146527
FixedParameters: 0 0 0

#Transform 101
Transform: AffineTransform_float_3_3
Parameters: 0.999997 0.001532 0.00216027 -0.001538 0.999995 0.00277669 -0.00215574 -0.00278031 0.999994 -0.10392 -0.0489419 -0.137678
FixedParameters: 0 0 0

#Transform 102
Transform: AffineTransform_float_3_3
Parameters: 0.999997 0.00149563 0.00203747 -0.00149837 0.999997 0.00165195 -0.00203552 -0.00165505 0.999996 -0.0926774 -0.0547515 -0.163348
FixedParameters: 0 0 0

#Transform 103
Transform: AffineTransform_float_3_3
Parameters: 0.999996 0.00151665 0.00229754 -0.00152136 0.999996 0.00233151 -0.00229446 -0.00233449 0.999994 -0.0935584 -0.0826382 -0.159358
FixedParameters: 0 0 0

#Transform 104
Transform: AffineTransform_float_3_3
Parameters: 0.999997 0.00135222 0.00211271 -0.00135778 0.999996 0.00273614 -0.00210929 -0.00273886 0.999994 -0.092439 -0.0445329 -0.146743
FixedParameters: 0 0 0

#Transform 105
Transform: AffineTransform_float_3_3
Parameters: 0.999997 0.00135067 0.00225641 -0.00135733 0.999994 0.00324995 -0.0022516 -0.00325305 0.999992 -0.090388 -0.0530781 -0.163983
FixedParameters: 0 0 0

#Transform 106
Transform: AffineTransform_float_3_3
Parameters: 0.999997 0.00148678 0.00202632 -0.00149422 0.999992 0.00356698 -0.00202168 -0.00357001 0.999991 -0.0905251 -0.0709661 -0.167025
FixedParameters: 0 0 0

#Transform 107
Transform: AffineTransform_float_3_3
Parameters: 0.999997 0.00135247 0.00207761 -0.00135752 0.999995 0.00266019 -0.00207339 -0.00266281 0.999995 -0.0949508 -0.0287435 -0.162092
FixedParameters: 0 0 0

#Transform 108
Transform: AffineTransform_float_3_3
Parameters: 0.999997 0.00145167 0.00192603 -0.00145733 0.999995 0.0027692 -0.00192197 -0.0027718 0.999995 -0.0931274 -0.050685 -0.170483
FixedParameters: 0 0 0

#Transform 109
Transform: AffineTransform_float_3_3
Parameters: 0.999998 0.00135224 0.00190111 -0.00135777 0.999994 0.00303442 -0.00189789 -0.00303657 0.999993 -0.0964264 -0.0766857 -0.165274
FixedParameters: 0 0 0

#Transform 110
Transform: AffineTransform_float_3_3
Parameters: 0.999997 0.00135115 0.00228906 -0.00135785 0.999994 0.0029949 -0.00228494 -0.0029981 0.999993 -0.0934342 -0.0616465 -0.162228
FixedParameters: 0 0 0

#Transform 111
Transform: AffineTransform_float_3_3
Parameters: 0.999997 0.00135306 0.0023109 -0.00135794 0.999997 0.00213787 -0.0023081 -0.00214013 0.999995 -0.0913061 -0.0323481 -0.168526
FixedParameters: 0 0 0

#Transform 112
Transform: AffineTransform_float_3_3
Parameters: 0.999997 0.00163436 0.00193877 -0.00163964 0.999995 0.00291283 -0.00193423 -0.00291517 0.999994 -0.0920328 -0.0575525 -0.164337
FixedParameters: 0 0 0

#Transform 113
Transform: AffineTransform_float_3_3
Parameters: 0.999996 0.00135009 0.00220785 -0.00135791 0.999992 0.00358401 -0.00220314 -0.00358699 0.999991 -0.0992292 -0.063904 -0.169905
FixedParameters: 0 0 0

#Transform 114
Transform: AffineTransform_float_3_3
Parameters: 0.999997 0.00163708 0.00217048 -0.00164292 0.999995 0.00272744 -0.00216653 -0.00273056 0.999994 -0.101349 -0.0264439 -0.162856
FixedParameters: 0 0 0

#Transform 115
Transform: AffineTransform_float_3_3
Parameters: 0.999997 0.00135304 0.00166005 -0.00135795 0.999994 0.00298675 -0.00165595 -0.00298925 0.999994 -0.0980017 -0.0449088 -0.16501
FixedParameters: 0 0 0

#Transform 116
Transform: AffineTransform_float_3_3
Parameters: 0.999996 0.00135015 0.00255217 -0.00135785 0.999995 0.00307755 -0.00254783 -0.00308145 0.999992 -0.105829 -0.0505509 -0.171567
FixedParameters: 0 0 0

#Transform 117
Transform: AffineTransform_float_3_3
Parameters: 0.999996 0.00135329 0.00217394 -0.00135771 0.999996 0.00216606 -0.00217106 -0.00216895 0.999996 -0.100142 -0.0506795 -0.176754
FixedParameters: 0 0 0

#Transform 118
Transform: AffineTransform_float_3_3
Parameters: 0.999997 0.00135084 0.00234514 -0.00135716 0.999995 0.00305383 -0.00234087 -0.00305617 0.999992 -0.104557 -0.0496559 -0.171384
FixedParameters: 0 0 0

#Transform 119
Transform: AffineTransform_float_3_3
Parameters: 0.999996 0.00164428 0.00204262 -0.00165072 0.999994 0.00280264 -0.00203838 -0.00280636 0.999994 -0.100388 -0.0220981 -0.18219
FixedParameters: 0 0 0

#Transform 120
Transform: AffineTransform_float_3_3
Parameters: 0.999997 0.0014745 0.00220237 -0.0014815 0.999994 0.00295275 -0.00219863 -0.00295625 0.999993 -0.101881 -0.0458403 -0.181362
FixedParameters: 0 0 0

#Transform 121
Transform: AffineTransform_float_3_3
Parameters: 0.999996 0.00158455 0.00205544 -0.00158945 0.999996 0.00216574 -0.00205156 -0.00216926 0.999995 -0.109181 -0.0274153 -0.176715
FixedParameters: 0 0 0

#Transform 122
Transform: AffineTransform_float_3_3
Parameters: 0.999996 0.00160459 0.00204925 -0.00160941 0.999995 0.00264171 -0.00204575 -0.00264429 0.999995 -0.106282 -0.0257053 -0.180877
FixedParameters: 0 0 0

#Transform 123
Transform: AffineTransform_float_3_3
Parameters: 0.999996 0.00157347 0.00210614 -0.00157953 0.999996 0.00262768 -0.00210285 -0.00263032 0.999995 -0.108485 -0.0314422 -0.180769
FixedParameters: 0 0 0

#Transform 124
Transform: AffineTransform_float_3_3
Parameters: 0.999996 0.00152002 0.0023013 -0.00152498 0.999997 0.0021655 -0.0022977 -0.0021685 0.999995 -0.105088 -0.0126164 -0.19505
FixedParameters: 0 0 0

#Transform 125
Transform: AffineTransform_float_3_3
Parameters: 0.999996 0.00155311 0.00265304 -0.00155989 0.999996 0.00259588 -0.00264896 -0.00260013 0.999993 -0.112175 -0.0376398 -0.180358
FixedParameters: 0 0 0

#Transform 126
Transform: AffineTransform_float_3_3
Parameters: 0.999995 0.00135114 0.00260956 -0.00135786 0.999995 0.00262947 -0.00260644 -0.00263253 0.999993 -0.119177 -0.0451225 -0.162864
FixedParameters: 0 0 0

#Transform 127
Transform: AffineTransform_float_3_3
Parameters: 0.999996 0.00110077 0.00251823 -0.00109923 0.999999 -0.000703771 -0.00251877 0.00070123 0.999996 -0.148611 0.0812682 -0.193039
FixedParameters: 0 0 0

#Transform 128
Transform: AffineTransform_float_3_3
Parameters: 0.999996 0.000796523 0.00267444 -0.000797476 0.999999 0.000550869 -0.00267456 -0.000553132 0.999997 -0.116101 -0.160181 -0.191455
FixedParameters: 0 0 0

#Transform 129
Transform: AffineTransform_float_3_3
Parameters: 0.999998 0.000923895 0.00128479 -0.000925105 0.999999 0.000859813 -0.0012842 -0.000861188 0.999999 -0.0715355 -0.0967802 -0.223785
FixedParameters: 0 0 0

#Transform 130
Transform: AffineTransform_float_3_3
Parameters: 0.999999 0.00087964 0.0016043 -0.000882362 0.999998 0.00147159 -0.0016037 -0.00147241 0.999997 -0.0789815 -0.149686 -0.286958
FixedParameters: 0 0 0

#Transform 131
Transform: AffineTransform_float_3_3
Parameters: 1 0.000527939 0.000852658 -0.000529062 0.999999 0.00124455 -0.000852342 -0.00124545 0.999999 -0.0364996 0.0385507 -0.241374
FixedParameters: 0 0 0

#Transform 132
Transform: AffineTransform_float_3_3
Parameters: 1 0.000629705 0.0010148 -0.000631294 0.999999 0.00127536 -0.0010142 -0.00127664 0.999998 -0.0463033 0.0292259 -0.184978
FixedParameters: 0 0 0

#Transform 133
Transform: AffineTransform_float_3_3
Parameters: 0.999999 0.000526455 0.00129404 -0.000529545 0.999998 0.00196732 -0.00129296 -0.00196768 0.999997 -0.0461592 -0.0157255 -0.190741
FixedParameters: 0 0 0

#Transform 134
Transform: AffineTransform_float_3_3
Parameters: 0.999998 0.000944536 0.00171891 -0.000948466 0.999998 0.00201638 -0.00171709 -0.00201763 0.999997 -0.0458801 -0.0207836 -0.210744
FixedParameters: 0 0 0

#Transform 135
Transform: AffineTransform_float_3_3
Parameters: 0.999999 0.00101478 0.00155145 -0.00101722 0.999999 0.00142842 -0.00154955 -0.00143058 0.999998 -0.0315365 -0.00516662 -0.209302
FixedParameters: 0 0 0

#Transform 136
Transform: AffineTransform_float_3_3
Parameters: 0.999999 0.000801621 0.00166115 -0.000804378 0.999998 0.00143167 -0.00165985 -0.00143333 0.999997 -0.0339451 0.0525548 -0.210502
FixedParameters: 0 0 0

#Transform 137
Transform: AffineTransform_float_3_3
Parameters: 0.999998 0.00098072 0.00184621 -0.000982279 0.999999 0.00123419 -0.00184479 -0.00123581 0.999997 -0.0385239 -0.00444818 -0.203324
FixedParameters: 0 0 0

#Transform 138
Transform: AffineTransform_float_3_3
Parameters: 0.999997 0.000923802 0.00231868 -0.000928198 0.999998 0.00180985 -0.00231732 -0.00181215 0.999995 -0.04426 -0.0378576 -0.205941
FixedParameters: 0 0 0

#Transform 139
Transform: AffineTransform_float_3_3
Parameters: 0.999997 0.000967974 0.00196599 -0.000972026 0.999998 0.00204809 -0.00196401 -0.00204991 0.999996 -0.0413304 -0.0233991 -0.191461
FixedParameters: 0 0 0

#Transform 140
Transform: AffineTransform_float_3_3
Parameters: 0.999998 0.00105526 0.00172706 -0.00105674 0.999999 0.00100518 -0.00172594 -0.00100782 0.999998 -0.0347041 -0.0158597 -0.20477
FixedParameters: 0 0 0

#Transform 141
Transform: AffineTransform_float_3_3
Parameters: 0.999997 0.000976076 0.00232665 -0.000979924 0.999998 0.00168573 -0.00232535 -0.00168828 0.999996 -0.0424314 -0.0225734 -0.188413
FixedParameters: 0 0 0

#Transform 142
Transform: AffineTransform_float_3_3
Parameters: 0.999997 0.00103532 0.00221773 -0.00103869 0.999998 0.0016617 -0.00221628 -0.0016633 0.999996 -0.0436212 0.00813671 -0.190517
FixedParameters: 0 0 0

#Transform 143
Transform: AffineTransform_float_3_3
Parameters: 0.999998 0.0012658 0.00149601 -0.0012672 0.999999 0.000799105 -0.00149499 -0.000800893 0.999998 -0.0354473 0.0104516 -0.207934
FixedParameters: 0 0 0

#Transform 144
Transform: AffineTransform_float_3_3
Parameters: 0.999998 0.00145185 0.00152605 -0.00145415 0.999998 0.00140978 -0.00152395 -0.00141222 0.999998 -0.0387243 -0.0525027 -0.220893
FixedParameters: 0 0 0

#Transform 145
Transform: AffineTransform_float_3_3
Parameters: 0.999998 0.00144112 0.0018105 -0.00144288 0.999999 0.00103639 -0.0018085 -0.00103861 0.999998 -0.0471195 -0.0506179 -0.201197
FixedParameters: 0 0 0

#Transform 146
Transform: AffineTransform_float_3_3
Parameters: 0.999998 0.00129964 0.00157413 -0.00130136 0.999999 0.000863953 -0.00157288 -0.000866046 0.999999 -0.0439135 0.00237747 -0.178716
FixedParameters: 0 0 0

#Transform 147
Transform: AffineTransform_float_3_3
Parameters: 0.999999 0.00112438 0.00146125 -0.00112562 0.999999 0.00110736 -0.00145975 -0.00110864 0.999999 -0.0485778 -0.032059 -0.174644
FixedParameters: 0 0 0

#Transform 148
Transform: AffineTransform_float_3_3
Parameters: 0.999999 0.00112432 0.00142633 -0.00112568 0.999998 0.0011774 -0.00142468 -0.0011786 0.999999 -0.0508701 -0.0463952 -0.175171
FixedParameters: 0 0 0

#Transform 149
Transform: AffineTransform_float_3_3
Parameters: 0.999998 0.0013598 0.00133023 -0.0013612 0.999998 0.00090019 -0.00132877 -0.000901808 0.999998 -0.0530178 -0.00387716 -0.172909
FixedParameters: 0 0 0

#Transform 150
Transform: AffineTransform_float_3_3
Parameters: 0.999998 0.00144049 0.00150644 -0.0014415 0.999998 0.00099883 -0.00150456 -0.00100117 0.999999 -0.0553354 -0.0275802 -0.173593
FixedParameters: 0 0 0

#Transform 151
Transform: AffineTransform_float_3_3
Parameters: 0.999997 0.00141398 0.00192223 -0.00141703 0.999998 0.00157328 -0.00192077 -0.00157572 0.999997 -0.065912 -0.0429294 -0.174329
FixedParameters: 0 0 0

#Transform 152
Transform: AffineTransform_float_3_3
Parameters: 0.999998 0.00127714 0.00158351 -0.00127886 0.999999 0.00117698 -0.00158149 -0.00117902 0.999998 -0.0612989 -0.0139354 -0.188848
FixedParameters: 0 0 0

#Transform 153
Transform: AffineTransform_float_3_3
Parameters: 0.999998 0.00138967 0.00134138 -0.00139033 0.999998 0.000990136 -0.00133962 -0.000991863 0.999998 -0.0575551 -0.00465712 -0.173568
FixedParameters: 0 0 0

#Transform 154
Transform: AffineTransform_float_3_3
Parameters: 0.999998 0.00141123 0.00139679 -0.00141277 0.999998 0.00126803 -0.00139521 -0.00126997 0.999998 -0.0662372 -0.0232642 -0.187899
FixedParameters: 0 0 0

#Transform 155
Transform: AffineTransform_float_3_3
Parameters: 0.999997 0.00157046 0.00147165 -0.00157254 0.999998 0.00104869 -0.00146935 -0.00105031 0.999999 -0.0716833 -0.0176668 -0.184155
FixedParameters: 0 0 0

#Transform 156
Transform: AffineTransform_float_3_3
Parameters: 0.999998 0.00165139 0.00114133 -0.0016526 0.999997 0.00140712 -0.00113867 -0.00140888 0.999999 -0.0669167 -0.0170872 -0.185387
FixedParameters: 0 0 0

#Transform 157
Transform: AffineTransform_float_3_3
Parameters: 0.999999 0.00112372 0.00145176 -0.00112528 0.999998 0.00156737 -0.00145024 -0.00156963 0.999997 -0.0514938 -0.0281903 -0.238626
FixedParameters: 0 0 0

#Transform 158
Transform: AffineTransform_float_3_3
Parameters: 0.999999 0.000821316 0.000374503 -0.000821682 0.999998 0.00182869 -0.000372498 -0.00182831 0.999999 -0.0233854 -0.036751 -0.279552
FixedParameters: 0 0 0

#Transform 159
Transform: AffineTransform_float_3_3
Parameters: 0.999999 0.00112493 0.00054521 -0.00112607 0.999998 0.00196339 -0.00054279 -0.00196361 0.999998 -0.0273141 -0.0705835 -0.281452
FixedParameters: 0 0 0

#Transform 160
Transform: AffineTransform_float_3_3
Parameters: 0.999999 0.00112513 0.00053883 -0.00112588 0.999998 0.00162539 -0.000537171 -0.0016256 0.999998 -0.0310902 -0.0336492 -0.239381
FixedParameters: 0 0 0

#Transform 161
Transform: AffineTransform_float_3_3
Parameters: 0.999999 0.000893668 0.000263128 -0.000894331 0.999999 0.00126177 -0.000261871 -0.00126223 0.999999 -0.00735851 0.125367 -0.209763
FixedParameters: 0 0 0

#Transform 162
Transform: AffineTransform_float_3_3
Parameters: 1 0.000450596 0.000488299 -0.000452402 0.999996 0.00287778 -0.0004867 -0.00287822 0.999995 -0.040892 -0.176183 -0.116332
FixedParameters: 0 0 0

#Transform 163
Transform: AffineTransform_float_3_3
Parameters: 0.999999 0.00124814 0.000962713 -0.00125085 0.999995 0.0029708 -0.000958287 -0.0029722 0.999995 -0.0727738 -0.271345 -0.114146
FixedParameters: 0 0 0

#Transform 164
Transform: AffineTransform_float_3_3
Parameters: 0.999999 0.00110726 0.000829986 -0.00110774 0.999999 0.000889082 -0.000829015 -0.000889919 1 -0.061384 -0.047094 -0.112053
FixedParameters: 0 0 0

#Transform 165
Transform: AffineTransform_float_3_3
Parameters: 0.999999 0.00110714 0.000817168 -0.00110786 0.999999 0.0010541 -0.000815832 -0.0010549 0.999999 -0.0485363 -0.0299469 -0.145652
FixedParameters: 0 0 0

#Transform 166
Transform: AffineTransform_float_3_3
Parameters: 0.999999 0.00110775 0.000775365 -0.00110826 1 0.000329141 -0.000774635 -0.000329858 0.999999 -0.0451753 -0.0198945 -0.193019
FixedParameters: 0 0 0

#Transform 167
Transform: AffineTransform_float_3_3
Parameters: 0.999999 0.00118176 0.000908619 -0.00118324 0.999999 0.00136893 -0.00090738 -0.00137007 0.999998 -0.0471589 -0.0249144 -0.24823
FixedParameters: 0 0 0

#Transform 168
Transform: AffineTransform_float_3_3
Parameters: 0.999999 0.0011077 0.000660501 -0.0011083 1 0.000452268 -0.000660499 -0.000452732 0.999999 -0.0479932 0.0779476 -0.250049
FixedParameters: 0 0 0

#Transform 169
Transform: AffineTransform_float_3_3
Parameters: 1 0.000976031 0.000416595 -0.00097497 0.999997 -0.00246541 -0.000419405 0.00246459 0.999997 -0.0716012 0.308236 -0.302096
FixedParameters: 0 0 0

#Transform 170
Transform: AffineTransform_float_3_3
Parameters: 1 0.00108048 -0.000144963 -0.00108152 0.999992 -0.00366685 0.000141035 0.00366715 0.999994 -0.06319 0.42961 -0.287372
FixedParameters: 0 0 0

#Transform 171
Transform: AffineTransform_float_3_3
Parameters: 0.999999 0.000550514 -0.00140956 -0.00053849 0.999966 0.00815576 0.00141344 -0.00815523 0.999965 -0.0430148 0.0320614 0.00512727
FixedParameters: 0 0 0

#Transform 172
Transform: AffineTransform_float_3_3
Parameters: 0.999999 -2.42312e-05 -0.00126925 3.5775e-05 0.999964 0.00848496 0.00126974 -0.00848504 0.999963 -0.046591 -0.061872 0.0481118
FixedParameters: 0 0 0

#Transform 173
Transform: AffineTransform_float_3_3
Parameters: 0.999999 8.0293e-05 -0.00141841 -6.97101e-05 0.999969 0.00796011 0.0014186 -0.0079599 0.999968 -0.0425092 -0.0906166 0.0304375
FixedParameters: 0 0 0

#Transform 174
Transform: AffineTransform_float_3_3
Parameters: 0.999999 -8.6608e-07 -0.00144006 1.31418e-05 0.999965 0.008426 0.00144094 -0.00842602 0.999964 -0.0339376 -0.147321 0.0507069
FixedParameters: 0 0 0

#Transform 175
Transform: AffineTransform_float_3_3
Parameters: 0.999999 -0.000452848 -0.00144387 0.000465154 0.999965 0.00842735 0.00144013 -0.00842767 0.999964 -0.0295064 -0.143697 0.0386103
FixedParameters: 0 0 0

#Transform 176
Transform: AffineTransform_float_3_3
Parameters: 0.999999 -0.000116827 -0.00134592 0.000126175 0.999972 0.00756184 0.00134508 -0.00756116 0.99997 -0.0278194 -0.125697 0.0412094
FixedParameters: 0 0 0

#Transform 177
Transform: AffineTransform_float_3_3
Parameters: 1 -0.000569734 -0.000897012 0.000576267 0.999976 0.00700149 0.000892988 -0.00700152 0.999975 -0.0290707 -0.285373 0.0346238
FixedParameters: 0 0 0

#Transform 178
Transform: AffineTransform_float_3_3
Parameters: 1 -0.000445465 -0.000447537 0.000447537 0.999984 0.0056798 0.000445465 -0.0056802 0.999984 -0.0289308 -0.231292 0.0214514
FixedParameters: 0 0 0

#Transform 179
Transform: AffineTransform_float_3_3
Parameters: 1 -0.000575192 -0.000175666 0.000575804 0.999989 0.0046319 0.000172335 -0.0046321 0.99999 -0.0144673 -0.178425 -0.00361172
FixedParameters: 0 0 0

#Transform 180
Transform: AffineTransform_float_3_3
Parameters: 1 -0.000575716 -5.223e-05 0.000576283 0.999984 0.00560897 4.87684e-05 -0.00560903 0.999985 -0.00976339 -0.193375 -0.00246724
FixedParameters: 0 0 0

#Transform 181
Transform: AffineTransform_float_3_3
Parameters: 1 -0.000656481 -0.000106257 0.000657523 0.999988 0.00495893 0.000103741 -0.00495907 0.999987 -0.0048852 -0.227436 -0.0143791
FixedParameters: 0 0 0

#Transform 182
Transform: AffineTransform_float_3_3
Parameters: 1 -0.000575571 -8.30292e-05 0.000576429 0.999986 0.00526095 7.99685e-05 -0.00526105 0.999986 -0.00462086 -0.240588 -0.0331996
FixedParameters: 0 0 0

#Transform 183
Transform: AffineTransform_float_3_3
Parameters: 1 -0.000576372 8.45016e-05 0.000575631 0.999991 0.00433605 -8.64967e-05 -0.00433595 0.99999 -0.00952512 -0.164909 -0.0339679
FixedParameters: 0 0 0

#Transform 184
Transform: AffineTransform_float_3_3
Parameters: 1 -0.00051141 0.000332843 0.000510589 0.999991 0.00422317 -0.00033516 -0.00422383 0.999991 -0.0155267 -0.19468 -0.0323246
FixedParameters: 0 0 0

#Transform 185
Transform: AffineTransform_float_3_3
Parameters: 1 -0.00057539 -9.95888e-05 0.000575612 0.999981 0.00623394 9.64134e-05 -0.00623406 0.99998 0.000487743 -0.140474 -0.0019332
FixedParameters: 0 0 0

#Transform 186
Transform: AffineTransform_float_3_3
