# transform file /out/sourcedata/freesurfer/sub-v1s23x0050607_ses-1/mri/transforms/cc_up.lta
# created by oesteban on Mon Mar  9 22:05:26 2026

type      = 0 # LINEAR_VOX_TO_VOX
nxforms   = 1
mean      = 128.0000 124.0000 127.0000
sigma     = 10000.0000
1 4 4
9.999697804450989e-01 -7.724683731794357e-03 9.693392785266042e-04 9.743139147758484e-01 
7.724680006504059e-03 9.999702572822571e-01 7.488061783078592e-06 2.101557159423828e+01 
-9.693682077340782e-04 4.547474050965727e-13 9.999995827674866e-01 1.212387561798096e+01 
0.000000000000000e+00 0.000000000000000e+00 0.000000000000000e+00 1.000000000000000e+00 
src volume info
valid = 1  # volume info valid
filename = /out/sourcedata/freesurfer/sub-v1s23x0050607_ses-1/mri/norm.mgz
volume = 256 256 256
voxelsize = 1.000000000000000e+00 1.000000000000000e+00 1.000000000000000e+00
xras   = -1.000000000000000e+00 0.000000000000000e+00 0.000000000000000e+00
yras   = 0.000000000000000e+00 0.000000000000000e+00 -1.000000000000000e+00
zras   = 0.000000000000000e+00 1.000000000000000e+00 0.000000000000000e+00
cras   = 4.019020080566406e+01 -4.850181579589844e+01 2.404521179199219e+01
dst volume info
valid = 1  # volume info valid
filename = /out/sourcedata/freesurfer/sub-v1s23x0050607_ses-1/mri/norm.mgz
volume = 256 256 256
voxelsize = 1.000000000000000e+00 1.000000000000000e+00 1.000000000000000e+00
xras   = -1.000000000000000e+00 0.000000000000000e+00 0.000000000000000e+00
yras   = 0.000000000000000e+00 0.000000000000000e+00 -1.000000000000000e+00
zras   = 0.000000000000000e+00 1.000000000000000e+00 0.000000000000000e+00
cras   = 4.019020080566406e+01 -4.850181579589844e+01 2.404521179199219e+01
