# transform file /out/sourcedata/freesurfer/sub-v1s23x0050562_ses-1/mri/transforms/cc_up.lta
# created by oesteban on Mon Mar  9 18:59:36 2026

type      = 0 # LINEAR_VOX_TO_VOX
nxforms   = 1
mean      = 127.0000 113.0000 122.0000
sigma     = 10000.0000
1 4 4
9.833304286003113e-01 -1.754197031259537e-01 4.784516617655754e-02 1.933670234680176e+01 
1.752124279737473e-01 9.844937324523926e-01 8.525178767740726e-03 1.297935771942139e+01 
-4.859875142574310e-02 0.000000000000000e+00 9.988183975219727e-01 1.909875679016113e+01 
0.000000000000000e+00 0.000000000000000e+00 0.000000000000000e+00 1.000000000000000e+00 
src volume info
valid = 1  # volume info valid
filename = /out/sourcedata/freesurfer/sub-v1s23x0050562_ses-1/mri/norm.mgz
volume = 256 256 256
voxelsize = 1.000000000000000e+00 1.000000000000000e+00 1.000000000000000e+00
xras   = -1.000000000000000e+00 0.000000000000000e+00 0.000000000000000e+00
yras   = 0.000000000000000e+00 0.000000000000000e+00 -1.000000000000000e+00
zras   = 0.000000000000000e+00 1.000000000000000e+00 0.000000000000000e+00
cras   = 5.112770080566406e+01 -4.631431579589844e+01 4.318583679199219e+01
dst volume info
valid = 1  # volume info valid
filename = /out/sourcedata/freesurfer/sub-v1s23x0050562_ses-1/mri/norm.mgz
volume = 256 256 256
voxelsize = 1.000000000000000e+00 1.000000000000000e+00 1.000000000000000e+00
xras   = -1.000000000000000e+00 0.000000000000000e+00 0.000000000000000e+00
yras   = 0.000000000000000e+00 0.000000000000000e+00 -1.000000000000000e+00
zras   = 0.000000000000000e+00 1.000000000000000e+00 0.000000000000000e+00
cras   = 5.112770080566406e+01 -4.631431579589844e+01 4.318583679199219e+01
