#Insight Transform File V1.0
#Transform 0
Transform: AffineTransform_float_3_3
Parameters: 1 -0.000158967 3.41552e-05 0.000159033 0.999999 -0.000975994 -3.38448e-05 0.000976004 0.999999 0.0145232 -0.0143166 0.363056
FixedParameters: 0 0 0

#Transform 1
Transform: AffineTransform_float_3_3
Parameters: 0.999999 0.000729242 0.00024528 -0.000728758 0.999999 -0.00098718 -0.000245719 0.000986822 1 -0.0294198 0.163527 0.0600912
FixedParameters: 0 0 0

#Transform 2
Transform: AffineTransform_float_3_3
Parameters: 0.999999 0.000846237 0.000197987 -0.000845762 0.999999 -0.00119717 -0.000199012 0.00119683 1 -0.0500932 0.204993 0.0508939
FixedParameters: 0 0 0

#Transform 3
Transform: AffineTransform_float_3_3
Parameters: 1 0.000655279 0.00013566 -0.00065472 0.999997 -0.00204609 -0.00013734 0.00204591 0.999998 -0.0511776 0.27426 0.0355351
FixedParameters: 0 0 0

#Transform 4
Transform: AffineTransform_float_3_3
Parameters: 0.999999 0.000938336 0.000120408 -0.000937661 0.999995 -0.00276311 -0.000123591 0.00276289 0.999996 -0.0637557 0.308783 0.0515923
FixedParameters: 0 0 0

#Transform 5
Transform: AffineTransform_float_3_3
Parameters: 0.999999 0.000834971 0.000348682 -0.000834027 0.999996 -0.00277729 -0.000351318 0.00277771 0.999996 -0.0664414 0.309253 0.0506583
FixedParameters: 0 0 0

#Transform 6
Transform: AffineTransform_float_3_3
Parameters: 1 0.00109247 -0.000181218 -0.00109253 0.999995 -0.0029448 0.000177783 0.0029452 0.999995 -0.0492869 0.339646 0.0501478
FixedParameters: 0 0 0

#Transform 7
Transform: AffineTransform_float_3_3
Parameters: 1 0.00113274 -7.40749e-05 -0.00113326 0.999993 -0.00359692 6.99252e-05 0.00359608 0.999993 -0.052705 0.356025 0.0731501
FixedParameters: 0 0 0

#Transform 8
Transform: AffineTransform_float_3_3
Parameters: 1 0.00121663 -0.000100608 -0.00121737 0.999992 -0.00378688 9.63904e-05 0.00378712 0.999993 -0.0501995 0.364008 0.0916046
FixedParameters: 0 0 0

#Transform 9
Transform: AffineTransform_float_3_3
Parameters: 0.999999 0.0010045 -0.000160182 -0.0010055 0.999994 -0.00316684 0.000156816 0.00316716 0.999995 -0.0517426 0.336431 0.0585122
FixedParameters: 0 0 0

#Transform 10
Transform: AffineTransform_float_3_3
Parameters: 1 0.00114215 4.09365e-05 -0.00114185 0.999993 -0.00355805 -4.5063e-05 0.00355795 0.999993 -0.0569418 0.350722 0.0677268
FixedParameters: 0 0 0

#Transform 11
Transform: AffineTransform_float_3_3
Parameters: 1 0.0011414 -0.000150653 -0.0011416 0.999991 -0.00407583 0.000145348 0.00407617 0.999991 -0.0495988 0.389517 0.048763
FixedParameters: 0 0 0

#Transform 12
Transform: AffineTransform_float_3_3
Parameters: 0.999999 0.0013159 -0.000278235 -0.0013171 0.999991 -0.00397664 0.000273764 0.00397736 0.999992 -0.052431 0.385063 0.0554939
FixedParameters: 0 0 0

#Transform 13
Transform: AffineTransform_float_3_3
Parameters: 0.999999 0.00123567 -0.000354671 -0.00123733 0.999992 -0.00377756 0.000350328 0.00377844 0.999993 -0.0501184 0.371566 0.0574643
FixedParameters: 0 0 0

#Transform 14
Transform: AffineTransform_float_3_3
Parameters: 0.999999 0.00131782 -4.47276e-05 -0.00131818 0.999989 -0.00434594 3.92715e-05 0.00434605 0.99999 -0.0615862 0.395013 0.0650818
FixedParameters: 0 0 0

#Transform 15
Transform: AffineTransform_float_3_3
Parameters: 0.999999 0.00120677 -0.000500858 -0.00121023 0.999978 -0.0065024 0.00049214 0.0065036 0.999978 -0.0476174 0.469153 0.061107
FixedParameters: 0 0 0

#Transform 16
Transform: AffineTransform_float_3_3
Parameters: 0.999998 0.00160809 5.63392e-06 -0.00160791 0.999969 -0.00769002 -1.83653e-05 0.00768998 0.999971 -0.0532826 0.523341 0.121002
FixedParameters: 0 0 0

#Transform 17
Transform: AffineTransform_float_3_3
Parameters: 0.999999 0.00153881 -3.4789e-05 -0.00153819 0.999978 -0.00636095 2.5216e-05 0.00636104 0.99998 -0.0522424 0.460091 0.0925862
FixedParameters: 0 0 0

#Transform 18
Transform: AffineTransform_float_3_3
Parameters: 0.999998 0.00159887 -0.000168111 -0.00160013 0.999974 -0.00694674 0.000156889 0.00694626 0.999976 -0.059793 0.505062 0.0654038
FixedParameters: 0 0 0

#Transform 19
Transform: AffineTransform_float_3_3
Parameters: 0.999999 0.00169899 -0.000555425 -0.00170301 0.999972 -0.00730407 0.000542575 0.00730493 0.999973 -0.0352391 0.508378 0.0305523
FixedParameters: 0 0 0

#Transform 20
Transform: AffineTransform_float_3_3
Parameters: 0.999998 0.00162699 -0.000287625 -0.00162901 0.999973 -0.00714055 0.000275376 0.00714046 0.999975 -0.0548217 0.499803 0.067059
FixedParameters: 0 0 0

#Transform 21
Transform: AffineTransform_float_3_3
Parameters: 0.999998 0.00153744 -0.00039023 -0.00154056 0.999976 -0.0066484 0.000379766 0.00664859 0.999978 -0.0421996 0.493286 0.0740069
FixedParameters: 0 0 0

#Transform 22
Transform: AffineTransform_float_3_3
Parameters: 0.999998 0.00168232 -0.000382952 -0.00168568 0.999974 -0.00709837 0.000371042 0.00709964 0.999974 -0.0500699 0.522142 0.0386815
FixedParameters: 0 0 0

#Transform 23
Transform: AffineTransform_float_3_3
Parameters: 0.999999 0.00170774 -0.00044763 -0.00171126 0.999971 -0.00738824 0.000435367 0.00738975 0.999972 -0.0493346 0.540814 0.0479562
FixedParameters: 0 0 0

#Transform 24
Transform: AffineTransform_float_3_3
Parameters: 0.999999 0.00177485 -0.000475914 -0.00177715 0.999976 -0.00670617 0.000464091 0.00670784 0.999978 -0.0447774 0.513395 0.0531519
FixedParameters: 0 0 0

#Transform 25
Transform: AffineTransform_float_3_3
Parameters: 0.999999 0.00169464 -0.000605361 -0.00169936 0.999972 -0.00728399 0.000592637 0.00728502 0.999974 -0.0411339 0.556315 0.0357473
FixedParameters: 0 0 0

#Transform 26
Transform: AffineTransform_float_3_3
Parameters: 0.999998 0.00181447 -0.000625291 -0.00181853 0.999971 -0.00731487 0.000612713 0.00731612 0.999973 -0.0382881 0.542394 0.0616569
FixedParameters: 0 0 0

#Transform 27
Transform: AffineTransform_float_3_3
Parameters: 0.999999 0.0017352 -0.000387753 -0.0017378 0.999971 -0.00734333 0.000375247 0.00734466 0.999973 -0.0488869 0.533972 0.0917821
FixedParameters: 0 0 0

#Transform 28
Transform: AffineTransform_float_3_3
Parameters: 0.999999 0.00180436 -0.000369136 -0.00180764 0.999972 -0.00727434 0.00035586 0.00727465 0.999973 -0.0483339 0.521056 0.0912234
FixedParameters: 0 0 0

#Transform 29
Transform: AffineTransform_float_3_3
Parameters: 0.999998 0.00184509 -0.000369813 -0.00184791 0.999966 -0.00802133 0.000355187 0.00802267 0.999968 -0.0476162 0.561991 0.0952281
FixedParameters: 0 0 0

#Transform 30
Transform: AffineTransform_float_3_3
Parameters: 0.999998 0.00194369 -0.000435045 -0.00194631 0.999968 -0.00773317 0.000419961 0.00773383 0.99997 -0.0433421 0.555995 0.0761142
FixedParameters: 0 0 0

#Transform 31
Transform: AffineTransform_float_3_3
Parameters: 0.999998 0.00182408 -0.000494683 -0.00182792 0.999966 -0.00804011 0.000480318 0.00804089 0.999967 -0.0457809 0.578727 0.102286
FixedParameters: 0 0 0

#Transform 32
Transform: AffineTransform_float_3_3
Parameters: 0.999998 0.00183305 -0.000618874 -0.00183796 0.999966 -0.00810288 0.000604126 0.00810413 0.999967 -0.0382644 0.575631 0.108323
FixedParameters: 0 0 0

#Transform 33
Transform: AffineTransform_float_3_3
Parameters: 0.999999 0.0017848 -0.000542987 -0.0017882 0.999968 -0.00782704 0.000529019 0.00782796 0.999969 -0.042092 0.556741 0.107772
FixedParameters: 0 0 0

#Transform 34
Transform: AffineTransform_float_3_3
Parameters: 0.999998 0.00178852 -0.0009315 -0.00179648 0.999965 -0.00808934 0.000917497 0.00809065 0.999967 -0.0310582 0.59279 0.069204
FixedParameters: 0 0 0

#Transform 35
Transform: AffineTransform_float_3_3
Parameters: 0.999998 0.00177972 -0.000879886 -0.00178628 0.999963 -0.00834644 0.00086512 0.00834755 0.999965 -0.0375419 0.599777 0.068596
FixedParameters: 0 0 0

#Transform 36
Transform: AffineTransform_float_3_3
Parameters: 0.999998 0.00176414 -0.00073719 -0.00176987 0.999966 -0.00802971 0.00072381 0.00803129 0.999967 -0.0348536 0.569981 0.0677635
FixedParameters: 0 0 0

#Transform 37
Transform: AffineTransform_float_3_3
Parameters: 0.999998 0.00181061 -0.000680515 -0.00181639 0.999967 -0.00800378 0.000665482 0.00800522 0.999967 -0.0362017 0.581904 0.0676762
FixedParameters: 0 0 0

#Transform 38
Transform: AffineTransform_float_3_3
Parameters: 0.999997 0.00191409 -0.000932403 -0.00192191 0.999961 -0.00855122 0.000916597 0.00855277 0.999963 -0.0247264 0.60161 0.0819639
FixedParameters: 0 0 0

#Transform 39
Transform: AffineTransform_float_3_3
Parameters: 0.999998 0.00191032 -0.00090341 -0.00191867 0.999962 -0.00857229 0.000886582 0.00857472 0.999963 -0.0329155 0.606487 0.0770584
FixedParameters: 0 0 0

#Transform 40
Transform: AffineTransform_float_3_3
Parameters: 0.999998 0.00184348 -0.000687003 -0.00184852 0.999966 -0.00812575 0.000672 0.00812725 0.999966 -0.0387566 0.579728 0.0859624
FixedParameters: 0 0 0

#Transform 41
Transform: AffineTransform_float_3_3
Parameters: 0.999998 0.00186048 -0.000893822 -0.00186852 0.999962 -0.00848635 0.000878173 0.00848765 0.999963 -0.0271316 0.605377 0.069816
FixedParameters: 0 0 0

#Transform 42
Transform: AffineTransform_float_3_3
Parameters: 0.999998 0.00181778 -0.0010452 -0.00182721 0.999959 -0.00888611 0.0010288 0.00888889 0.99996 -0.0292636 0.642356 0.0393409
FixedParameters: 0 0 0

#Transform 43
Transform: AffineTransform_float_3_3
Parameters: 0.999998 0.00183669 -0.000914881 -0.00184531 0.999957 -0.00916933 0.000898116 0.00917067 0.999957 -0.0446066 0.644106 0.0539323
FixedParameters: 0 0 0

#Transform 44
Transform: AffineTransform_float_3_3
Parameters: 0.999998 0.0018288 -0.000974547 -0.0018372 0.999963 -0.00848123 0.000959451 0.00848277 0.999963 -0.0425485 0.619513 0.0576136
FixedParameters: 0 0 0

#Transform 45
Transform: AffineTransform_float_3_3
Parameters: 0.999998 0.00200103 -0.00118669 -0.00201197 0.999954 -0.00931163 0.00116831 0.00931436 0.999956 -0.0311913 0.655883 0.0490319
FixedParameters: 0 0 0

#Transform 46
Transform: AffineTransform_float_3_3
Parameters: 0.999998 0.00200549 -0.00109842 -0.00201552 0.999952 -0.00965781 0.00107958 0.00966019 0.999953 -0.0344774 0.67546 0.0374932
FixedParameters: 0 0 0

#Transform 47
Transform: AffineTransform_float_3_3
Parameters: 0.999998 0.00198599 -0.00108454 -0.00199602 0.999954 -0.00931086 0.00106646 0.00931214 0.999956 -0.0353582 0.644099 0.0574882
FixedParameters: 0 0 0

#Transform 48
Transform: AffineTransform_float_3_3
Parameters: 0.999998 0.00203373 -0.00115626 -0.00204328 0.999958 -0.00895466 0.00113875 0.00895734 0.999959 -0.0317606 0.633891 0.0382268
FixedParameters: 0 0 0

#Transform 49
Transform: AffineTransform_float_3_3
Parameters: 0.999997 0.00205521 -0.00134476 -0.0020678 0.999952 -0.00958225 0.00132524 0.00958575 0.999953 -0.0241341 0.67301 0.0194905
FixedParameters: 0 0 0

#Transform 50
Transform: AffineTransform_float_3_3
Parameters: 0.999997 0.00202844 -0.00121747 -0.00204056 0.999952 -0.00956955 0.00119753 0.00957146 0.999954 -0.0336259 0.668821 0.0413829
FixedParameters: 0 0 0

#Transform 51
Transform: AffineTransform_float_3_3
Parameters: 0.999998 0.00206375 -0.00103564 -0.00207325 0.999958 -0.00901088 0.00101736 0.00901312 0.999959 -0.035888 0.62775 0.0549353
FixedParameters: 0 0 0

#Transform 52
Transform: AffineTransform_float_3_3
Parameters: 0.999997 0.00207518 -0.00130856 -0.00208783 0.999949 -0.0098753 0.00128844 0.00987771 0.999951 -0.0251861 0.689968 0.0623507
FixedParameters: 0 0 0

#Transform 53
Transform: AffineTransform_float_3_3
Parameters: 0.999998 0.00202515 -0.000915826 -0.00203385 0.99995 -0.00976716 0.000896177 0.00976884 0.999952 -0.0411056 0.685458 0.0485053
FixedParameters: 0 0 0

#Transform 54
Transform: AffineTransform_float_3_3
Parameters: 0.999997 0.00205184 -0.00128525 -0.00206515 0.999944 -0.0103214 0.00126375 0.0103246 0.999946 -0.0311354 0.706271 0.0847152
FixedParameters: 0 0 0

#Transform 55
Transform: AffineTransform_float_3_3
Parameters: 0.999998 0.00184914 -0.00139457 -0.00186285 0.999949 -0.0100014 0.00137544 0.0100036 0.999949 -0.0300448 0.692432 0.0685611
FixedParameters: 0 0 0

#Transform 56
Transform: AffineTransform_float_3_3
Parameters: 0.999997 0.0018919 -0.0013973 -0.00190611 0.999946 -0.0101604 0.0013787 0.0101626 0.999948 -0.0372972 0.725476 0.0279279
FixedParameters: 0 0 0

#Transform 57
Transform: AffineTransform_float_3_3
Parameters: 0.999996 0.00201046 -0.00172861 -0.00202854 0.999946 -0.0102065 0.00170838 0.0102095 0.999947 -0.0254342 0.72494 0.0272578
FixedParameters: 0 0 0

#Transform 58
Transform: AffineTransform_float_3_3
Parameters: 0.999996 0.00215858 -0.00140736 -0.00217241 0.999945 -0.010323 0.00138464 0.010326 0.999945 -0.0303213 0.722362 0.0606312
FixedParameters: 0 0 0

#Transform 59
Transform: AffineTransform_float_3_3
Parameters: 0.999996 0.00223155 -0.00175048 -0.00224845 0.999947 -0.0100331 0.00172752 0.0100369 0.999948 -0.024119 0.70772 0.045556
FixedParameters: 0 0 0

#Transform 60
Transform: AffineTransform_float_3_3
Parameters: 0.999996 0.00229717 -0.00174704 -0.00231583 0.999939 -0.010854 0.00172196 0.010858 0.999939 -0.0289187 0.768873 0.0132106
FixedParameters: 0 0 0

#Transform 61
Transform: AffineTransform_float_3_3
Parameters: 0.999995 0.00230949 -0.00180426 -0.00232852 0.999938 -0.0108878 0.00177975 0.0108922 0.999939 -0.0291261 0.761604 0.0197966
FixedParameters: 0 0 0

#Transform 62
Transform: AffineTransform_float_3_3
Parameters: 0.999995 0.00240439 -0.00233368 -0.00242962 0.999936 -0.0110354 0.00230732 0.0110406 0.999937 -0.0176607 0.772468 0.0499906
FixedParameters: 0 0 0

#Transform 63
Transform: AffineTransform_float_3_3
Parameters: 0.999995 0.00240639 -0.00215169 -0.00242961 0.999936 -0.0110358 0.00212531 0.0110412 0.999937 -0.0252974 0.769899 0.0551859
FixedParameters: 0 0 0

#Transform 64
Transform: AffineTransform_float_3_3
Parameters: 0.999994 0.00270847 -0.00240437 -0.00273653 0.99993 -0.0115215 0.00237262 0.0115285 0.99993 -0.0205079 0.806654 0.0226425
FixedParameters: 0 0 0

#Transform 65
Transform: AffineTransform_float_3_3
Parameters: 0.999994 0.00263177 -0.002511 -0.00266023 0.999928 -0.0117084 0.00248001 0.0117156 0.999929 -0.0226348 0.803121 -0.0027812
FixedParameters: 0 0 0

#Transform 66
Transform: AffineTransform_float_3_3
Parameters: 0.999994 0.00270561 -0.00227159 -0.00273138 0.999933 -0.0112489 0.00224041 0.0112551 0.999934 -0.0162924 0.771678 0.0575719
FixedParameters: 0 0 0

#Transform 67
Transform: AffineTransform_float_3_3
Parameters: 0.999992 0.00277267 -0.00285279 -0.00280434 0.999935 -0.0110391 0.0028222 0.0110469 0.999935 -0.00345733 0.795961 0.0082216
FixedParameters: 0 0 0

#Transform 68
Transform: AffineTransform_float_3_3
Parameters: 0.999993 0.00248347 -0.00284473 -0.00251553 0.999931 -0.0114889 0.00281628 0.0114961 0.99993 -0.0144322 0.806608 -0.0279997
FixedParameters: 0 0 0

#Transform 69
Transform: AffineTransform_float_3_3
Parameters: 0.999993 0.00240013 -0.00268698 -0.00242986 0.999934 -0.0111665 0.00266002 0.0111735 0.999934 -0.00171933 0.787237 0.00769992
FixedParameters: 0 0 0

#Transform 70
Transform: AffineTransform_float_3_3
Parameters: 0.999993 0.00239809 -0.00290266 -0.00242991 0.999936 -0.01104 0.00287634 0.011047 0.999935 0.0073188 0.780742 -0.0200099
FixedParameters: 0 0 0

#Transform 71
Transform: AffineTransform_float_3_3
Parameters: 0.999991 0.00276411 -0.0033929 -0.0028039 0.999927 -0.0118096 0.00336011 0.0118194 0.999925 0.0143555 0.827264 -0.0507568
FixedParameters: 0 0 0

#Transform 72
Transform: AffineTransform_float_3_3
Parameters: 0.999992 0.00263675 -0.00295492 -0.00267125 0.999928 -0.0116462 0.00292408 0.0116538 0.999928 0.00113961 0.827592 -0.0258082
FixedParameters: 0 0 0

#Transform 73
Transform: AffineTransform_float_3_3
Parameters: 0.999992 0.00250392 -0.00307292 -0.00253908 0.999931 -0.0114663 0.00304407 0.0114747 0.999929 0.00520938 0.815805 -0.0274432
FixedParameters: 0 0 0

#Transform 74
Transform: AffineTransform_float_3_3
Parameters: 0.999991 0.00281612 -0.00339518 -0.00285788 0.999919 -0.0123944 0.00335982 0.0124046 0.999918 0.00834756 0.873554 -0.0434648
FixedParameters: 0 0 0

#Transform 75
Transform: AffineTransform_float_3_3
Parameters: 0.999992 0.0023889 -0.00338935 -0.0024291 0.999923 -0.0121759 0.00335966 0.0121841 0.99992 0.000264794 0.864788 0.00123146
FixedParameters: 0 0 0

#Transform 76
Transform: AffineTransform_float_3_3
Parameters: 0.999994 0.00194797 -0.0028089 -0.00198203 0.999924 -0.0121615 0.0027851 0.0121675 0.999922 0.0211912 0.858882 -0.00834913
FixedParameters: 0 0 0

#Transform 77
Transform: AffineTransform_float_3_3
Parameters: 0.999997 0.00139984 -0.00231773 -0.00143216 0.999902 -0.0139327 0.00229827 0.0139363 0.9999 0.018191 0.940917 -0.015599
FixedParameters: 0 0 0

#Transform 78
Transform: AffineTransform_float_3_3
Parameters: 0.999997 0.00140832 -0.00169694 -0.00143168 0.999901 -0.0140366 0.00167707 0.0140394 0.9999 0.000745903 0.931044 -0.0427261
FixedParameters: 0 0 0

#Transform 79
Transform: AffineTransform_float_3_3
Parameters: 0.999997 0.00161627 -0.00220931 -0.00164474 0.999914 -0.0130654 0.00218869 0.0130696 0.999912 0.0023042 0.879085 -0.0386426
FixedParameters: 0 0 0

#Transform 80
Transform: AffineTransform_float_3_3
Parameters: 0.999997 0.00179012 -0.00154749 -0.00181089 0.999906 -0.0135992 0.00152351 0.0136018 0.999907 -0.0210969 0.937514 -0.0303176
FixedParameters: 0 0 0

#Transform 81
Transform: AffineTransform_float_3_3
Parameters: 0.999998 0.00173146 -0.00154744 -0.00175255 0.9999 -0.0140263 0.00152357 0.0140297 0.999901 -0.0251663 0.954454 -0.0524308
FixedParameters: 0 0 0

#Transform 82
Transform: AffineTransform_float_3_3
Parameters: 0.999997 0.00160969 -0.00154444 -0.00163031 0.999911 -0.0132365 0.00152355 0.0132395 0.999911 -0.0275423 0.918664 -0.0647504
FixedParameters: 0 0 0

#Transform 83
Transform: AffineTransform_float_3_3
Parameters: 0.999997 0.00162829 -0.00186695 -0.0016527 0.999917 -0.012771 0.00184504 0.012774 0.999916 -0.030359 0.877597 -0.102644
FixedParameters: 0 0 0

#Transform 84
Transform: AffineTransform_float_3_3
Parameters: 0.999997 0.00183509 -0.00199806 -0.00186192 0.999907 -0.0135533 0.00197294 0.0135567 0.999906 -0.0269231 0.93236 -0.116794
FixedParameters: 0 0 0

#Transform 85
Transform: AffineTransform_float_3_3
Parameters: 0.999996 0.00187053 -0.00183827 -0.00189547 0.999901 -0.0139496 0.00181273 0.0139534 0.999901 -0.0325455 0.946538 -0.120125
FixedParameters: 0 0 0

#Transform 86
Transform: AffineTransform_float_3_3
Parameters: 0.999997 0.00189597 -0.00185494 -0.00192103 0.999906 -0.0135865 0.00182907 0.0135895 0.999906 -0.0314139 0.932091 -0.112778
FixedParameters: 0 0 0

#Transform 87
Transform: AffineTransform_float_3_3
Parameters: 0.999995 0.00198264 -0.00222435 -0.00201336 0.999898 -0.0141866 0.00219565 0.0141914 0.999897 -0.0156916 0.973485 -0.127791
FixedParameters: 0 0 0

#Transform 88
Transform: AffineTransform_float_3_3
Parameters: 0.999994 0.00196601 -0.00258753 -0.00200298 0.999894 -0.0143709 0.00255847 0.0143761 0.999894 -0.0172158 0.972 -0.133656
FixedParameters: 0 0 0

#Transform 89
Transform: AffineTransform_float_3_3
Parameters: 0.999996 0.00189417 -0.00205496 -0.00192283 0.999899 -0.0141201 0.00202805 0.0141239 0.999898 -0.0208194 0.953574 -0.115673
FixedParameters: 0 0 0

#Transform 90
Transform: AffineTransform_float_3_3
Parameters: 0.999996 0.00186691 -0.00205758 -0.00189909 0.999875 -0.0157041 0.00202842 0.0157078 0.999874 -0.0284962 1.00176 -0.113136
FixedParameters: 0 0 0

#Transform 91
Transform: AffineTransform_float_3_3
Parameters: 0.999996 0.00195491 -0.00171751 -0.0019831 0.999861 -0.0165096 0.00168549 0.0165134 0.999862 -0.0328956 1.05947 0.0232699
FixedParameters: 0 0 0

#Transform 92
Transform: AffineTransform_float_3_3
Parameters: 0.999997 0.00186599 -0.0016458 -0.00189101 0.99988 -0.0153279 0.0016172 0.0153311 0.999881 -0.0372213 0.988237 -0.0305585
FixedParameters: 0 0 0

#Transform 93
Transform: AffineTransform_float_3_3
Parameters: 0.999996 0.00193173 -0.00205877 -0.00196428 0.999874 -0.015792 0.00202823 0.015796 0.999873 -0.0290268 1.02154 -0.0979861
FixedParameters: 0 0 0

#Transform 94
Transform: AffineTransform_float_3_3
Parameters: 0.999996 0.00180759 -0.00195157 -0.00183842 0.999867 -0.0162165 0.00192244 0.0162195 0.999866 -0.0346335 1.02666 -0.111961
FixedParameters: 0 0 0

#Transform 95
Transform: AffineTransform_float_3_3
Parameters: 0.999997 0.0019543 -0.00152389 -0.00197868 0.999874 -0.015708 0.0014921 0.015711 0.999876 -0.0423524 1.02147 -0.0900898
FixedParameters: 0 0 0

#Transform 96
Transform: AffineTransform_float_3_3
Parameters: 0.999996 0.00185551 -0.00184808 -0.00188448 0.999869 -0.0160826 0.00181792 0.0160864 0.999869 -0.0366979 1.02597 -0.130546
FixedParameters: 0 0 0

#Transform 97
Transform: AffineTransform_float_3_3
Parameters: 0.999997 0.00172249 -0.0021164 -0.0017585 0.999856 -0.0168923 0.00208659 0.0168967 0.999855 -0.0366176 1.0794 -0.1609
FixedParameters: 0 0 0

#Transform 98
Transform: AffineTransform_float_3_3
Parameters: 0.999996 0.00203518 -0.00194281 -0.00206583 0.99987 -0.0159971 0.00191019 0.016001 0.99987 -0.0342394 1.05636 -0.104952
FixedParameters: 0 0 0

#Transform 99
Transform: AffineTransform_float_3_3
Parameters: 0.999995 0.00201345 -0.00234083 -0.00205056 0.999868 -0.0161523 0.00230818 0.0161567 0.999867 -0.0302054 1.05928 -0.161483
FixedParameters: 0 0 0

#Transform 100
Transform: AffineTransform_float_3_3
Parameters: 0.999994 0.00198152 -0.00307941 -0.00203147 0.999867 -0.0161488 0.00304659 0.0161551 0.999865 -0.00233185 1.07308 -0.1757
FixedParameters: 0 0 0

#Transform 101
Transform: AffineTransform_float_3_3
Parameters: 0.999993 0.00223145 -0.00274581 -0.00227555 0.999864 -0.0163289 0.0027092 0.0163351 0.999863 -0.0108917 1.06795 -0.146507
FixedParameters: 0 0 0

#Transform 102
Transform: AffineTransform_float_3_3
Parameters: 0.999995 0.00185488 -0.00232197 -0.00189312 0.999861 -0.0165257 0.00229102 0.0165293 0.999861 -0.0218631 1.09421 -0.119465
FixedParameters: 0 0 0

#Transform 103
Transform: AffineTransform_float_3_3
Parameters: 0.999996 0.00177229 -0.002146 -0.00180771 0.999858 -0.0167552 0.00211601 0.0167588 0.999858 -0.0274379 1.10888 -0.122487
FixedParameters: 0 0 0

#Transform 104
Transform: AffineTransform_float_3_3
Parameters: 0.999996 0.00171484 -0.0021454 -0.00175116 0.999854 -0.0169653 0.00211659 0.0169697 0.999854 -0.0148277 1.12243 -0.109894
FixedParameters: 0 0 0

#Transform 105
Transform: AffineTransform_float_3_3
Parameters: 0.999996 0.00186948 -0.00214833 -0.00190653 0.999851 -0.017125 0.00211666 0.017129 0.999851 -0.0292153 1.09724 -0.124592
FixedParameters: 0 0 0

#Transform 106
Transform: AffineTransform_float_3_3
Parameters: 0.999996 0.00180352 -0.00225039 -0.00184148 0.99985 -0.0172179 0.00221862 0.0172221 0.999849 -0.0235826 1.10479 -0.125395
FixedParameters: 0 0 0

#Transform 107
Transform: AffineTransform_float_3_3
Parameters: 0.999994 0.00203909 -0.0025614 -0.0020839 0.999842 -0.0176538 0.0025246 0.0176592 0.999841 -0.0216854 1.12147 -0.133643
FixedParameters: 0 0 0

#Transform 108
Transform: AffineTransform_float_3_3
Parameters: 0.999996 0.00182509 -0.00209878 -0.0018609 0.999849 -0.0172382 0.00206623 0.0172418 0.999849 -0.0333454 1.13699 -0.102998
FixedParameters: 0 0 0

#Transform 109
Transform: AffineTransform_float_3_3
Parameters: 0.999996 0.00176329 -0.00223921 -0.00180172 0.999854 -0.016951 0.00220977 0.016955 0.999854 -0.0261485 1.12903 -0.124284
FixedParameters: 0 0 0

#Transform 110
Transform: AffineTransform_float_3_3
Parameters: 0.999995 0.00201647 -0.00213119 -0.00205155 0.999856 -0.0168047 0.00209782 0.0168083 0.999856 -0.0260165 1.11837 -0.160246
FixedParameters: 0 0 0

#Transform 111
Transform: AffineTransform_float_3_3
Parameters: 0.999996 0.00182579 -0.00244115 -0.00186823 0.999847 -0.0174025 0.00240985 0.0174065 0.999845 -0.0336236 1.14863 -0.187113
FixedParameters: 0 0 0

#Transform 112
Transform: AffineTransform_float_3_3
Parameters: 0.999996 0.00184626 -0.00241746 -0.00188775 0.999847 -0.0173785 0.00238555 0.0173825 0.999846 -0.0245368 1.13313 -0.117337
FixedParameters: 0 0 0

#Transform 113
Transform: AffineTransform_float_3_3
Parameters: 0.999995 0.00191475 -0.00227562 -0.00195426 0.999847 -0.0173746 0.00224238 0.0173784 0.999847 -0.0387299 1.13376 -0.147963
FixedParameters: 0 0 0

#Transform 114
Transform: AffineTransform_float_3_3
Parameters: 0.999994 0.00197791 -0.00257013 -0.00202408 0.999835 -0.0180549 0.00253386 0.0180601 0.999833 -0.0262028 1.16282 -0.161684
FixedParameters: 0 0 0

#Transform 115
Transform: AffineTransform_float_3_3
Parameters: 0.999995 0.00195936 -0.00220397 -0.00199762 0.999842 -0.0176687 0.00216804 0.0176723 0.999841 -0.0458524 1.16873 -0.144599
FixedParameters: 0 0 0

#Transform 116
Transform: AffineTransform_float_3_3
Parameters: 0.999995 0.00228977 -0.00210229 -0.00232723 0.999838 -0.0178812 0.00206071 0.0178868 0.999838 -0.0385513 1.18469 -0.170405
FixedParameters: 0 0 0

#Transform 117
Transform: AffineTransform_float_3_3
Parameters: 0.999995 0.00229727 -0.00228077 -0.00233873 0.999835 -0.0180178 0.00223922 0.0180232 0.999835 -0.0315658 1.19493 -0.154384
FixedParameters: 0 0 0

#Transform 118
Transform: AffineTransform_float_3_3
Parameters: 0.999995 0.00215136 -0.00230855 -0.00219165 0.99984 -0.017749 0.00227045 0.017754 0.99984 -0.0331436 1.17474 -0.165219
FixedParameters: 0 0 0

#Transform 119
Transform: AffineTransform_float_3_3
Parameters: 0.999995 0.00210921 -0.00202298 -0.00214579 0.999839 -0.0178537 0.001985 0.0178583 0.999838 -0.0450488 1.17844 -0.0933969
FixedParameters: 0 0 0

#Transform 120
Transform: AffineTransform_float_3_3
Parameters: 0.999995 0.00195948 -0.00257979 -0.00200752 0.999826 -0.0185479 0.0025432 0.0185531 0.999824 -0.0237401 1.22422 -0.137522
FixedParameters: 0 0 0

#Transform 121
Transform: AffineTransform_float_3_3
Parameters: 0.999995 0.00203551 -0.00245374 -0.0020795 0.999839 -0.017855 0.00241725 0.01786 0.999837 -0.0297231 1.19267 -0.106331
FixedParameters: 0 0 0

#Transform 122
Transform: AffineTransform_float_3_3
Parameters: 0.999996 0.00202181 -0.00229692 -0.00206319 0.999834 -0.0180733 0.00226008 0.0180786 0.999834 -0.0280523 1.20323 -0.122312
FixedParameters: 0 0 0

#Transform 123
Transform: AffineTransform_float_3_3
Parameters: 0.999996 0.00200175 -0.00160977 -0.00203023 0.99984 -0.0177418 0.00157322 0.0177452 0.999842 -0.0498914 1.18129 -0.0462124
FixedParameters: 0 0 0

#Transform 124
Transform: AffineTransform_float_3_3
Parameters: 0.999996 0.00184637 -0.002131 -0.00188563 0.999823 -0.0187491 0.00209601 0.018753 0.999822 -0.0207845 1.24524 -0.129351
FixedParameters: 0 0 0

#Transform 125
Transform: AffineTransform_float_3_3
Parameters: 0.999997 0.00183768 -0.0018939 -0.0018693 0.99985 -0.0172055 0.00186111 0.0172095 0.99985 -0.0359532 1.16843 -0.096533
FixedParameters: 0 0 0

#Transform 126
Transform: AffineTransform_float_3_3
Parameters: 0.999996 0.00204111 -0.00189908 -0.00207488 0.999835 -0.0180151 0.00186192 0.0180189 0.999836 -0.0238602 1.21886 -0.0559928
FixedParameters: 0 0 0

#Transform 127
Transform: AffineTransform_float_3_3
Parameters: 0.999995 0.00199695 -0.0026578 -0.00204506 0.999832 -0.0182027 0.00262121 0.0182073 0.999831 -0.0270116 1.24228 -0.126748
FixedParameters: 0 0 0

#Transform 128
Transform: AffineTransform_float_3_3
Parameters: 0.999996 0.00188381 -0.00234667 -0.00192418 0.999842 -0.0176756 0.00231235 0.0176804 0.999841 -0.032038 1.21846 -0.131636
FixedParameters: 0 0 0

#Transform 129
Transform: AffineTransform_float_3_3
Parameters: 0.999995 0.00179026 -0.00240859 -0.00183174 0.999846 -0.0174397 0.00237741 0.0174433 0.999845 -0.0297699 1.18121 -0.139472
FixedParameters: 0 0 0

#Transform 130
Transform: AffineTransform_float_3_3
Parameters: 0.999996 0.00177435 -0.00245466 -0.00181966 0.999823 -0.0187236 0.00242135 0.0187274 0.999821 -0.0240708 1.26876 -0.183477
FixedParameters: 0 0 0

#Transform 131
Transform: AffineTransform_float_3_3
Parameters: 0.999996 0.00185112 -0.00241133 -0.00189487 0.999831 -0.0183225 0.00237668 0.0183275 0.999829 -0.0391057 1.23656 -0.148604
FixedParameters: 0 0 0

#Transform 132
Transform: AffineTransform_float_3_3
Parameters: 0.999995 0.00182269 -0.00228672 -0.00186331 0.99984 -0.0177518 0.00225427 0.0177562 0.99984 -0.044482 1.19693 -0.165307
FixedParameters: 0 0 0

#Transform 133
Transform: AffineTransform_float_3_3
Parameters: 0.999996 0.00174806 -0.00247214 -0.00179394 0.999824 -0.0187067 0.00243886 0.0187114 0.999822 -0.022948 1.24977 -0.184177
FixedParameters: 0 0 0

#Transform 134
Transform: AffineTransform_float_3_3
Parameters: 0.999996 0.00184302 -0.0023405 -0.00188599 0.999827 -0.0184967 0.00230651 0.0185013 0.999826 -0.0418482 1.23075 -0.171375
FixedParameters: 0 0 0

#Transform 135
Transform: AffineTransform_float_3_3
Parameters: 0.999996 0.00166313 -0.00225397 -0.00170287 0.99984 -0.0178042 0.00222403 0.0178078 0.999839 -0.0232793 1.20249 -0.0989067
FixedParameters: 0 0 0

#Transform 136
Transform: AffineTransform_float_3_3
Parameters: 0.999996 0.00171063 -0.00230429 -0.00175238 0.999835 -0.018072 0.0022737 0.018076 0.999834 -0.0203104 1.22842 -0.160538
FixedParameters: 0 0 0

#Transform 137
Transform: AffineTransform_float_3_3
Parameters: 0.999996 0.00152621 -0.00230127 -0.00156781 0.999832 -0.0182694 0.00227373 0.0182725 0.99983 -0.0263563 1.24949 -0.185245
FixedParameters: 0 0 0

#Transform 138
Transform: AffineTransform_float_3_3
Parameters: 0.999996 0.00165177 -0.00230387 -0.00169423 0.999829 -0.0184502 0.00227313 0.0184538 0.999827 -0.0348522 1.22784 -0.186451
FixedParameters: 0 0 0

#Transform 139
Transform: AffineTransform_float_3_3
Parameters: 0.999995 0.00209773 -0.00209405 -0.00213626 0.999827 -0.0184426 0.00205494 0.0184474 0.999827 -0.0448397 1.26255 -0.158251
FixedParameters: 0 0 0

#Transform 140
Transform: AffineTransform_float_3_3
Parameters: 0.999995 0.00188859 -0.00233184 -0.00193142 0.999822 -0.0187576 0.00229617 0.0187624 0.999822 -0.0454707 1.28549 -0.190386
FixedParameters: 0 0 0

#Transform 141
Transform: AffineTransform_float_3_3
Parameters: 0.999994 0.00181654 -0.00275457 -0.00186447 0.999841 -0.0176929 0.00272243 0.017698 0.999839 -0.0244727 1.24551 -0.178277
FixedParameters: 0 0 0

#Transform 142
Transform: AffineTransform_float_3_3
Parameters: 0.999995 0.00183338 -0.00260885 -0.00188161 0.999823 -0.0187582 0.00257315 0.0187628 0.99982 -0.0294638 1.30001 -0.271817
FixedParameters: 0 0 0

#Transform 143
Transform: AffineTransform_float_3_3
Parameters: 0.999996 0.00180358 -0.00225986 -0.00184343 0.999836 -0.0180149 0.00222715 0.0180191 0.999835 -0.0395675 1.25609 -0.257736
FixedParameters: 0 0 0

#Transform 144
Transform: AffineTransform_float_3_3
Parameters: 0.999995 0.00188358 -0.00226299 -0.00192642 0.999819 -0.0188927 0.002227 0.0188963 0.999819 -0.0418601 1.28465 -0.253538
FixedParameters: 0 0 0

#Transform 145
Transform: AffineTransform_float_3_3
Parameters: 0.999995 0.00188096 -0.00226262 -0.00192305 0.999823 -0.0187237 0.00222738 0.0187283 0.999822 -0.0535324 1.30005 -0.236511
FixedParameters: 0 0 0

#Transform 146
Transform: AffineTransform_float_3_3
Parameters: 0.999996 0.00203827 -0.00226434 -0.00207872 0.999834 -0.0181324 0.00222667 0.0181376 0.999833 -0.0498072 1.27971 -0.233456
FixedParameters: 0 0 0

#Transform 147
Transform: AffineTransform_float_3_3
Parameters: 0.999993 0.00218771 -0.00278587 -0.00224029 0.999818 -0.0189079 0.00274412 0.0189141 0.999818 -0.0415982 1.32543 -0.273519
FixedParameters: 0 0 0

#Transform 148
Transform: AffineTransform_float_3_3
Parameters: 0.999994 0.00241999 -0.00253669 -0.00246702 0.999822 -0.0186959 0.0024913 0.0187021 0.999822 -0.0376366 1.30562 -0.21083
FixedParameters: 0 0 0

#Transform 149
Transform: AffineTransform_float_3_3
Parameters: 0.999994 0.00253599 -0.00234134 -0.00257802 0.999832 -0.0181191 0.00229566 0.0181249 0.999833 -0.0526828 1.27516 -0.155274
FixedParameters: 0 0 0

#Transform 150
Transform: AffineTransform_float_3_3
Parameters: 0.999993 0.00209732 -0.00310644 -0.00215569 0.999817 -0.0190094 0.00306657 0.0190156 0.999815 -0.0309757 1.3238 -0.19558
FixedParameters: 0 0 0

#Transform 151
Transform: AffineTransform_float_3_3
Parameters: 0.999995 0.00213677 -0.00237567 -0.00217824 0.999837 -0.0179179 0.00233734 0.0179231 0.999836 -0.0311498 1.27266 -0.0854986
FixedParameters: 0 0 0

#Transform 152
Transform: AffineTransform_float_3_3
Parameters: 0.999993 0.00252437 -0.00293303 -0.00257863 0.999827 -0.0184276 0.00288597 0.0184344 0.999826 -0.0287103 1.30528 -0.108211
FixedParameters: 0 0 0

#Transform 153
Transform: AffineTransform_float_3_3
Parameters: 0.999993 0.00252562 -0.00293195 -0.00257838 0.999834 -0.0179996 0.00288605 0.0180074 0.999833 -0.0371916 1.28961 -0.118639
FixedParameters: 0 0 0

#Transform 154
Transform: AffineTransform_float_3_3
Parameters: 0.999993 0.00252721 -0.00275742 -0.0025788 0.999824 -0.018574 0.00271056 0.018581 0.999823 -0.0310963 1.30277 -0.155735
FixedParameters: 0 0 0

#Transform 155
Transform: AffineTransform_float_3_3
Parameters: 0.999994 0.00252936 -0.00261493 -0.00257863 0.99982 -0.0187654 0.00256705 0.0187726 0.99982 -0.0210377 1.31568 -0.170095
FixedParameters: 0 0 0

#Transform 156
Transform: AffineTransform_float_3_3
Parameters: 0.999995 0.00229458 -0.00218328 -0.00233441 0.999822 -0.018693 0.00213973 0.018698 0.999823 -0.0421688 1.31569 -0.101277
FixedParameters: 0 0 0

#Transform 157
Transform: AffineTransform_float_3_3
Parameters: 0.999997 0.00188605 -0.00191113 -0.00192096 0.999828 -0.0184524 0.00187687 0.0184556 0.999828 -0.0413077 1.3049 -0.0612255
FixedParameters: 0 0 0

#Transform 158
Transform: AffineTransform_float_3_3
Parameters: 0.999997 0.00188616 -0.00191201 -0.00192084 0.999829 -0.0183884 0.00187699 0.0183916 0.999829 -0.0545876 1.30081 -0.110279
FixedParameters: 0 0 0

#Transform 159
Transform: AffineTransform_float_3_3
Parameters: 0.999994 0.00213896 -0.00265494 -0.00219004 0.99981 -0.0193713 0.00261306 0.0193777 0.999809 -0.0222706 1.36436 -0.14658
FixedParameters: 0 0 0

#Transform 160
Transform: AffineTransform_float_3_3
Parameters: 0.999995 0.00209567 -0.00258116 -0.00214233 0.999827 -0.0184736 0.00254185 0.0184784 0.999826 -0.0083313 1.34061 -0.135129
FixedParameters: 0 0 0

#Transform 161
Transform: AffineTransform_float_3_3
Parameters: 0.999996 0.00188257 -0.00221425 -0.00192142 0.999846 -0.0174828 0.00218074 0.0174872 0.999844 -0.0265142 1.27675 -0.0995783
FixedParameters: 0 0 0

#Transform 162
Transform: AffineTransform_float_3_3
Parameters: 0.999993 0.00229842 -0.00289044 -0.0023516 0.999823 -0.0186743 0.00284758 0.0186807 0.999822 -0.0156884 1.33972 -0.144962
FixedParameters: 0 0 0

#Transform 163
Transform: AffineTransform_float_3_3
Parameters: 0.999994 0.00228215 -0.00268518 -0.00233285 0.999822 -0.0187119 0.0026418 0.0187182 0.999822 -0.0238433 1.33642 -0.177978
FixedParameters: 0 0 0

#Transform 164
Transform: AffineTransform_float_3_3
Parameters: 0.999991 0.00236694 -0.00336874 -0.00242807 0.99983 -0.018239 0.00332526 0.018247 0.999828 -0.00768052 1.31801 -0.153063
FixedParameters: 0 0 0

#Transform 165
Transform: AffineTransform_float_3_3
Parameters: 0.999992 0.00232526 -0.00326906 -0.00238573 0.999823 -0.0186994 0.00322494 0.0187077 0.99982 -0.0199388 1.34331 -0.212576
FixedParameters: 0 0 0

#Transform 166
Transform: AffineTransform_float_3_3
Parameters: 0.999992 0.00210419 -0.00336446 -0.00216582 0.999827 -0.0184749 0.00332555 0.0184811 0.999823 -0.00858841 1.29766 -0.179701
FixedParameters: 0 0 0

#Transform 167
Transform: AffineTransform_float_3_3
Parameters: 0.999992 0.00225155 -0.00336966 -0.00231746 0.999806 -0.0195474 0.00332533 0.0195557 0.999803 0.00318773 1.37503 -0.23029
FixedParameters: 0 0 0

#Transform 168
Transform: AffineTransform_float_3_3
Parameters: 0.999991 0.00221469 -0.00368467 -0.00228131 0.999834 -0.0180897 0.00364432 0.0180972 0.999829 0.0187716 1.3222 -0.193259
FixedParameters: 0 0 0

#Transform 169
Transform: AffineTransform_float_3_3
Parameters: 0.999991 0.00227775 -0.00336894 -0.00234024 0.999825 -0.0185913 0.00332506 0.0185987 0.999821 0.00358935 1.33659 -0.251097
FixedParameters: 0 0 0

#Transform 170
Transform: AffineTransform_float_3_3
Parameters: 0.999993 0.00225633 -0.00320979 -0.00231568 0.999823 -0.0187107 0.00316722 0.0187173 0.99982 -0.0112523 1.35161 -0.277679
FixedParameters: 0 0 0

#Transform 171
Transform: AffineTransform_float_3_3
Parameters: 0.999992 0.00204414 -0.00330909 -0.00210286 0.999838 -0.0178822 0.00327191 0.0178898 0.999834 -0.00302399 1.33146 -0.19393
FixedParameters: 0 0 0

#Transform 172
Transform: AffineTransform_float_3_3
Parameters: 0.999994 0.00220112 -0.00274509 -0.00224888 0.999843 -0.0175619 0.00270592 0.0175681 0.999842 -0.0219224 1.31601 -0.180775
FixedParameters: 0 0 0

#Transform 173
Transform: AffineTransform_float_3_3
Parameters: 0.999993 0.00227153 -0.00295212 -0.00232446 0.999837 -0.0178923 0.00291087 0.0178987 0.999835 -0.0151117 1.3589 -0.241196
FixedParameters: 0 0 0

#Transform 174
Transform: AffineTransform_float_3_3
Parameters: 0.999993 0.00233077 -0.00284574 -0.00238223 0.999832 -0.0181333 0.00280326 0.0181396 0.999831 -0.0228979 1.36743 -0.289219
FixedParameters: 0 0 0

#Transform 175
Transform: AffineTransform_float_3_3
Parameters: 0.999992 0.00256316 -0.00311524 -0.00261586 0.99985 -0.017079 0.00307176 0.017087 0.99985 -0.00123007 1.29591 -0.202457
FixedParameters: 0 0 0

#Transform 176
Transform: AffineTransform_float_3_3
Parameters: 0.999992 0.00227962 -0.00329192 -0.00233938 0.999832 -0.0181474 0.00325007 0.0181555 0.99983 -0.0151569 1.35957 -0.25782
FixedParameters: 0 0 0

#Transform 177
Transform: AffineTransform_float_3_3
Parameters: 0.999992 0.00227282 -0.00316067 -0.00232616 0.999848 -0.0172438 0.00312034 0.0172502 0.999847 -0.0109001 1.31474 -0.140408
FixedParameters: 0 0 0

#Transform 178
Transform: AffineTransform_float_3_3
Parameters: 0.999993 0.00200977 -0.003086 -0.00206423 0.999841 -0.0176707 0.00305 0.0176762 0.999839 -0.0157831 1.32829 -0.199675
FixedParameters: 0 0 0

#Transform 179
Transform: AffineTransform_float_3_3
Parameters: 0.999991 0.00210143 -0.00352864 -0.00216456 0.999833 -0.0181095 0.00348936 0.0181165 0.99983 -0.00856914 1.36165 -0.242075
FixedParameters: 0 0 0

#Transform 180
Transform: AffineTransform_float_3_3
Parameters: 0.999991 0.00240864 -0.00332284 -0.00246336 0.999856 -0.0167569 0.00328217 0.016765 0.999854 -0.0160142 1.30819 -0.152553
FixedParameters: 0 0 0

#Transform 181
Transform: AffineTransform_float_3_3
Parameters: 0.999992 0.00232664 -0.00332363 -0.00238437 0.999841 -0.0176652 0.00328238 0.0176728 0.999839 -0.022084 1.34407 -0.225285
FixedParameters: 0 0 0

#Transform 182
Transform: AffineTransform_float_3_3
Parameters: 0.999992 0.00230444 -0.0034358 -0.00236756 0.99983 -0.018316 0.0033932 0.018324 0.999827 -0.00772019 1.37705 -0.205794
FixedParameters: 0 0 0

#Transform 183
Transform: AffineTransform_float_3_3
Parameters: 0.999991 0.00199923 -0.00353605 -0.00205978 0.999849 -0.0172649 0.00350195 0.0172721 0.999844 0.000225845 1.33015 -0.148955
FixedParameters: 0 0 0

#Transform 184
Transform: AffineTransform_float_3_3
Parameters: 0.99999 0.00211557 -0.00380387 -0.00218343 0.999834 -0.0180759 0.00376514 0.0180841 0.99983 0.0128095 1.39341 -0.20809
FixedParameters: 0 0 0

#Transform 185
Transform: AffineTransform_float_3_3
Parameters: 0.999993 0.00229563 -0.00295247 -0.00234838 0.999838 -0.0178572 0.00291152 0.0178638 0.999836 -0.0239512 1.37872 -0.200358
FixedParameters: 0 0 0

#Transform 186
Transform: AffineTransform_float_3_3
Parameters: 0.999991 0.00230106 -0.00335745 -0.00235893 0.999846 -0.0173562 0.00331655 0.0173638 0.999843 -0.0109792 1.34135 -0.212226
FixedParameters: 0 0 0

#Transform 187
Transform: AffineTransform_float_3_3
Parameters: 0.999989 0.0023197 -0.003947 -0.00239329 0.999823 -0.0186677 0.00390299 0.0186772 0.999818 0.00378443 1.42322 -0.270131
FixedParameters: 0 0 0

#Transform 188
Transform: AffineTransform_float_3_3
Parameters: 0.99999 0.00226985 -0.0039159 -0.00233915 0.99984 -0.017745 0.00387509 0.017754 0.999835 0.00942558 1.35921 -0.243057
FixedParameters: 0 0 0

#Transform 189
Transform: AffineTransform_float_3_3
