# transform file /out/sourcedata/freesurfer/sub-v1s23x0050567_ses-1/mri/transforms/cc_up.lta
# created by oesteban on Mon Mar  9 20:16:17 2026

type      = 0 # LINEAR_VOX_TO_VOX
nxforms   = 1
mean      = 129.0000 126.0000 123.0000
sigma     = 10000.0000
1 4 4
9.982615113258362e-01 3.802144899964333e-02 -4.503741860389709e-02 -8.955917954444885e-01 
-3.798281028866768e-02 9.992769956588745e-01 1.713626785203815e-03 2.282475662231445e+01 
4.507000744342804e-02 0.000000000000000e+00 9.989838600158691e-01 -7.557304501533508e-01 
0.000000000000000e+00 0.000000000000000e+00 0.000000000000000e+00 1.000000000000000e+00 
src volume info
valid = 1  # volume info valid
filename = /out/sourcedata/freesurfer/sub-v1s23x0050567_ses-1/mri/norm.mgz
volume = 256 256 256
voxelsize = 1.000000000000000e+00 1.000000000000000e+00 1.000000000000000e+00
xras   = -1.000000000000000e+00 0.000000000000000e+00 0.000000000000000e+00
yras   = 0.000000000000000e+00 0.000000000000000e+00 -1.000000000000000e+00
zras   = 0.000000000000000e+00 1.000000000000000e+00 0.000000000000000e+00
cras   = 3.909645080566406e+01 -4.850181579589844e+01 2.513896179199219e+01
dst volume info
valid = 1  # volume info valid
filename = /out/sourcedata/freesurfer/sub-v1s23x0050567_ses-1/mri/norm.mgz
volume = 256 256 256
voxelsize = 1.000000000000000e+00 1.000000000000000e+00 1.000000000000000e+00
xras   = -1.000000000000000e+00 0.000000000000000e+00 0.000000000000000e+00
yras   = 0.000000000000000e+00 0.000000000000000e+00 -1.000000000000000e+00
zras   = 0.000000000000000e+00 1.000000000000000e+00 0.000000000000000e+00
cras   = 3.909645080566406e+01 -4.850181579589844e+01 2.513896179199219e+01
