# transform file /out/sourcedata/freesurfer/sub-v1s23x0050576_ses-1/mri/transforms/cc_up.lta
# created by oesteban on Mon Mar  9 20:36:32 2026

type      = 0 # LINEAR_VOX_TO_VOX
nxforms   = 1
mean      = 128.0000 127.0000 134.0000
sigma     = 10000.0000
1 4 4
9.999609589576721e-01 5.432208534330130e-03 -6.979957222938538e-03 3.194967508316040e-01 
-5.432076286524534e-03 9.999852776527405e-01 3.791713970713317e-05 1.569193363189697e+01 
6.980059668421745e-03 0.000000000000000e+00 9.999756813049316e-01 -5.890209674835205e+00 
0.000000000000000e+00 0.000000000000000e+00 0.000000000000000e+00 1.000000000000000e+00 
src volume info
valid = 1  # volume info valid
filename = /out/sourcedata/freesurfer/sub-v1s23x0050576_ses-1/mri/norm.mgz
volume = 256 256 256
voxelsize = 1.000000000000000e+00 1.000000000000000e+00 1.000000000000000e+00
xras   = -1.000000000000000e+00 0.000000000000000e+00 0.000000000000000e+00
yras   = 0.000000000000000e+00 0.000000000000000e+00 -1.000000000000000e+00
zras   = 0.000000000000000e+00 1.000000000000000e+00 0.000000000000000e+00
cras   = 4.183082580566406e+01 -4.959556579589844e+01 1.474833679199219e+01
dst volume info
valid = 1  # volume info valid
filename = /out/sourcedata/freesurfer/sub-v1s23x0050576_ses-1/mri/norm.mgz
volume = 256 256 256
voxelsize = 1.000000000000000e+00 1.000000000000000e+00 1.000000000000000e+00
xras   = -1.000000000000000e+00 0.000000000000000e+00 0.000000000000000e+00
yras   = 0.000000000000000e+00 0.000000000000000e+00 -1.000000000000000e+00
zras   = 0.000000000000000e+00 1.000000000000000e+00 0.000000000000000e+00
cras   = 4.183082580566406e+01 -4.959556579589844e+01 1.474833679199219e+01
