#Insight Transform File V1.0
#Transform 0
Transform: AffineTransform_float_3_3
Parameters: 0.999999 -0.00020085 0.00128002 0.000200151 1 -0.000117744 -0.00127998 0.000117257 0.999999 -0.0808893 -0.0199491 0.448701
FixedParameters: 0 0 0

#Transform 1
Transform: AffineTransform_float_3_3
Parameters: 1 0.000455 -2.85285e-07 -0.000455 0.999999 -0.000627 -2.85285e-07 0.000627 1 -0.00453685 0.0455048 -0.0789497
FixedParameters: 0 0 0

#Transform 2
Transform: AffineTransform_float_3_3
Parameters: 1 0.000354 -3.4692e-08 -0.000354 1 -9.8e-05 -3.4692e-08 9.8e-05 1 0.0192815 0.032231 -0.0799931
FixedParameters: 0 0 0

#Transform 3
Transform: AffineTransform_float_3_3
Parameters: 1 0.000575932 0.000292134 -0.000576068 1 0.000232832 -0.000291866 -0.000233168 1 0.00420718 0.0442488 -0.164493
FixedParameters: 0 0 0

#Transform 4
Transform: AffineTransform_float_3_3
Parameters: 0.999999 0.000842999 9.27299e-09 -0.000842999 0.999999 1.1e-05 9.27299e-09 -1.1e-05 1 0.0163027 0.0101691 -0.170396
FixedParameters: 0 0 0

#Transform 5
Transform: AffineTransform_float_3_3
Parameters: 1 0.00089687 -0.000401291 -0.00089713 0.999999 -0.00032464 0.000400708 0.000325359 1 0.0364498 0.0412126 -0.17595
FixedParameters: 0 0 0

#Transform 6
Transform: AffineTransform_float_3_3
Parameters: 1 0.000586205 0.000235492 -0.000585795 1 -0.000867138 -0.000236508 0.000866862 0.999999 0.010718 0.0954997 -0.212085
FixedParameters: 0 0 0

#Transform 7
Transform: AffineTransform_float_3_3
Parameters: 1 0.000437178 0.00023567 -0.000436822 0.999999 -0.000754103 -0.000236329 0.000753896 0.999999 0.028778 0.10945 -0.200071
FixedParameters: 0 0 0

#Transform 8
Transform: AffineTransform_float_3_3
Parameters: 1 0.00040914 0.000235757 -0.00040886 0.999999 -0.000593096 -0.000236242 0.000592903 1 0.0294293 0.0846471 -0.200411
FixedParameters: 0 0 0

#Transform 9
Transform: AffineTransform_float_3_3
Parameters: 0.999999 0.000738992 -8.68061e-06 -0.000739007 1 -0.000920994 7.31937e-06 0.000921006 0.999999 0.0156165 0.0899647 -0.19721
FixedParameters: 0 0 0

#Transform 10
Transform: AffineTransform_float_3_3
Parameters: 0.999999 0.000848206 0.000235258 -0.000847794 1 -0.0008742 -0.000235741 0.0008738 0.999999 -0.00200448 0.116342 -0.236528
FixedParameters: 0 0 0

#Transform 11
Transform: AffineTransform_float_3_3
Parameters: 1 0.00110218 -0.000399284 -0.00110282 0.999997 -0.00207156 0.000396717 0.00207144 0.999998 0.00733926 0.206512 -0.350052
FixedParameters: 0 0 0

#Transform 12
Transform: AffineTransform_float_3_3
Parameters: 0.999999 0.000707563 0.000216164 -0.000707435 0.999997 -0.00259515 -0.000218836 0.00259485 0.999996 0.00327164 0.214816 -0.371359
FixedParameters: 0 0 0

#Transform 13
Transform: AffineTransform_float_3_3
Parameters: 0.999999 0.000813627 -0.000120541 -0.000814373 0.999995 -0.0031219 0.000118458 0.0031221 0.999995 0.0262377 0.237687 -0.372094
FixedParameters: 0 0 0

#Transform 14
Transform: AffineTransform_float_3_3
Parameters: 0.999999 0.000676148 -0.000506482 -0.00067785 0.999993 -0.00366566 0.000503519 0.00366534 0.999993 0.0428028 0.266376 -0.41072
FixedParameters: 0 0 0

#Transform 15
Transform: AffineTransform_float_3_3
Parameters: 0.999999 0.000526569 -0.000682881 -0.000529431 0.999993 -0.00356464 0.000681117 0.00356436 0.999994 0.0715935 0.257118 -0.43366
FixedParameters: 0 0 0

#Transform 16
Transform: AffineTransform_float_3_3
Parameters: 0.999999 0.000902343 -0.00118755 -0.000907655 0.999992 -0.00392692 0.00118344 0.00392807 0.999991 0.117038 0.291588 -0.618842
FixedParameters: 0 0 0

#Transform 17
Transform: AffineTransform_float_3_3
Parameters: 1 0.00105071 -0.000562309 -0.00105229 0.999991 -0.00409541 0.000557696 0.00409559 0.999992 0.0675769 0.2832 -0.55984
FixedParameters: 0 0 0

#Transform 18
Transform: AffineTransform_float_3_3
Parameters: 0.999999 0.00093183 -0.0011522 -0.000937168 0.999989 -0.00449392 0.0011478 0.00449507 0.999989 0.0766555 0.275393 -0.496661
FixedParameters: 0 0 0

#Transform 19
Transform: AffineTransform_float_3_3
Parameters: 0.999998 0.00104028 -0.0013024 -0.00104673 0.999986 -0.00517264 0.0012976 0.00517436 0.999986 0.0665635 0.324957 -0.516941
FixedParameters: 0 0 0

#Transform 20
Transform: AffineTransform_float_3_3
Parameters: 0.999999 0.00112352 -0.00136021 -0.00113049 0.999984 -0.00551147 0.00135479 0.00551353 0.999984 0.0662315 0.393802 -0.572384
FixedParameters: 0 0 0

#Transform 21
Transform: AffineTransform_float_3_3
Parameters: 0.999999 0.000856674 -0.00117364 -0.000863328 0.999985 -0.00539999 0.00116935 0.00540101 0.999984 0.0461368 0.37251 -0.584781
FixedParameters: 0 0 0

#Transform 22
Transform: AffineTransform_float_3_3
Parameters: 0.999998 0.000869251 -0.0013427 -0.000877751 0.999979 -0.00652883 0.0013373 0.00653017 0.999978 0.053779 0.440294 -0.611834
FixedParameters: 0 0 0

#Transform 23
Transform: AffineTransform_float_3_3
Parameters: 0.999998 0.000517168 -0.00192222 -0.000528837 0.999981 -0.00616 0.00191978 0.00616101 0.999979 0.0681632 0.420686 -0.660639
FixedParameters: 0 0 0

#Transform 24
Transform: AffineTransform_float_3_3
Parameters: 0.999997 0.000517145 -0.00215887 -0.000528854 0.999985 -0.00549387 0.00215612 0.00549512 0.999982 0.0818702 0.362672 -0.629517
FixedParameters: 0 0 0

#Transform 25
Transform: AffineTransform_float_3_3
Parameters: 0.999997 0.000515383 -0.00207343 -0.000529614 0.999979 -0.00657192 0.00206956 0.00657309 0.999977 0.0769912 0.424225 -0.688785
FixedParameters: 0 0 0

#Transform 26
Transform: AffineTransform_float_3_3
Parameters: 0.999997 0.000429313 -0.00249892 -0.00044568 0.999977 -0.0066809 0.00249508 0.00668209 0.999974 0.115857 0.416144 -0.685572
FixedParameters: 0 0 0

#Transform 27
Transform: AffineTransform_float_3_3
Parameters: 0.999997 3.02351e-05 -0.00241025 -4.57696e-05 0.999978 -0.0065409 0.00241075 0.00654109 0.999975 0.129693 0.434741 -0.693601
FixedParameters: 0 0 0

#Transform 28
Transform: AffineTransform_float_3_3
Parameters: 0.999997 -4.42052e-05 -0.00238277 2.87931e-05 0.999979 -0.00638108 0.00238323 0.00638091 0.999977 0.154668 0.439477 -0.651097
FixedParameters: 0 0 0

#Transform 29
Transform: AffineTransform_float_3_3
Parameters: 0.999998 -0.000527288 -0.00187914 0.000517713 0.999985 -0.00547098 0.00188186 0.00547002 0.999984 0.155557 0.387083 -0.607295
FixedParameters: 0 0 0

#Transform 30
Transform: AffineTransform_float_3_3
Parameters: 0.999998 -0.000604616 -0.00194434 0.000596385 0.99999 -0.00442917 0.00194666 0.00442783 0.999989 0.153424 0.305937 -0.478141
FixedParameters: 0 0 0

#Transform 31
Transform: AffineTransform_float_3_3
Parameters: 0.999998 -0.000541832 -0.00183842 0.000533171 0.999989 -0.00480099 0.00184058 0.00480001 0.999987 0.126567 0.335848 -0.452105
FixedParameters: 0 0 0

#Transform 32
Transform: AffineTransform_float_3_3
Parameters: 0.999998 -0.000407148 -0.001836 0.000398853 0.999987 -0.00497974 0.00183801 0.00497926 0.999986 0.110969 0.355325 -0.475506
FixedParameters: 0 0 0

#Transform 33
Transform: AffineTransform_float_3_3
Parameters: 0.999999 -0.000603839 -0.0014227 0.000596159 0.999984 -0.00550385 0.0014263 0.00550314 0.999984 0.078387 0.35815 -0.450392
FixedParameters: 0 0 0

#Transform 34
Transform: AffineTransform_float_3_3
Parameters: 0.999999 -0.000350413 -0.00139816 0.000342587 0.999986 -0.00529948 0.00139983 0.00529851 0.999985 0.0655677 0.34684 -0.436745
FixedParameters: 0 0 0

#Transform 35
Transform: AffineTransform_float_3_3
Parameters: 1 -0.000242684 -0.00105971 0.000236319 0.999985 -0.00536125 0.00106028 0.00536074 0.999985 0.0392216 0.348207 -0.468873
FixedParameters: 0 0 0

#Transform 36
Transform: AffineTransform_float_3_3
Parameters: 0.999999 -0.000429086 -0.00121652 0.000421918 0.999983 -0.00581852 0.00121848 0.00581848 0.999983 0.0561884 0.393537 -0.483846
FixedParameters: 0 0 0

#Transform 37
Transform: AffineTransform_float_3_3
Parameters: 0.999999 -0.000252203 -0.00125177 0.000245796 0.999987 -0.00495331 0.00125323 0.00495269 0.999987 0.0496921 0.332923 -0.433406
FixedParameters: 0 0 0

#Transform 38
Transform: AffineTransform_float_3_3
Parameters: 0.999999 2.92462e-05 -0.000987152 -3.37579e-05 0.999989 -0.00481597 0.000987848 0.00481603 0.999988 0.015574 0.335559 -0.413392
FixedParameters: 0 0 0

#Transform 39
Transform: AffineTransform_float_3_3
Parameters: 0.999999 -0.000346828 -0.000919192 0.000342172 0.999986 -0.00524832 0.000920808 0.00524768 0.999986 0.0289996 0.370323 -0.425305
FixedParameters: 0 0 0

#Transform 40
Transform: AffineTransform_float_3_3
Parameters: 1 -0.000219762 -0.000549904 0.000216237 0.999988 -0.00501812 0.000551092 0.00501788 0.999988 0.0185217 0.319536 -0.39181
FixedParameters: 0 0 0

#Transform 41
Transform: AffineTransform_float_3_3
Parameters: 1 -0.000132637 -0.000264682 0.000131362 0.999997 -0.00240704 0.000265317 0.00240697 0.999997 0.0258932 0.15426 -0.295623
FixedParameters: 0 0 0

#Transform 42
Transform: AffineTransform_float_3_3
Parameters: 1 6.11107e-07 -0.000265007 -2.38885e-06 0.999987 -0.005241 0.000264991 0.005241 0.999986 0.0231092 0.379796 -0.384317
FixedParameters: 0 0 0

#Transform 43
Transform: AffineTransform_float_3_3
Parameters: 0.999999 7.66453e-05 -0.000967439 -8.13576e-05 0.999984 -0.00553592 0.000967564 0.00553608 0.999984 0.0334169 0.334409 -0.39067
FixedParameters: 0 0 0

#Transform 44
Transform: AffineTransform_float_3_3
Parameters: 1 0.000447078 -0.00108047 -0.000452925 0.999985 -0.00548652 0.00107853 0.00548749 0.999985 0.0280576 0.362447 -0.447178
FixedParameters: 0 0 0

#Transform 45
Transform: AffineTransform_float_3_3
Parameters: 1 0.00068865 -0.000973806 -0.00069435 0.999984 -0.00550333 0.000970193 0.00550467 0.999985 0.0209532 0.376113 -0.477082
FixedParameters: 0 0 0

#Transform 46
Transform: AffineTransform_float_3_3
Parameters: 1 0.000333615 -0.00108998 -0.000340386 0.999983 -0.00586363 0.00108802 0.00586337 0.999982 0.0218551 0.387049 -0.443998
FixedParameters: 0 0 0

#Transform 47
Transform: AffineTransform_float_3_3
Parameters: 0.999999 0.000626609 -0.00115449 -0.000632389 0.999985 -0.00554428 0.00115051 0.00554473 0.999984 0.0119915 0.380731 -0.454568
FixedParameters: 0 0 0

#Transform 48
Transform: AffineTransform_float_3_3
Parameters: 0.999998 0.000532893 -0.00150825 -0.000542105 0.999981 -0.00604419 0.00150475 0.0060448 0.99998 0.0173917 0.410161 -0.460924
FixedParameters: 0 0 0

#Transform 49
Transform: AffineTransform_float_3_3
Parameters: 0.999999 0.000650506 -0.00135112 -0.000658492 0.99998 -0.00629512 0.00134688 0.00629688 0.99998 0.00588419 0.423307 -0.483163
FixedParameters: 0 0 0

#Transform 50
Transform: AffineTransform_float_3_3
Parameters: 0.999999 0.00068415 -0.00133206 -0.000691856 0.999983 -0.00590209 0.00132894 0.00590292 0.999981 -0.0201986 0.372722 -0.446702
FixedParameters: 0 0 0

#Transform 51
Transform: AffineTransform_float_3_3
Parameters: 0.999999 0.000674973 -0.00124937 -0.000683025 0.999979 -0.00643616 0.00124463 0.00643685 0.999979 -0.0293714 0.421787 -0.439035
FixedParameters: 0 0 0

#Transform 52
Transform: AffineTransform_float_3_3
Parameters: 0.999999 0.000541745 -0.00175714 -0.000555255 0.999972 -0.00755204 0.00175286 0.00755296 0.99997 0.0109721 0.462229 -0.494697
FixedParameters: 0 0 0

#Transform 53
Transform: AffineTransform_float_3_3
Parameters: 0.999999 0.000739369 -0.00136028 -0.000748635 0.999974 -0.00709299 0.00135572 0.00709401 0.999974 -0.0197558 0.437217 -0.471414
FixedParameters: 0 0 0

#Transform 54
Transform: AffineTransform_float_3_3
Parameters: 0.999998 0.000703732 -0.00147494 -0.000714262 0.999976 -0.00697296 0.00146905 0.00697404 0.999974 -0.020859 0.431088 -0.446935
FixedParameters: 0 0 0

#Transform 55
Transform: AffineTransform_float_3_3
Parameters: 0.999998 0.000806857 -0.00147559 -0.000817138 0.999976 -0.00688581 0.00146941 0.0068872 0.999975 -0.0144056 0.460589 -0.454046
FixedParameters: 0 0 0

#Transform 56
Transform: AffineTransform_float_3_3
Parameters: 0.999998 0.000862637 -0.0014761 -0.000873361 0.999975 -0.00703372 0.00146989 0.00703528 0.999974 -0.0336946 0.460976 -0.452111
FixedParameters: 0 0 0

#Transform 57
Transform: AffineTransform_float_3_3
Parameters: 0.999999 0.00063058 -0.00139629 -0.000640424 0.999977 -0.00675611 0.0013927 0.00675689 0.999976 -0.0403892 0.439162 -0.458976
FixedParameters: 0 0 0

#Transform 58
Transform: AffineTransform_float_3_3
Parameters: 1 0.000406679 -0.00115397 -0.000415322 0.999974 -0.00722053 0.00115103 0.00722047 0.999974 -0.0274896 0.475949 -0.474493
FixedParameters: 0 0 0

#Transform 59
Transform: AffineTransform_float_3_3
Parameters: 1 0.000393687 -0.00115287 -0.000402313 0.999974 -0.00721854 0.00115013 0.00721946 0.999974 -0.0121889 0.459761 -0.452727
FixedParameters: 0 0 0

#Transform 60
Transform: AffineTransform_float_3_3
Parameters: 0.999998 0.000327299 -0.0015687 -0.000339702 0.999967 -0.00810248 0.0015663 0.00810352 0.999966 -0.00419957 0.510191 -0.494038
FixedParameters: 0 0 0

#Transform 61
Transform: AffineTransform_float_3_3
Parameters: 0.999998 0.000418314 -0.00156916 -0.000429685 0.999972 -0.00745434 0.00156584 0.00745467 0.999971 -0.0203127 0.494919 -0.505681
FixedParameters: 0 0 0

#Transform 62
Transform: AffineTransform_float_3_3
Parameters: 0.999998 0.000328196 -0.00155654 -0.000339808 0.999971 -0.00758948 0.00155447 0.00758952 0.99997 -0.0184433 0.486643 -0.467057
FixedParameters: 0 0 0

#Transform 63
Transform: AffineTransform_float_3_3
Parameters: 0.999999 1.87827e-05 -0.00144217 -2.92161e-05 0.999975 -0.00708496 0.00144183 0.00708503 0.999974 -0.0210403 0.451134 -0.404538
FixedParameters: 0 0 0

#Transform 64
Transform: AffineTransform_float_3_3
Parameters: 0.999998 0.000327907 -0.00159254 -0.000340097 0.999971 -0.00759947 0.00159046 0.00759953 0.99997 -0.0177714 0.49056 -0.438816
FixedParameters: 0 0 0

#Transform 65
Transform: AffineTransform_float_3_3
Parameters: 0.999998 0.00032716 -0.00155176 -0.00033984 0.999965 -0.00828048 0.00154924 0.00828151 0.999964 -0.0200804 0.526205 -0.501489
FixedParameters: 0 0 0

#Transform 66
Transform: AffineTransform_float_3_3
Parameters: 0.999998 0.000328075 -0.00158252 -0.000339929 0.999971 -0.00754147 0.00158048 0.00754153 0.999971 -0.0183677 0.471293 -0.441834
FixedParameters: 0 0 0

#Transform 67
Transform: AffineTransform_float_3_3
Parameters: 0.999998 0.000326901 -0.00159774 -0.000340102 0.999967 -0.00820547 0.00159526 0.00820554 0.999965 -0.0299893 0.531863 -0.492356
FixedParameters: 0 0 0

#Transform 68
Transform: AffineTransform_float_3_3
Parameters: 0.999999 0.000327992 -0.00150167 -0.000340002 0.999968 -0.0080025 0.00149833 0.0080035 0.999967 -0.0390903 0.549874 -0.497857
FixedParameters: 0 0 0

#Transform 69
Transform: AffineTransform_float_3_3
Parameters: 0.999999 0.000328022 -0.00143379 -0.000339981 0.999965 -0.00836252 0.00143121 0.00836248 0.999964 -0.0413073 0.54421 -0.514266
FixedParameters: 0 0 0

#Transform 70
Transform: AffineTransform_float_3_3
Parameters: 0.999999 -2.77502e-06 -0.00180204 -1.17747e-05 0.999967 -0.00819899 0.00180196 0.00819901 0.999965 0.0141131 0.543671 -0.471377
FixedParameters: 0 0 0

#Transform 71
Transform: AffineTransform_float_3_3
Parameters: 0.999998 0.00032672 -0.00160975 -0.00034028 0.999966 -0.00825546 0.00160724 0.00825653 0.999964 -0.00330939 0.542624 -0.505659
FixedParameters: 0 0 0

#Transform 72
Transform: AffineTransform_float_3_3
Parameters: 0.999999 0.000328929 -0.00139366 -0.000340073 0.999969 -0.00795054 0.00139134 0.00795147 0.999968 -0.0123641 0.536628 -0.443554
FixedParameters: 0 0 0

#Transform 73
Transform: AffineTransform_float_3_3
Parameters: 0.999999 0.000122847 -0.00134906 -0.000134152 0.999966 -0.00826982 0.00134794 0.00827017 0.999965 -0.0107293 0.537075 -0.465311
FixedParameters: 0 0 0

#Transform 74
Transform: AffineTransform_float_3_3
Parameters: 0.999998 8.34515e-05 -0.0016017 -9.65506e-05 0.99997 -0.00783586 0.00160129 0.00783615 0.999968 0.00171679 0.493993 -0.466614
FixedParameters: 0 0 0

#Transform 75
Transform: AffineTransform_float_3_3
Parameters: 0.999998 -0.000180976 -0.00188762 0.000166028 0.999968 -0.00793132 0.00188838 0.00793067 0.999967 0.0269388 0.479047 -0.466757
FixedParameters: 0 0 0

#Transform 76
Transform: AffineTransform_float_3_3
Parameters: 0.999999 -0.000514264 -0.00133509 0.000503737 0.999971 -0.00767668 0.00133891 0.00767632 0.999969 0.0114176 0.48041 -0.471377
FixedParameters: 0 0 0

#Transform 77
Transform: AffineTransform_float_3_3
Parameters: 0.999999 -0.000869752 -0.00113635 0.000860251 0.99997 -0.00767999 0.00114264 0.00767901 0.99997 0.0175543 0.485216 -0.455092
FixedParameters: 0 0 0

#Transform 78
Transform: AffineTransform_float_3_3
Parameters: 0.999998 -0.00117948 -0.00106679 0.00117252 0.999975 -0.00698326 0.00107521 0.00698174 0.999975 0.0174486 0.416321 -0.377509
FixedParameters: 0 0 0

#Transform 79
Transform: AffineTransform_float_3_3
Parameters: 0.999999 -0.00111886 -0.000840247 0.00111214 0.999975 -0.00694795 0.000847748 0.00694706 0.999976 0.0201354 0.445083 -0.391215
FixedParameters: 0 0 0

#Transform 80
Transform: AffineTransform_float_3_3
Parameters: 0.999999 -0.00151894 -0.0010779 0.00151106 0.999972 -0.00732664 0.0010891 0.00732536 0.999972 0.0570654 0.439122 -0.39465
FixedParameters: 0 0 0

#Transform 81
Transform: AffineTransform_float_3_3
Parameters: 0.999999 -0.00164088 -0.000665078 0.00163612 0.999972 -0.0072771 0.000676924 0.0072759 0.999974 0.0404054 0.434576 -0.417695
FixedParameters: 0 0 0

#Transform 82
Transform: AffineTransform_float_3_3
Parameters: 0.999999 -0.00164077 -0.000693833 0.00163623 0.999976 -0.00681615 0.000705168 0.00681485 0.999976 0.0441913 0.416274 -0.41459
FixedParameters: 0 0 0

#Transform 83
Transform: AffineTransform_float_3_3
Parameters: 0.999998 -0.00158166 -0.00126603 0.00157234 0.99997 -0.00759501 0.00127798 0.007593 0.999971 0.086429 0.438639 -0.435215
FixedParameters: 0 0 0

#Transform 84
Transform: AffineTransform_float_3_3
Parameters: 0.999998 -0.00164533 -0.00126597 0.00163667 0.999972 -0.00733409 0.00127804 0.00733191 0.999973 0.0930083 0.43825 -0.445276
FixedParameters: 0 0 0

#Transform 85
Transform: AffineTransform_float_3_3
Parameters: 0.999999 -0.00169793 -0.000765983 0.00169207 0.999969 -0.00768031 0.000779017 0.00767869 0.99997 0.064898 0.479276 -0.489604
FixedParameters: 0 0 0

#Transform 86
Transform: AffineTransform_float_3_3
Parameters: 0.999998 -0.00131377 -0.00109777 0.00130623 0.999975 -0.00704845 0.00110723 0.00704656 0.999975 0.0433394 0.472184 -0.436109
FixedParameters: 0 0 0

#Transform 87
Transform: AffineTransform_float_3_3
Parameters: 0.999999 -0.00125154 -0.000416429 0.00124945 0.999981 -0.00605552 0.000424574 0.00605547 0.999981 0.0344903 0.273571 -0.312301
FixedParameters: 0 0 0

#Transform 88
Transform: AffineTransform_float_3_3
Parameters: 0.999998 -0.00138678 -0.000976848 0.00138023 0.999981 -0.00589136 0.000984147 0.00588964 0.999982 0.0666034 0.37886 -0.26402
FixedParameters: 0 0 0

#Transform 89
Transform: AffineTransform_float_3_3
Parameters: 0.999998 -0.00125466 -0.00118293 0.00124734 0.999979 -0.00645349 0.00119107 0.00645152 0.999979 0.0728552 0.336645 -0.292255
FixedParameters: 0 0 0

#Transform 90
Transform: AffineTransform_float_3_3
Parameters: 1 -0.000958572 -0.000690698 0.000954432 0.999978 -0.00659066 0.000696305 0.00658934 0.999978 0.0350474 0.378285 -0.328679
FixedParameters: 0 0 0

#Transform 91
Transform: AffineTransform_float_3_3
Parameters: 0.999998 -0.00151413 -0.0011527 0.00150688 0.99998 -0.00616075 0.00116131 0.00615925 0.999981 0.0740414 0.353422 -0.307563
FixedParameters: 0 0 0

#Transform 92
Transform: AffineTransform_float_3_3
Parameters: 0.999997 -0.00208639 -0.00126425 0.00207761 0.999976 -0.00660565 0.00127775 0.00660236 0.999978 0.102201 0.402377 -0.316055
FixedParameters: 0 0 0

#Transform 93
Transform: AffineTransform_float_3_3
Parameters: 0.999997 -0.0022087 -0.00103583 0.0022013 0.999977 -0.0064253 0.00105016 0.0064227 0.999979 0.0913221 0.401198 -0.264757
FixedParameters: 0 0 0

#Transform 94
Transform: AffineTransform_float_3_3
Parameters: 0.999997 -0.00199138 -0.000858334 0.00198461 0.999971 -0.00737672 0.000873662 0.00737527 0.999972 0.0631933 0.464002 -0.315105
FixedParameters: 0 0 0

#Transform 95
Transform: AffineTransform_float_3_3
Parameters: 0.999998 -0.00176744 -0.00152961 0.00175357 0.99996 -0.0087427 0.00154439 0.00874029 0.99996 0.0912058 0.534245 -0.478612
FixedParameters: 0 0 0

#Transform 96
Transform: AffineTransform_float_3_3
Parameters: 0.999998 -0.00131496 -0.00105089 0.00130605 0.999963 -0.00847839 0.00106111 0.00847662 0.999964 0.0475526 0.535477 -0.529585
FixedParameters: 0 0 0

#Transform 97
Transform: AffineTransform_float_3_3
Parameters: 0.999998 -0.00139534 -0.00158837 0.00138266 0.999964 -0.00837221 0.00159963 0.00836978 0.999963 0.0770205 0.467472 -0.452396
FixedParameters: 0 0 0

#Transform 98
Transform: AffineTransform_float_3_3
Parameters: 0.999997 -0.00122634 -0.0018365 0.00121166 0.999969 -0.00779024 0.00184549 0.00778775 0.999968 0.0772001 0.484703 -0.421112
FixedParameters: 0 0 0

#Transform 99
Transform: AffineTransform_float_3_3
Parameters: 0.999997 -0.00117975 -0.00179468 0.00116625 0.999974 -0.00709011 0.00180331 0.00708789 0.999974 0.0738787 0.443396 -0.3873
FixedParameters: 0 0 0

#Transform 100
Transform: AffineTransform_float_3_3
Parameters: 0.999999 -0.000962582 -0.00147178 0.000953419 0.999979 -0.00649641 0.00147823 0.00649559 0.999978 0.0368518 0.452707 -0.338348
FixedParameters: 0 0 0

#Transform 101
Transform: AffineTransform_float_3_3
Parameters: 0.999997 -0.000966734 -0.00191613 0.000953266 0.999974 -0.00715584 0.00192287 0.00715415 0.999972 0.0650517 0.491538 -0.370266
FixedParameters: 0 0 0

#Transform 102
Transform: AffineTransform_float_3_3
Parameters: 0.999998 -0.000965581 -0.0017702 0.00095342 0.999975 -0.00709471 0.00177681 0.0070923 0.999974 0.047472 0.467877 -0.387356
FixedParameters: 0 0 0

#Transform 103
Transform: AffineTransform_float_3_3
Parameters: 0.999999 -0.000964375 -0.0016002 0.000952619 0.999975 -0.00709454 0.0016078 0.00709246 0.999973 0.054743 0.443412 -0.328125
FixedParameters: 0 0 0

#Transform 104
Transform: AffineTransform_float_3_3
Parameters: 0.999999 -0.000962441 -0.0012528 0.000952565 0.999972 -0.0075152 0.00125919 0.0075138 0.999971 0.0302072 0.479027 -0.361865
FixedParameters: 0 0 0

#Transform 105
Transform: AffineTransform_float_3_3
Parameters: 0.999998 -0.00136881 -0.000959354 0.00136219 0.999974 -0.00706431 0.000968646 0.00706368 0.999974 0.0253483 0.450488 -0.308103
FixedParameters: 0 0 0

#Transform 106
Transform: AffineTransform_float_3_3
Parameters: 0.999998 -0.000962805 -0.00138021 0.000953191 0.999975 -0.00708633 0.00138779 0.00708568 0.999974 0.0158363 0.433868 -0.319973
FixedParameters: 0 0 0

#Transform 107
Transform: AffineTransform_float_3_3
Parameters: 0.999998 -0.000963373 -0.00137981 0.000952625 0.999972 -0.00749933 0.00138718 0.00749768 0.999971 0.0021759 0.45803 -0.331957
FixedParameters: 0 0 0

#Transform 108
Transform: AffineTransform_float_3_3
Parameters: 0.999999 -0.000961791 -0.00115473 0.000953206 0.99997 -0.0075901 0.00116227 0.00758889 0.99997 -0.0109794 0.476827 -0.355684
FixedParameters: 0 0 0

#Transform 109
Transform: AffineTransform_float_3_3
Parameters: 0.999998 -0.000967998 -0.00183215 0.000953004 0.999966 -0.00816876 0.00183985 0.00816724 0.999965 0.0228489 0.506369 -0.383617
FixedParameters: 0 0 0

#Transform 110
Transform: AffineTransform_float_3_3
Parameters: 0.999999 -0.000665382 -0.00163903 0.000653619 0.999972 -0.00754309 0.00164398 0.00754192 0.99997 0.00910658 0.463099 -0.350237
FixedParameters: 0 0 0

#Transform 111
Transform: AffineTransform_float_3_3
Parameters: 0.999998 -0.00106747 -0.00167851 0.00105454 0.999968 -0.00800479 0.0016865 0.00800322 0.999967 0.0216355 0.477375 -0.366478
FixedParameters: 0 0 0

#Transform 112
Transform: AffineTransform_float_3_3
Parameters: 0.999999 -0.000963853 -0.00147497 0.000953148 0.999972 -0.00734041 0.00148204 0.00733958 0.999972 0.00558884 0.42234 -0.297342
FixedParameters: 0 0 0

#Transform 113
Transform: AffineTransform_float_3_3
Parameters: 0.999998 -0.00126749 -0.00154685 0.00125552 0.999967 -0.00804596 0.00155615 0.00804405 0.999967 0.0230952 0.448503 -0.359572
FixedParameters: 0 0 0

#Transform 114
Transform: AffineTransform_float_3_3
Parameters: 0.999999 -0.00126427 -0.00133132 0.00125373 0.999969 -0.00768868 0.00134068 0.00768731 0.999969 0.0179133 0.464741 -0.38878
FixedParameters: 0 0 0

#Transform 115
Transform: AffineTransform_float_3_3
Parameters: 0.999998 -0.00150827 -0.0013244 0.00149774 0.999969 -0.007719 0.0013356 0.007717 0.99997 0.0294133 0.487509 -0.374419
FixedParameters: 0 0 0

#Transform 116
Transform: AffineTransform_float_3_3
Parameters: 0.999998 -0.00163976 -0.00130055 0.00162924 0.999965 -0.00823214 0.00131445 0.00822986 0.999966 0.0306686 0.517985 -0.403169
FixedParameters: 0 0 0

#Transform 117
Transform: AffineTransform_float_3_3
Parameters: 0.999998 -0.00148172 -0.00125141 0.00147028 0.999962 -0.00852885 0.00126358 0.00852614 0.999963 0.0246657 0.508493 -0.408119
FixedParameters: 0 0 0

#Transform 118
Transform: AffineTransform_float_3_3
Parameters: 0.999999 -0.00127521 -0.00125371 0.0012648 0.999967 -0.0081066 0.0012633 0.00810541 0.999967 0.00278108 0.480977 -0.383524
FixedParameters: 0 0 0

#Transform 119
Transform: AffineTransform_float_3_3
Parameters: 0.999998 -0.000858439 -0.00168522 0.000845562 0.999968 -0.00795944 0.00169178 0.00795756 0.999967 0.0102373 0.464812 -0.36915
FixedParameters: 0 0 0

#Transform 120
Transform: AffineTransform_float_3_3
Parameters: 0.999999 -0.000739479 -0.00168659 0.000726521 0.999973 -0.00738624 0.00169241 0.00738577 0.999972 -0.00622013 0.438672 -0.333106
FixedParameters: 0 0 0

#Transform 121
Transform: AffineTransform_float_3_3
Parameters: 0.999998 -0.000813575 -0.00145514 0.000803426 0.999974 -0.00725318 0.00146086 0.00725182 0.999972 -0.0152605 0.427295 -0.324607
FixedParameters: 0 0 0

#Transform 122
Transform: AffineTransform_float_3_3
Parameters: 0.999999 -0.000991581 -0.00123114 0.00098342 0.999976 -0.00695122 0.00123786 0.00694978 0.999975 -0.010052 0.418746 -0.292689
FixedParameters: 0 0 0

#Transform 123
Transform: AffineTransform_float_3_3
Parameters: 0.999999 -0.00110568 -0.00104191 0.00109832 0.999973 -0.00734616 0.0010501 0.00734485 0.999973 -0.0158146 0.455398 -0.341807
FixedParameters: 0 0 0

#Transform 124
Transform: AffineTransform_float_3_3
Parameters: 0.999998 -0.000992527 -0.00131084 0.000983471 0.999973 -0.0072493 0.00131816 0.0072477 0.999973 0.00144834 0.422225 -0.303105
FixedParameters: 0 0 0

#Transform 125
Transform: AffineTransform_float_3_3
Parameters: 0.999997 -0.0013829 -0.00169335 0.0013711 0.999975 -0.00700634 0.00170365 0.00700366 0.999974 0.0359623 0.414788 -0.278192
FixedParameters: 0 0 0

#Transform 126
Transform: AffineTransform_float_3_3
Parameters: 0.999999 -0.00134327 -0.00123399 0.00133373 0.999971 -0.00747966 0.00124401 0.00747834 0.999972 0.0170021 0.461192 -0.317986
FixedParameters: 0 0 0

#Transform 127
Transform: AffineTransform_float_3_3
Parameters: 0.999998 -0.00109987 -0.00156705 0.00108713 0.999966 -0.00818972 0.00157596 0.00818828 0.999965 0.00107681 0.525409 -0.347338
FixedParameters: 0 0 0

#Transform 128
Transform: AffineTransform_float_3_3
Parameters: 0.999999 -0.000871314 -0.00117588 0.000862684 0.999975 -0.00705302 0.00118211 0.00705198 0.999975 -0.0199997 0.458592 -0.327295
FixedParameters: 0 0 0

#Transform 129
Transform: AffineTransform_float_3_3
Parameters: 1 0.000148664 -0.000636788 -0.000152332 0.999986 -0.00524191 0.00063521 0.0052421 0.999986 -0.0788604 0.354169 -0.26758
FixedParameters: 0 0 0

#Transform 130
Transform: AffineTransform_float_3_3
Parameters: 1 -0.000570371 -0.00102503 0.00056563 0.999986 -0.00523158 0.00102797 0.00523142 0.999986 -0.00744521 0.317968 -0.222404
FixedParameters: 0 0 0

#Transform 131
Transform: AffineTransform_float_3_3
Parameters: 0.999999 -0.00108756 -0.000926836 0.00108444 0.999992 -0.00383601 0.000930166 0.00383499 0.999992 -0.00285114 0.264085 -0.153471
FixedParameters: 0 0 0

#Transform 132
Transform: AffineTransform_float_3_3
Parameters: 1 -0.00108596 -0.00045838 0.00108404 0.999991 -0.0042585 0.000462621 0.0042585 0.999991 -0.0301862 0.288287 -0.196392
FixedParameters: 0 0 0

#Transform 133
Transform: AffineTransform_float_3_3
Parameters: 0.999999 -0.0012771 -0.000457182 0.0012749 0.999989 -0.00455959 0.000462817 0.00455841 0.99999 -0.0344261 0.312341 -0.193097
FixedParameters: 0 0 0

#Transform 134
Transform: AffineTransform_float_3_3
Parameters: 1 -0.000894303 -0.000700805 0.000890696 0.999988 -0.00469962 0.000705193 0.00469837 0.999988 -0.0553616 0.307992 -0.185737
FixedParameters: 0 0 0

#Transform 135
Transform: AffineTransform_float_3_3
Parameters: 0.999999 -0.000968299 -0.000901405 0.000963699 0.999988 -0.00475688 0.000906595 0.00475613 0.999989 -0.0480373 0.300482 -0.219725
FixedParameters: 0 0 0

#Transform 136
Transform: AffineTransform_float_3_3
Parameters: 0.999999 -0.0010872 -0.000626478 0.0010848 0.999986 -0.00508668 0.000632525 0.00508531 0.999987 -0.06177 0.317137 -0.212058
FixedParameters: 0 0 0

#Transform 137
Transform: AffineTransform_float_3_3
Parameters: 0.999999 -0.00151193 -0.000380419 0.00151007 0.999987 -0.00501758 0.000387582 0.00501742 0.999988 -0.0443883 0.327044 -0.231282
FixedParameters: 0 0 0

#Transform 138
Transform: AffineTransform_float_3_3
Parameters: 0.999999 -0.00162833 -0.000864899 0.00162467 0.999987 -0.00498242 0.000873104 0.00498059 0.999987 0.00356585 0.336782 -0.229968
FixedParameters: 0 0 0

#Transform 139
Transform: AffineTransform_float_3_3
Parameters: 0.999998 -0.0015035 -0.000710648 0.0015005 0.999987 -0.00489607 0.000718354 0.00489493 0.999988 -0.0135756 0.331729 -0.250859
FixedParameters: 0 0 0

#Transform 140
Transform: AffineTransform_float_3_3
Parameters: 0.999998 -0.00139112 -0.00095659 0.00138588 0.999985 -0.00533733 0.000963409 0.00533567 0.999986 -0.0140412 0.346767 -0.246677
FixedParameters: 0 0 0

#Transform 141
Transform: AffineTransform_float_3_3
Parameters: 0.999997 -0.00200678 -0.000839669 0.00200222 0.999982 -0.00565369 0.000851332 0.0056523 0.999983 0.000243146 0.366475 -0.239734
FixedParameters: 0 0 0

#Transform 142
Transform: AffineTransform_float_3_3
Parameters: 0.999998 -0.00211691 -0.000779792 0.00211209 0.999979 -0.00624767 0.000793211 0.00624634 0.99998 0.00216779 0.403426 -0.223828
FixedParameters: 0 0 0

#Transform 143
Transform: AffineTransform_float_3_3
Parameters: 0.999998 -0.00200038 -0.00113105 0.00199362 0.999977 -0.00648627 0.00114395 0.00648373 0.999979 0.0209287 0.42739 -0.248449
FixedParameters: 0 0 0

#Transform 144
Transform: AffineTransform_float_3_3
Parameters: 0.999998 -0.00183745 -0.00132133 0.00182955 0.999978 -0.00636543 0.00133367 0.00636257 0.999979 0.0211489 0.392143 -0.233611
FixedParameters: 0 0 0

#Transform 145
Transform: AffineTransform_float_3_3
Parameters: 0.999999 -0.00157809 -0.000776744 0.00157291 0.999977 -0.00651023 0.000787257 0.00650976 0.999978 -0.0184616 0.370923 -0.243976
FixedParameters: 0 0 0

#Transform 146
Transform: AffineTransform_float_3_3
Parameters: 0.999999 -0.00157838 -0.0009057 0.00157263 0.999982 -0.00590344 0.0009143 0.00590257 0.999982 -0.0213405 0.364357 -0.267259
FixedParameters: 0 0 0

#Transform 147
Transform: AffineTransform_float_3_3
Parameters: 0.999999 -0.00122151 -0.00099305 0.00121449 0.999978 -0.00652622 0.00100095 0.00652479 0.999978 -0.0423541 0.392252 -0.27629
FixedParameters: 0 0 0

#Transform 148
Transform: AffineTransform_float_3_3
Parameters: 0.999998 -0.00122958 -0.00105236 0.00122242 0.99998 -0.00623029 0.00105964 0.0062287 0.99998 -0.0325573 0.372868 -0.217587
FixedParameters: 0 0 0

#Transform 149
Transform: AffineTransform_float_3_3
Parameters: 0.999998 -0.00111157 -0.00120196 0.00110443 0.999985 -0.00545234 0.00120804 0.00545167 0.999985 -0.0388456 0.344477 -0.193631
FixedParameters: 0 0 0

#Transform 150
Transform: AffineTransform_float_3_3
Parameters: 0.999999 -0.00108991 -0.000870895 0.00108509 0.999983 -0.00561395 0.000877105 0.00561305 0.999984 -0.0639326 0.357497 -0.190018
FixedParameters: 0 0 0

#Transform 151
Transform: AffineTransform_float_3_3
Parameters: 0.999999 -0.00120389 -0.00068723 0.00120011 0.999984 -0.00563283 0.000694771 0.00563217 0.999984 -0.0510925 0.34237 -0.158366
FixedParameters: 0 0 0

#Transform 152
Transform: AffineTransform_float_3_3
Parameters: 0.999999 -0.00133713 -0.000218215 0.00133588 0.999986 -0.0050763 0.000224784 0.00507571 0.999987 -0.0422758 0.320609 -0.165998
FixedParameters: 0 0 0

#Transform 153
Transform: AffineTransform_float_3_3
Parameters: 0.999999 -0.00167537 -0.000609817 0.00167263 0.999983 -0.00548702 0.000619186 0.00548597 0.999985 -0.0291674 0.334721 -0.202217
FixedParameters: 0 0 0

#Transform 154
Transform: AffineTransform_float_3_3
Parameters: 0.999999 -0.00144211 -0.000941224 0.0014369 0.999985 -0.00540236 0.000948777 0.00540164 0.999985 -0.0319149 0.347402 -0.196861
FixedParameters: 0 0 0

#Transform 155
Transform: AffineTransform_float_3_3
Parameters: 0.999999 -0.0016287 -0.000757094 0.0016243 0.999987 -0.00486024 0.000764902 0.00485876 0.999988 -0.0277723 0.315945 -0.219321
FixedParameters: 0 0 0

#Transform 156
Transform: AffineTransform_float_3_3
Parameters: 0.999998 -0.00160315 -0.00130972 0.00159785 0.999991 -0.0039241 0.00131628 0.0039219 0.999992 0.0269478 0.234779 -0.180513
FixedParameters: 0 0 0

#Transform 157
Transform: AffineTransform_float_3_3
Parameters: 0.999999 -0.00134152 -0.00114657 0.00133548 0.999987 -0.00480454 0.00115243 0.00480346 0.999988 0.0225229 0.288439 -0.233479
FixedParameters: 0 0 0

#Transform 158
Transform: AffineTransform_float_3_3
Parameters: 0.999998 -0.0013392 -0.000928404 0.0013358 0.999993 -0.00343624 0.000932594 0.00343476 0.999993 0.00701307 0.244118 -0.162155
FixedParameters: 0 0 0

#Transform 159
Transform: AffineTransform_float_3_3
Parameters: 0.999998 -0.00133848 -0.000892295 0.00133552 0.999996 -0.0027712 0.000896703 0.0027698 0.999996 0.00945469 0.157744 -0.101676
FixedParameters: 0 0 0

#Transform 160
Transform: AffineTransform_float_3_3
Parameters: 0.999998 -0.00133905 -0.000957745 0.00133594 0.999994 -0.00318229 0.000962255 0.00318072 0.999995 0.0245933 0.203263 -0.153482
FixedParameters: 0 0 0

#Transform 161
Transform: AffineTransform_float_3_3
Parameters: 0.999999 -0.00133851 -0.000707272 0.00133549 0.999993 -0.00353595 0.000711726 0.00353505 0.999993 0.00819397 0.231965 -0.132814
FixedParameters: 0 0 0

#Transform 162
Transform: AffineTransform_float_3_3
Parameters: 0.999998 -0.00175289 -0.000977043 0.0017491 0.99999 -0.00397371 0.000983955 0.00397128 0.999991 0.0294887 0.219381 -0.11593
FixedParameters: 0 0 0

#Transform 163
Transform: AffineTransform_float_3_3
Parameters: 0.999998 -0.00134029 -0.00107668 0.00133571 0.999991 -0.00397344 0.00108231 0.00397155 0.999991 0.00481161 0.235797 -0.115965
FixedParameters: 0 0 0

#Transform 164
Transform: AffineTransform_float_3_3
Parameters: 0.999998 -0.00160026 -0.00112999 0.00159574 0.999991 -0.00376381 0.00113601 0.00376219 0.999993 0.0261473 0.244727 -0.100086
FixedParameters: 0 0 0

#Transform 165
Transform: AffineTransform_float_3_3
Parameters: 0.999997 -0.00238738 -0.000782765 0.00238462 0.999988 -0.00429088 0.000793237 0.00428912 0.99999 0.0566394 0.240067 -0.0950251
FixedParameters: 0 0 0

#Transform 166
Transform: AffineTransform_float_3_3
Parameters: 0.999998 -0.0019175 -0.000859236 0.0019135 0.99999 -0.00405365 0.000866763 0.00405235 0.999992 0.0364805 0.27543 -0.113086
FixedParameters: 0 0 0

#Transform 167
Transform: AffineTransform_float_3_3
Parameters: 0.999997 -0.00209629 -0.00112806 0.00209171 0.99999 -0.00379337 0.00113594 0.00379063 0.999992 0.0728682 0.221111 -0.0870467
FixedParameters: 0 0 0

#Transform 168
Transform: AffineTransform_float_3_3
Parameters: 0.999998 -0.00191826 -0.00112879 0.00191374 0.999991 -0.00376217 0.00113621 0.00375983 0.999993 0.0647683 0.252257 -0.077257
FixedParameters: 0 0 0

#Transform 169
Transform: AffineTransform_float_3_3
Parameters: 0.999997 -0.00191751 -0.000919713 0.00191349 0.999991 -0.00380477 0.000927286 0.00380323 0.999993 0.0354711 0.242951 -0.102502
FixedParameters: 0 0 0

#Transform 170
Transform: AffineTransform_float_3_3
Parameters: 0.999998 -0.00191828 -0.00115693 0.00191372 0.999992 -0.00368922 0.00116407 0.00368678 0.999992 0.0494296 0.226371 -0.0946202
FixedParameters: 0 0 0

#Transform 171
Transform: AffineTransform_float_3_3
Parameters: 0.999998 -0.00177896 -0.000957681 0.00177504 0.99999 -0.00411971 0.000965318 0.00411729 0.999991 0.0349771 0.242204 -0.111087
FixedParameters: 0 0 0

#Transform 172
Transform: AffineTransform_float_3_3
Parameters: 0.999998 -0.00150249 -0.00115691 0.00149751 0.999987 -0.00473174 0.0011641 0.00473026 0.999988 0.00188209 0.293666 -0.128803
FixedParameters: 0 0 0

#Transform 173
Transform: AffineTransform_float_3_3
Parameters: 0.999998 -0.00148958 -0.00128657 0.00148442 0.99999 -0.00432592 0.00129343 0.00432408 0.99999 -0.00390161 0.244039 -0.104834
FixedParameters: 0 0 0

#Transform 174
Transform: AffineTransform_float_3_3
Parameters: 0.999998 -0.00177662 -0.000998827 0.00177238 0.999988 -0.00460678 0.00100717 0.00460522 0.999989 0.00153052 0.246961 -0.0959508
FixedParameters: 0 0 0

#Transform 175
Transform: AffineTransform_float_3_3
Parameters: 0.999998 -0.00176502 -0.000661 0.00176198 0.999988 -0.00453718 0.000669 0.00453583 0.99999 -0.00180809 0.266212 -0.0789124
FixedParameters: 0 0 0

#Transform 176
Transform: AffineTransform_float_3_3
Parameters: 0.999998 -0.00178271 -0.000579719 0.00178029 0.999987 -0.00464904 0.000587282 0.00464796 0.999989 -0.0125481 0.276863 -0.112177
FixedParameters: 0 0 0

#Transform 177
Transform: AffineTransform_float_3_3
Parameters: 0.999997 -0.00235237 -0.000657064 0.00234863 0.999985 -0.00507856 0.000668935 0.00507744 0.999987 0.00981036 0.315394 -0.117132
FixedParameters: 0 0 0

#Transform 178
Transform: AffineTransform_float_3_3
Parameters: 0.999998 -0.00200549 -0.00010278 0.00200451 0.999988 -0.00459822 0.000112218 0.00459779 0.99999 -0.0226408 0.258443 -0.12531
FixedParameters: 0 0 0

#Transform 179
Transform: AffineTransform_float_3_3
Parameters: 0.999997 -0.00236356 -0.000506211 0.00236144 0.999985 -0.00499121 0.000517791 0.00498979 0.999988 0.0102397 0.285149 -0.0825382
FixedParameters: 0 0 0

#Transform 180
Transform: AffineTransform_float_3_3
Parameters: 0.999997 -0.00200858 -0.000752518 0.00200442 0.999987 -0.00472552 0.000762479 0.00472448 0.999988 0.00263306 0.294582 -0.146069
FixedParameters: 0 0 0

#Transform 181
Transform: AffineTransform_float_3_3
Parameters: 0.999998 -0.00178944 -0.000659739 0.00178556 0.999985 -0.00518119 0.000668259 0.00517982 0.999987 -0.0280253 0.321019 -0.158568
FixedParameters: 0 0 0

#Transform 182
Transform: AffineTransform_float_3_3
Parameters: 0.999998 -0.00225103 -0.000434629 0.00224897 0.999987 -0.00460999 0.000445372 0.00460901 0.99999 -0.00411043 0.282508 -0.142934
FixedParameters: 0 0 0

#Transform 183
Transform: AffineTransform_float_3_3
Parameters: 0.999997 -0.00208386 -0.00054517 0.00208114 0.999985 -0.00520115 0.00055583 0.00519986 0.999987 -0.0121686 0.300949 -0.160101
FixedParameters: 0 0 0

#Transform 184
Transform: AffineTransform_float_3_3
Parameters: 0.999997 -0.00208132 -0.00048006 0.00207868 0.999987 -0.00477901 0.000489939 0.004778 0.999989 -0.00164301 0.28788 -0.14199
FixedParameters: 0 0 0

#Transform 185
Transform: AffineTransform_float_3_3
Parameters: 0.999998 -0.00178269 -0.000605142 0.00178031 0.999988 -0.00441208 0.00061286 0.00441091 0.99999 -0.00757804 0.25168 -0.108443
FixedParameters: 0 0 0

#Transform 186
Transform: AffineTransform_float_3_3
Parameters: 0.999998 -0.00179179 -0.000553042 0.00178921 0.999986 -0.005004 0.00056196 0.005003 0.999988 -0.018756 0.291217 -0.149017
FixedParameters: 0 0 0

#Transform 187
Transform: AffineTransform_float_3_3
Parameters: 0.999998 -0.00177536 -0.000700553 0.00177264 0.999987 -0.00476325 0.00070945 0.00476175 0.999989 -0.0193887 0.277041 -0.135794
FixedParameters: 0 0 0

#Transform 188
Transform: AffineTransform_float_3_3
