#Insight Transform File V1.0
#Transform 0
Transform: AffineTransform_float_3_3
Parameters: 0.999999 -0.000432526 0.000690671 0.000432474 0.999999 0.000762299 -0.00069033 -0.000761702 1 0.00328989 -0.0155707 0.413689
FixedParameters: 0 0 0

#Transform 1
Transform: AffineTransform_float_3_3
Parameters: 1 0.000385996 -3.80401e-05 -0.000386004 1 -0.000103985 3.79598e-05 0.000104015 1 0.0138795 0.0558192 -0.0376835
FixedParameters: 0 0 0

#Transform 2
Transform: AffineTransform_float_3_3
Parameters: 1 0.000587887 0.000220301 -0.000588112 0.999999 0.00051187 -0.000219699 -0.000512129 1 0.0278499 0.0560713 -0.0513427
FixedParameters: 0 0 0

#Transform 3
Transform: AffineTransform_float_3_3
Parameters: 1 0.000286773 0.000506129 -0.000287227 1 0.000448855 -0.000505871 -0.000449145 1 0.0361764 0.080047 -0.0992935
FixedParameters: 0 0 0

#Transform 4
Transform: AffineTransform_float_3_3
Parameters: 1 0.000167746 0.000486087 -0.000168254 1 0.000521918 -0.000485912 -0.000522081 0.999999 0.0430692 0.0874962 -0.131795
FixedParameters: 0 0 0

#Transform 5
Transform: AffineTransform_float_3_3
Parameters: 1 0.000510919 0.000312133 -0.000511081 1 0.00025984 -0.000311867 -0.000260159 1 0.0436849 0.0961762 -0.149277
FixedParameters: 0 0 0

#Transform 6
Transform: AffineTransform_float_3_3
Parameters: 0.999999 0.000535386 0.000631521 -0.000536614 1 0.000971662 -0.000631479 -0.000972339 1 0.0596258 0.0936975 -0.156116
FixedParameters: 0 0 0

#Transform 7
Transform: AffineTransform_float_3_3
Parameters: 0.999999 0.000546226 0.000653647 -0.000546774 0.999999 0.00118464 -0.000653352 -0.00118536 0.999999 0.0555766 0.106464 -0.163612
FixedParameters: 0 0 0

#Transform 8
Transform: AffineTransform_float_3_3
Parameters: 0.999999 0.000523453 0.000630454 -0.000523545 0.999999 0.00086667 -0.000629546 -0.00086733 1 0.0623087 0.107161 -0.150146
FixedParameters: 0 0 0

#Transform 9
Transform: AffineTransform_float_3_3
Parameters: 0.999999 0.000413526 0.000618317 -0.000414474 0.999999 0.000766743 -0.000617682 -0.000766255 0.999999 0.0598407 0.106117 -0.162199
FixedParameters: 0 0 0

#Transform 10
Transform: AffineTransform_float_3_3
Parameters: 0.999999 0.000362302 0.000850298 -0.000362699 0.999999 0.000821692 -0.000850702 -0.000821308 1 0.0747212 0.105995 -0.175182
FixedParameters: 0 0 0

#Transform 11
Transform: AffineTransform_float_3_3
Parameters: 0.999999 0.000334937 0.00124629 -0.000336062 0.999999 0.000852581 -0.00124571 -0.000853417 0.999999 0.0743552 0.092002 -0.170056
FixedParameters: 0 0 0

#Transform 12
Transform: AffineTransform_float_3_3
Parameters: 0.999999 0.000308247 0.000856271 -0.000308753 0.999999 0.000878736 -0.000856729 -0.000879264 0.999999 0.0655499 0.0888009 -0.147508
FixedParameters: 0 0 0

#Transform 13
Transform: AffineTransform_float_3_3
Parameters: 1 0.000361216 0.000962295 -0.000361784 0.999999 0.000814652 -0.000961706 -0.000815348 0.999999 0.0728712 0.108814 -0.141505
FixedParameters: 0 0 0

#Transform 14
Transform: AffineTransform_float_3_3
Parameters: 0.999999 0.000269419 0.000798196 -0.000270581 0.999999 0.000727784 -0.000797803 -0.000728215 1 0.0766878 0.107123 -0.161736
FixedParameters: 0 0 0

#Transform 15
Transform: AffineTransform_float_3_3
Parameters: 0.999999 0.00033409 0.000701434 -0.000334909 0.999999 0.00129677 -0.000700566 -0.00129723 0.999999 0.0616642 0.111194 -0.134554
FixedParameters: 0 0 0

#Transform 16
Transform: AffineTransform_float_3_3
Parameters: 1 0.000318989 0.000989327 -0.000320012 1 0.00102168 -0.000989674 -0.00102232 0.999999 0.0676843 0.101378 -0.118126
FixedParameters: 0 0 0

#Transform 17
Transform: AffineTransform_float_3_3
Parameters: 0.999999 0.000553358 0.00069751 -0.000554642 1 0.000920614 -0.000696489 -0.000921386 1 0.054703 0.120998 -0.124584
FixedParameters: 0 0 0

#Transform 18
Transform: AffineTransform_float_3_3
Parameters: 0.999999 0.000585515 0.000589482 -0.000586485 1 0.000822655 -0.000588518 -0.000823346 1 0.0570265 0.106953 -0.132275
FixedParameters: 0 0 0

#Transform 19
Transform: AffineTransform_float_3_3
Parameters: 0.999999 0.000502206 0.000693575 -0.000502793 0.999999 0.00114465 -0.000692424 -0.00114535 0.999999 0.0512323 0.082856 -0.120144
FixedParameters: 0 0 0

#Transform 20
Transform: AffineTransform_float_3_3
Parameters: 1 0.000452231 0.000918379 -0.000452769 0.999999 0.000836584 -0.000918622 -0.000837416 0.999999 0.0620297 0.100582 -0.114963
FixedParameters: 0 0 0

#Transform 21
Transform: AffineTransform_float_3_3
Parameters: 0.999999 0.000572623 0.000463465 -0.000573375 0.999999 0.000811734 -0.000462534 -0.000812264 0.999999 0.0496028 0.106945 -0.116577
FixedParameters: 0 0 0

#Transform 22
Transform: AffineTransform_float_3_3
Parameters: 0.999999 0.000757407 0.000577778 -0.000758592 0.999999 0.00102656 -0.000576221 -0.00102744 1 0.0373219 0.0788927 -0.111056
FixedParameters: 0 0 0

#Transform 23
Transform: AffineTransform_float_3_3
Parameters: 1 0.00095073 0.000566454 -0.000950271 1 0.000477462 -0.000565546 -0.000478538 0.999999 0.0261467 0.0846888 -0.107516
FixedParameters: 0 0 0

#Transform 24
Transform: AffineTransform_float_3_3
Parameters: 1 0.000817672 0.000566475 -0.000817329 1 0.000580537 -0.000565525 -0.000581463 0.999999 0.0332273 0.102915 -0.118258
FixedParameters: 0 0 0

#Transform 25
Transform: AffineTransform_float_3_3
Parameters: 0.999999 0.000673605 0.000508524 -0.000673396 1 0.000778658 -0.000507476 -0.000778342 0.999999 0.0365027 0.0909798 -0.13252
FixedParameters: 0 0 0

#Transform 26
Transform: AffineTransform_float_3_3
Parameters: 0.999999 0.000351149 0.000769389 -0.000351851 1 0.00110573 -0.000769611 -0.00110627 0.999999 0.0383277 0.0841059 -0.121051
FixedParameters: 0 0 0

#Transform 27
Transform: AffineTransform_float_3_3
Parameters: 1 0.000404978 0.0010284 -0.000406022 1 0.000993583 -0.0010276 -0.000994417 0.999999 0.0476115 0.0785464 -0.11166
FixedParameters: 0 0 0

#Transform 28
Transform: AffineTransform_float_3_3
Parameters: 1 0.00021024 0.00102816 -0.00021076 0.999999 0.000738784 -0.00102785 -0.000739216 0.999999 0.0509217 0.0944845 -0.130525
FixedParameters: 0 0 0

#Transform 29
Transform: AffineTransform_float_3_3
Parameters: 0.999999 0.000301377 0.000746252 -0.000301623 0.999999 0.000834775 -0.000745748 -0.000835225 1 0.040806 0.088082 -0.111184
FixedParameters: 0 0 0

#Transform 30
Transform: AffineTransform_float_3_3
Parameters: 0.999999 0.00014912 0.000947139 -0.000150881 0.999999 0.000929857 -0.00094786 -0.000929141 0.999999 0.0440873 0.0852596 -0.0899562
FixedParameters: 0 0 0

#Transform 31
Transform: AffineTransform_float_3_3
Parameters: 0.999999 0.00046512 0.000904453 -0.000465881 1 0.00097358 -0.000904547 -0.000973422 0.999999 0.0425645 0.0970882 -0.0911033
FixedParameters: 0 0 0

#Transform 32
Transform: AffineTransform_float_3_3
Parameters: 1 0.000378988 0.00102537 -0.000380013 1 0.000986611 -0.00102563 -0.00098739 0.999999 0.0445583 0.109818 -0.108461
FixedParameters: 0 0 0

#Transform 33
Transform: AffineTransform_float_3_3
Parameters: 1 0.000783268 0.000742774 -0.000784733 0.999999 0.000986418 -0.000742226 -0.000987582 0.999999 0.0270129 0.0820345 -0.0894211
FixedParameters: 0 0 0

#Transform 34
Transform: AffineTransform_float_3_3
Parameters: 1 0.000750265 0.000695795 -0.000751737 0.999999 0.00105848 -0.000695205 -0.00105852 0.999999 0.0190009 0.086641 -0.0890541
FixedParameters: 0 0 0

#Transform 35
Transform: AffineTransform_float_3_3
Parameters: 0.999999 0.000703688 0.000614357 -0.000704312 0.999999 0.000507567 -0.000614642 -0.000507432 0.999999 0.0240163 0.102274 -0.111822
FixedParameters: 0 0 0

#Transform 36
Transform: AffineTransform_float_3_3
Parameters: 0.999999 0.000564148 0.000753638 -0.000564852 0.999999 0.00113058 -0.000753362 -0.00113043 0.999999 0.0402055 0.0901106 -0.111344
FixedParameters: 0 0 0

#Transform 37
Transform: AffineTransform_float_3_3
Parameters: 1 0.00075898 0.000782991 -0.000760021 0.999999 0.00130441 -0.00078201 -0.00130459 0.999999 0.0367139 0.0970733 -0.122263
FixedParameters: 0 0 0

#Transform 38
Transform: AffineTransform_float_3_3
Parameters: 1 0.00065245 0.000870413 -0.000653549 0.999999 0.000631432 -0.000869588 -0.000632568 1 0.0417007 0.113109 -0.109691
FixedParameters: 0 0 0

#Transform 39
Transform: AffineTransform_float_3_3
Parameters: 1 0.000685376 0.000987434 -0.000685624 0.999999 0.000631323 -0.000987567 -0.000632677 1 0.0430595 0.10403 -0.131426
FixedParameters: 0 0 0

#Transform 40
Transform: AffineTransform_float_3_3
Parameters: 1 0.000601837 0.000913767 -0.000603162 0.999999 0.00127245 -0.000912233 -0.00127355 0.999999 0.0400297 0.0983046 -0.114831
FixedParameters: 0 0 0

#Transform 41
Transform: AffineTransform_float_3_3
Parameters: 0.999999 0.000596186 0.000678716 -0.000596813 0.999999 0.0011996 -0.000677284 -0.0012004 0.999999 0.0291312 0.107174 -0.0929733
FixedParameters: 0 0 0

#Transform 42
Transform: AffineTransform_float_3_3
Parameters: 1 0.00059519 0.000849569 -0.00059581 1 0.000953495 -0.000848432 -0.000954506 0.999999 0.0415363 0.118202 -0.121519
FixedParameters: 0 0 0

#Transform 43
Transform: AffineTransform_float_3_3
Parameters: 0.999999 0.00069629 0.000677729 -0.000697709 0.999999 0.00104653 -0.00067727 -0.00104747 0.999999 0.0388118 0.109658 -0.120831
FixedParameters: 0 0 0

#Transform 44
Transform: AffineTransform_float_3_3
Parameters: 1 0.00075704 0.000917793 -0.000757961 0.999999 0.00104631 -0.000917207 -0.0010477 0.999999 0.0505672 0.114132 -0.132422
FixedParameters: 0 0 0

#Transform 45
Transform: AffineTransform_float_3_3
Parameters: 0.999999 0.000710888 0.00107574 -0.000712113 0.999999 0.00103423 -0.00107526 -0.00103477 0.999999 0.0544151 0.0895915 -0.116305
FixedParameters: 0 0 0

#Transform 46
Transform: AffineTransform_float_3_3
Parameters: 1 0.000680319 0.000854544 -0.000680682 1 0.000797419 -0.000854458 -0.000797582 1 0.0518966 0.112103 -0.128649
FixedParameters: 0 0 0

#Transform 47
Transform: AffineTransform_float_3_3
Parameters: 0.999999 0.000549208 0.000788553 -0.000550793 1 0.00100557 -0.000788447 -0.00100543 0.999999 0.0481385 0.107806 -0.127894
FixedParameters: 0 0 0

#Transform 48
Transform: AffineTransform_float_3_3
Parameters: 0.999999 0.00056882 0.0011166 -0.00057018 1 0.00105736 -0.0011154 -0.00105764 0.999999 0.0536292 0.0947453 -0.126516
FixedParameters: 0 0 0

#Transform 49
Transform: AffineTransform_float_3_3
Parameters: 1 0.000592818 0.00092276 -0.000593182 0.999999 0.00128045 -0.000922241 -0.00128155 0.999999 0.0452992 0.0909593 -0.101748
FixedParameters: 0 0 0

#Transform 50
Transform: AffineTransform_float_3_3
Parameters: 1 0.000595047 0.000955595 -0.000595955 1 0.000998432 -0.000955406 -0.00099857 0.999999 0.0580899 0.0955424 -0.09862
FixedParameters: 0 0 0

#Transform 51
Transform: AffineTransform_float_3_3
Parameters: 1 0.000796993 0.000885907 -0.000798007 0.999999 0.00113729 -0.000884093 -0.00113771 0.999999 0.0566075 0.118462 -0.0972232
FixedParameters: 0 0 0

#Transform 52
Transform: AffineTransform_float_3_3
Parameters: 0.999999 0.000565365 0.00132727 -0.000566635 0.999999 0.000478248 -0.00132673 -0.00047875 0.999999 0.059083 0.0890424 -0.123642
FixedParameters: 0 0 0

#Transform 53
Transform: AffineTransform_float_3_3
Parameters: 0.999999 0.000609261 0.00069265 -0.000610738 0.999999 0.00106658 -0.000691348 -0.00106742 0.999999 0.0544048 0.10244 -0.114428
FixedParameters: 0 0 0

#Transform 54
Transform: AffineTransform_float_3_3
Parameters: 1 0.000698962 0.0008079 -0.000700039 0.999999 0.00128543 -0.000807101 -0.00128556 0.999999 0.0482011 0.0915302 -0.108183
FixedParameters: 0 0 0

#Transform 55
Transform: AffineTransform_float_3_3
Parameters: 0.999999 0.000542349 0.000753469 -0.000542651 0.999999 0.000863591 -0.000753531 -0.000864409 1 0.0441993 0.104284 -0.0974716
FixedParameters: 0 0 0

#Transform 56
Transform: AffineTransform_float_3_3
Parameters: 1 0.00061442 0.000842423 -0.00061458 0.999999 0.000687483 -0.000842578 -0.000688518 1 0.0564448 0.0978445 -0.119896
FixedParameters: 0 0 0

#Transform 57
Transform: AffineTransform_float_3_3
Parameters: 1 0.000684988 0.000894776 -0.000686013 0.999999 0.00113139 -0.000894224 -0.00113261 0.999999 0.0570127 0.0898159 -0.109427
FixedParameters: 0 0 0

#Transform 58
Transform: AffineTransform_float_3_3
Parameters: 0.999999 0.000597347 0.000846461 -0.000597652 0.999999 0.000771494 -0.000845539 -0.000771505 1 0.0565279 0.0856753 -0.0887601
FixedParameters: 0 0 0

#Transform 59
Transform: AffineTransform_float_3_3
Parameters: 0.999999 0.000722477 0.000595634 -0.000722521 0.999999 0.00087757 -0.000594366 -0.00087743 1 0.052688 0.108484 -0.0930867
FixedParameters: 0 0 0

#Transform 60
Transform: AffineTransform_float_3_3
Parameters: 1 0.00072419 0.000865679 -0.000724811 1 0.000936374 -0.000865322 -0.000936628 0.999999 0.0532309 0.0943491 -0.0938421
FixedParameters: 0 0 0

#Transform 61
Transform: AffineTransform_float_3_3
Parameters: 1 0.000781075 0.000838863 -0.000781926 0.999999 0.00110334 -0.000838138 -0.00110366 0.999999 0.0537277 0.0834475 -0.0932811
FixedParameters: 0 0 0

#Transform 62
Transform: AffineTransform_float_3_3
Parameters: 1 0.000752251 0.000872647 -0.000752749 1 0.000858344 -0.000871354 -0.000859657 1 0.0538388 0.0977612 -0.0939282
FixedParameters: 0 0 0

#Transform 63
Transform: AffineTransform_float_3_3
Parameters: 1 0.000912291 0.000756856 -0.00091271 0.999999 0.00093731 -0.000756145 -0.000937691 1 0.0544193 0.107486 -0.0743981
FixedParameters: 0 0 0

#Transform 64
Transform: AffineTransform_float_3_3
Parameters: 0.999999 0.000702182 0.000713805 -0.000703818 0.999999 0.0011465 -0.000713193 -0.0011465 0.999999 0.0544119 0.0802769 -0.0871695
FixedParameters: 0 0 0

#Transform 65
Transform: AffineTransform_float_3_3
Parameters: 0.999999 0.000812263 0.000544101 -0.000812737 0.999999 0.00135456 -0.000543899 -0.00135544 0.999999 0.0451283 0.0992087 -0.0678667
FixedParameters: 0 0 0

#Transform 66
Transform: AffineTransform_float_3_3
Parameters: 1 0.000705446 0.000804486 -0.000706553 0.999999 0.000687432 -0.000804515 -0.000688568 1 0.0557403 0.0779223 -0.0655643
FixedParameters: 0 0 0

#Transform 67
Transform: AffineTransform_float_3_3
Parameters: 1 0.000951548 0.000657654 -0.000952453 1 0.000687374 -0.000657344 -0.000688626 0.999999 0.0529991 0.105664 -0.0780901
FixedParameters: 0 0 0

#Transform 68
Transform: AffineTransform_float_3_3
Parameters: 1 0.000682172 0.000773732 -0.00068283 0.999999 0.00107147 -0.000773269 -0.00107153 0.999999 0.0471238 0.084377 -0.0773899
FixedParameters: 0 0 0

#Transform 69
Transform: AffineTransform_float_3_3
Parameters: 0.999999 0.000855157 0.000717006 -0.000855843 0.999999 0.00117639 -0.000715993 -0.00117661 0.999999 0.0467006 0.0837947 -0.0750552
FixedParameters: 0 0 0

#Transform 70
Transform: AffineTransform_float_3_3
Parameters: 1 0.00087153 0.000597686 -0.000871471 1 0.000786479 -0.000597314 -0.000787521 0.999999 0.0383901 0.0966891 -0.0612247
FixedParameters: 0 0 0

#Transform 71
Transform: AffineTransform_float_3_3
Parameters: 1 0.000823452 0.000561806 -0.00082455 0.999999 0.000977538 -0.000561195 -0.000977463 1 0.0366503 0.0761376 -0.0605607
FixedParameters: 0 0 0

#Transform 72
Transform: AffineTransform_float_3_3
Parameters: 0.999999 0.000811303 0.000637888 -0.000811697 0.999999 0.00109348 -0.000637113 -0.00109352 0.999999 0.0262922 0.0798107 -0.0698615
FixedParameters: 0 0 0

#Transform 73
Transform: AffineTransform_float_3_3
Parameters: 1 0.000834642 0.000434689 -0.00083536 1 0.000825637 -0.000434311 -0.000825363 0.999999 0.00978631 0.0667069 -0.0358928
FixedParameters: 0 0 0

#Transform 74
Transform: AffineTransform_float_3_3
Parameters: 1 0.000893447 0.000498993 -0.000894554 0.999999 0.00111055 -0.000498008 -0.00111045 1 0.013423 0.0885232 -0.05241
FixedParameters: 0 0 0

#Transform 75
Transform: AffineTransform_float_3_3
Parameters: 1 0.00105358 0.000605725 -0.00105342 0.999999 0.000687362 -0.000605275 -0.000688638 0.999999 -0.0128121 0.0483699 -0.0389274
FixedParameters: 0 0 0

#Transform 76
Transform: AffineTransform_float_3_3
Parameters: 0.999999 0.000824987 -0.000329032 -0.000825012 0.999999 -3.87285e-05 0.000328968 3.92714e-05 1 -0.0119766 0.0754021 -0.0544013
FixedParameters: 0 0 0

#Transform 77
Transform: AffineTransform_float_3_3
Parameters: 0.999999 0.000764 -8.39915e-05 -0.000763999 0.999999 1.10642e-05 8.40084e-05 -1.09358e-05 1 -0.0177136 0.032645 -0.00415981
FixedParameters: 0 0 0

#Transform 78
Transform: AffineTransform_float_3_3
Parameters: 1 0.00121509 9.28602e-05 -0.00121491 0.999999 -0.000938113 -9.41395e-05 0.000937886 0.999999 -0.0438491 0.0415025 -0.0232087
FixedParameters: 0 0 0

#Transform 79
Transform: AffineTransform_float_3_3
Parameters: 0.999998 0.00157885 -0.000364637 -0.00157915 0.999998 -0.000403425 0.000364361 0.000404576 1 -0.0515304 0.060999 -0.0231727
FixedParameters: 0 0 0

#Transform 80
Transform: AffineTransform_float_3_3
Parameters: 0.999999 0.00144202 -0.000122817 -0.00144198 0.999999 0.000127177 0.000123183 -0.000126822 1 -0.0443752 0.0317819 -0.0231719
FixedParameters: 0 0 0

#Transform 81
Transform: AffineTransform_float_3_3
Parameters: 0.999999 0.00123896 9.44931e-05 -0.00123904 0.999999 0.000397883 -9.35068e-05 -0.000398116 1 -0.0432968 0.0499578 -0.0418844
FixedParameters: 0 0 0

#Transform 82
Transform: AffineTransform_float_3_3
Parameters: 0.999999 0.0012921 -0.000195324 -0.0012919 0.999999 0.000523253 0.000196676 -0.000522746 1 -0.0317459 0.0921278 -0.0405673
FixedParameters: 0 0 0

#Transform 83
Transform: AffineTransform_float_3_3
Parameters: 1 0.00105508 -0.000208612 -0.00105592 1 0.000368221 0.000209389 -0.000367779 1 -0.0353085 0.0635363 -0.0409104
FixedParameters: 0 0 0

#Transform 84
Transform: AffineTransform_float_3_3
Parameters: 1 0.00105496 9.44768e-05 -0.00105504 1 0.000451901 -9.35231e-05 -0.000452099 1 -0.033839 0.056771 -0.0298357
FixedParameters: 0 0 0

#Transform 85
Transform: AffineTransform_float_3_3
Parameters: 0.999999 0.00143442 -0.000560924 -0.00143358 0.999998 0.000750805 0.000562075 -0.000749195 1 -0.0459765 0.059672 -0.0387617
FixedParameters: 0 0 0

#Transform 86
Transform: AffineTransform_float_3_3
Parameters: 0.999999 0.00143506 -0.000265671 -0.00143494 0.999999 0.000229381 0.00026533 -0.000229619 1 -0.0445975 0.086806 -0.0118675
FixedParameters: 0 0 0

#Transform 87
Transform: AffineTransform_float_3_3
Parameters: 0.999999 0.00143417 -0.000341301 -0.00143383 0.999999 0.00048749 0.000342698 -0.000486509 1 -0.0456555 0.0811405 -0.0339498
FixedParameters: 0 0 0

#Transform 88
Transform: AffineTransform_float_3_3
Parameters: 0.999999 0.00133514 -0.000207129 -0.00133486 0.999999 0.000652277 0.00020787 -0.000651723 1 -0.0493419 0.0788012 -0.038046
FixedParameters: 0 0 0

#Transform 89
Transform: AffineTransform_float_3_3
Parameters: 0.999999 0.00144718 -0.000367298 -0.00144682 0.999999 0.000485532 0.000367703 -0.000485468 1 -0.0585304 0.0701848 -0.0316428
FixedParameters: 0 0 0

#Transform 90
Transform: AffineTransform_float_3_3
Parameters: 0.999999 0.00129703 -0.000201822 -0.00129797 0.999999 0.000137262 0.000202178 -0.000136738 1 -0.0528468 0.0789919 -0.039482
FixedParameters: 0 0 0

#Transform 91
Transform: AffineTransform_float_3_3
Parameters: 0.999999 0.00131512 -0.00025737 -0.00131488 0.999999 0.000479339 0.000258631 -0.00047966 1 -0.04781 0.0732031 -0.0446846
FixedParameters: 0 0 0

#Transform 92
Transform: AffineTransform_float_3_3
Parameters: 1 0.00105514 -0.000223331 -0.00105586 0.999999 0.000634236 0.000223669 -0.000633764 1 -0.0465152 0.0844381 -0.0325852
FixedParameters: 0 0 0

#Transform 93
Transform: AffineTransform_float_3_3
Parameters: 0.999999 0.00125112 -0.000168138 -0.00125088 0.999999 0.000689211 0.000168862 -0.000688789 0.999999 -0.0464593 0.0684305 -0.048476
FixedParameters: 0 0 0

#Transform 94
Transform: AffineTransform_float_3_3
Parameters: 1 0.00105496 9.44241e-05 -0.00105504 1 0.000401901 -9.35759e-05 -0.000402099 1 -0.0421076 0.0812656 -0.0347037
FixedParameters: 0 0 0

#Transform 95
Transform: AffineTransform_float_3_3
Parameters: 0.999999 0.00124108 -0.000168408 -0.00124092 0.999999 0.000477209 0.000169592 -0.00047679 1 -0.0386846 0.0841022 -0.060567
FixedParameters: 0 0 0

#Transform 96
Transform: AffineTransform_float_3_3
Parameters: 0.999999 0.00124695 9.47032e-05 -0.00124705 0.999999 0.000563882 -9.32966e-05 -0.000564117 1 -0.0329214 0.0683961 -0.0502675
FixedParameters: 0 0 0

#Transform 97
Transform: AffineTransform_float_3_3
Parameters: 1 0.00105496 9.44737e-05 -0.00105504 1 0.000448901 -9.35263e-05 -0.000449099 1 -0.0293172 0.0643095 -0.0317191
FixedParameters: 0 0 0

#Transform 98
Transform: AffineTransform_float_3_3
Parameters: 0.999999 0.00122803 -0.000109686 -0.00122797 0.999999 0.000256135 0.000109314 -0.000255866 1 -0.0332919 0.0786121 -0.0614001
FixedParameters: 0 0 0

#Transform 99
Transform: AffineTransform_float_3_3
Parameters: 0.999999 0.00128396 9.45931e-05 -0.00128404 0.999999 0.000461879 -9.34067e-05 -0.00046212 1 -0.0263204 0.0750714 -0.0613715
FixedParameters: 0 0 0

#Transform 100
Transform: AffineTransform_float_3_3
Parameters: 0.999999 0.00125219 -0.000312255 -0.00125181 0.999999 0.000595391 0.000313746 -0.000595608 1 -0.0379109 0.0755522 -0.0438122
FixedParameters: 0 0 0

#Transform 101
Transform: AffineTransform_float_3_3
Parameters: 0.999999 0.00125304 -0.000125574 -0.00125296 0.999999 0.000340158 0.000126426 -0.000339842 1 -0.0355628 0.0597728 -0.0310513
FixedParameters: 0 0 0

#Transform 102
Transform: AffineTransform_float_3_3
Parameters: 1 0.00105504 -0.0001978 -0.00105596 1 0.000190209 0.000197201 -0.000189792 1 -0.0382769 0.0844389 -0.020493
FixedParameters: 0 0 0

#Transform 103
Transform: AffineTransform_float_3_3
Parameters: 1 0.00105512 -0.000188327 -0.00105588 0.999999 0.000638199 0.000189675 -0.0006388 1 -0.0351565 0.0843728 -0.0415748
FixedParameters: 0 0 0

#Transform 104
Transform: AffineTransform_float_3_3
Parameters: 1 0.00121805 -0.000123561 -0.00121796 0.999999 0.000360151 0.000124438 -0.000359849 1 -0.0393808 0.072294 -0.0343554
FixedParameters: 0 0 0

#Transform 105
Transform: AffineTransform_float_3_3
Parameters: 0.999999 0.00124002 -6.75536e-05 -0.00123998 0.999999 0.000360084 6.84464e-05 -0.000359915 1 -0.0427918 0.0800598 -0.0322857
FixedParameters: 0 0 0

#Transform 106
Transform: AffineTransform_float_3_3
Parameters: 0.999999 0.00122701 -6.98405e-05 -0.00122699 0.999999 0.000130086 7.01595e-05 -0.000129914 1 -0.044894 0.0769669 -0.021087
FixedParameters: 0 0 0

#Transform 107
Transform: AffineTransform_float_3_3
Parameters: 0.999999 0.00139808 -0.000226496 -0.00139792 0.999999 0.000360317 0.000226503 -0.000359684 1 -0.0476772 0.0795499 -0.0397235
FixedParameters: 0 0 0

#Transform 108
Transform: AffineTransform_float_3_3
Parameters: 0.999999 0.00129196 9.45516e-05 -0.00129204 0.999999 0.000426878 -9.34482e-05 -0.000427121 1 -0.0428954 0.0817666 -0.0304935
FixedParameters: 0 0 0

#Transform 109
Transform: AffineTransform_float_3_3
Parameters: 0.999999 0.001258 -5.99132e-05 -0.001258 0.999999 6.90754e-05 6.00868e-05 -6.89245e-05 1 -0.0371146 0.0791861 -0.0349517
FixedParameters: 0 0 0

#Transform 110
Transform: AffineTransform_float_3_3
Parameters: 0.999999 0.00132299 9.41825e-05 -0.00132301 0.999999 0.000137876 -9.38174e-05 -0.000138124 1 -0.0379454 0.06602 -0.0300288
FixedParameters: 0 0 0

#Transform 111
Transform: AffineTransform_float_3_3
Parameters: 0.999999 0.00135209 -0.000251494 -0.00135191 0.999999 0.00037434 0.000252505 -0.000373659 1 -0.0477549 0.0996849 -0.037417
FixedParameters: 0 0 0

#Transform 112
Transform: AffineTransform_float_3_3
Parameters: 0.999999 0.00150211 -0.000190127 -0.00150189 0.999998 0.000581286 0.000190874 -0.000581714 1 -0.0342072 0.0997673 -0.0505164
FixedParameters: 0 0 0

#Transform 113
Transform: AffineTransform_float_3_3
Parameters: 0.999999 0.00134794 9.47925e-05 -0.00134706 0.999999 0.000587873 -9.42079e-05 -0.000588127 1 -0.015389 0.0861038 -0.0613552
FixedParameters: 0 0 0

#Transform 114
Transform: AffineTransform_float_3_3
Parameters: 0.999999 0.00140603 -7.74192e-05 -0.00140597 0.999999 0.000413109 7.85806e-05 -0.00041289 1 -0.0212018 0.0891568 -0.0763224
FixedParameters: 0 0 0

#Transform 115
Transform: AffineTransform_float_3_3
Parameters: 0.999999 0.00126299 0.000100115 -0.00126301 0.999999 9.08736e-05 -9.98863e-05 -9.01262e-05 1 -0.0148895 0.0827314 -0.0653749
FixedParameters: 0 0 0

#Transform 116
Transform: AffineTransform_float_3_3
Parameters: 0.999999 0.00146005 -0.000160528 -0.00146095 0.999999 0.000323235 0.000161472 -0.000322765 1 -0.0186064 0.097522 -0.0638332
FixedParameters: 0 0 0

#Transform 117
Transform: AffineTransform_float_3_3
Parameters: 0.999999 0.00125601 -2.44473e-05 -0.00125599 0.999999 0.000440031 2.55526e-05 -0.000439968 1 -0.0300394 0.0774213 -0.0299237
FixedParameters: 0 0 0

#Transform 118
Transform: AffineTransform_float_3_3
Parameters: 1 0.00117214 -0.000200198 -0.00117186 0.999999 0.000684235 0.000201803 -0.000684764 0.999999 -0.0298629 0.0984782 -0.0415241
FixedParameters: 0 0 0

#Transform 119
Transform: AffineTransform_float_3_3
Parameters: 0.999999 0.00140106 -0.000170547 -0.00140094 0.999999 0.000323239 0.000170452 -0.000322761 1 -0.0334808 0.111224 -0.0351423
FixedParameters: 0 0 0

#Transform 120
Transform: AffineTransform_float_3_3
Parameters: 0.999999 0.00126004 -0.000117593 -0.00125996 0.999999 0.000323148 0.000117407 -0.000322852 1 -0.0319852 0.0887059 -0.0502232
FixedParameters: 0 0 0

#Transform 121
Transform: AffineTransform_float_3_3
Parameters: 0.999999 0.00135107 -0.00011212 -0.00135093 0.999999 0.000651152 0.000112881 -0.000651848 1 -0.0219429 0.091023 -0.0458934
FixedParameters: 0 0 0

#Transform 122
Transform: AffineTransform_float_3_3
Parameters: 0.999999 0.00139602 -5.9542e-05 -0.00139598 0.999999 0.000328083 5.94578e-05 -0.000327917 1 -0.0216306 0.0908619 -0.0564437
FixedParameters: 0 0 0

#Transform 123
Transform: AffineTransform_float_3_3
Parameters: 0.999999 0.00138303 -0.000217783 -0.00138297 0.999999 0.000157301 0.000218217 -0.000156698 1 -0.0274879 0.0866792 -0.048285
FixedParameters: 0 0 0

#Transform 124
Transform: AffineTransform_float_3_3
Parameters: 0.999999 0.00132221 -0.000309115 -0.00132179 0.999999 0.000669409 0.000309885 -0.000669591 0.999999 -0.0337496 0.0848681 -0.0424002
FixedParameters: 0 0 0

#Transform 125
Transform: AffineTransform_float_3_3
Parameters: 0.999999 0.00127218 -0.00026814 -0.00127182 0.999999 0.000676341 0.00026886 -0.000675658 0.999999 -0.0296986 0.0828972 -0.0526412
FixedParameters: 0 0 0

#Transform 126
Transform: AffineTransform_float_3_3
Parameters: 0.999999 0.00142216 -0.000261117 -0.00142184 0.999999 0.000621372 0.000261884 -0.000621628 1 -0.0216106 0.0960504 -0.0375461
FixedParameters: 0 0 0

#Transform 127
Transform: AffineTransform_float_3_3
Parameters: 0.999999 0.00140127 -0.000525276 -0.00140073 0.999999 0.000516736 0.000525724 -0.000516264 0.999999 -0.0261309 0.0947172 -0.0434393
FixedParameters: 0 0 0

#Transform 128
Transform: AffineTransform_float_3_3
Parameters: 0.999999 0.00125913 -0.00025635 -0.00125987 0.999999 0.000516323 0.00025665 -0.000515677 1 -0.0337894 0.0844029 -0.036298
FixedParameters: 0 0 0

#Transform 129
Transform: AffineTransform_float_3_3
Parameters: 0.999999 0.00136012 -0.00021622 -0.00135988 0.999999 0.000573294 0.00021678 -0.000573706 1 -0.0302808 0.0814736 -0.0389544
FixedParameters: 0 0 0

#Transform 130
Transform: AffineTransform_float_3_3
Parameters: 0.999999 0.00125105 -0.000238725 -0.00125095 0.999999 0.000220299 0.000238276 -0.000220702 1 -0.0335277 0.0847713 -0.0196837
FixedParameters: 0 0 0

#Transform 131
Transform: AffineTransform_float_3_3
Parameters: 0.999999 0.00138306 -0.000163502 -0.00138394 0.999999 0.000360227 0.000163498 -0.000359774 1 -0.0266658 0.0842574 -0.0289464
FixedParameters: 0 0 0

#Transform 132
Transform: AffineTransform_float_3_3
Parameters: 0.999999 0.00137111 -0.00022032 -0.00137189 0.999999 0.000496303 0.00022068 -0.000495698 1 -0.0357272 0.0753443 -0.0266853
FixedParameters: 0 0 0

#Transform 133
Transform: AffineTransform_float_3_3
Parameters: 0.999999 0.00137495 0.000149495 -0.00137505 0.999999 0.000359795 -0.000149505 -0.000360206 1 -0.0334229 0.0747775 -0.020516
FixedParameters: 0 0 0

#Transform 134
Transform: AffineTransform_float_3_3
Parameters: 0.999999 0.00151401 -1.54125e-05 -0.00151399 0.999999 0.000388024 1.55874e-05 -0.000387977 1 -0.0360512 0.0944664 -0.0199182
FixedParameters: 0 0 0

#Transform 135
Transform: AffineTransform_float_3_3
Parameters: 0.999999 0.00136297 5.46637e-05 -0.00136303 0.999999 0.000486926 -5.33362e-05 -0.000487073 1 -0.028665 0.0915943 -0.0321058
FixedParameters: 0 0 0

#Transform 136
Transform: AffineTransform_float_3_3
Parameters: 0.999999 0.00154094 0.000149649 -0.00154106 0.999998 0.00042077 -0.000149353 -0.00042023 1 -0.0265389 0.0765065 -0.0179125
FixedParameters: 0 0 0

#Transform 137
Transform: AffineTransform_float_3_3
Parameters: 0.999999 0.00151904 -9.93224e-05 -0.00151996 0.999998 0.000446151 9.96793e-05 -0.000446849 1 -0.0282943 0.114704 -0.0269941
FixedParameters: 0 0 0

#Transform 138
Transform: AffineTransform_float_3_3
Parameters: 0.999999 0.00143701 -3.95085e-05 -0.00143699 0.999999 0.000342057 4.04928e-05 -0.000342942 1 -0.0362481 0.0632754 -0.020657
FixedParameters: 0 0 0

#Transform 139
Transform: AffineTransform_float_3_3
Parameters: 0.999999 0.00138305 -0.000150502 -0.00138295 0.999999 0.000360208 0.000150498 -0.000359792 1 -0.0375936 0.115654 -0.0147619
FixedParameters: 0 0 0

#Transform 140
Transform: AffineTransform_float_3_3
Parameters: 0.999999 0.00134803 -6.32936e-05 -0.00134797 0.999999 0.000524086 6.37063e-05 -0.000523915 1 -0.0362809 0.082954 -0.0268962
FixedParameters: 0 0 0

#Transform 141
Transform: AffineTransform_float_3_3
Parameters: 0.999999 0.00139901 -3.23732e-05 -0.00139899 0.999999 0.000448046 3.26267e-05 -0.000447955 1 -0.0387909 0.0747968 -0.0272993
FixedParameters: 0 0 0

#Transform 142
Transform: AffineTransform_float_3_3
Parameters: 0.999999 0.00147296 0.00014943 -0.00147304 0.999999 0.00029178 -0.00014957 -0.000292221 1 -0.039376 0.09236 -0.018323
FixedParameters: 0 0 0

#Transform 143
Transform: AffineTransform_float_3_3
Parameters: 0.999999 0.001382 0.00014904 -0.001382 0.999999 2.87941e-05 -0.00014896 -2.92059e-05 1 -0.028678 0.0828664 -0.0112279
FixedParameters: 0 0 0

#Transform 144
Transform: AffineTransform_float_3_3
Parameters: 0.999999 0.00144605 -6.78908e-05 -0.00144595 0.999998 0.000767098 6.9109e-05 -0.0007669 0.999999 -0.0366389 0.0826924 -0.0261966
FixedParameters: 0 0 0

#Transform 145
Transform: AffineTransform_float_3_3
Parameters: 0.999999 0.00146703 -4.29202e-05 -0.00146697 0.999998 0.000736063 4.40796e-05 -0.000735936 0.999999 -0.0364065 0.0754734 -0.0222309
FixedParameters: 0 0 0

#Transform 146
Transform: AffineTransform_float_3_3
Parameters: 0.999999 0.00134601 -4.48519e-05 -0.001346 0.999999 0.00011006 4.5148e-05 -0.000109939 1 -0.0422508 0.0937984 -0.0119593
FixedParameters: 0 0 0

#Transform 147
Transform: AffineTransform_float_3_3
Parameters: 0.999999 0.00137398 0.000149151 -0.00137402 0.999999 0.000109795 -0.00014885 -0.000109205 1 -0.0355684 0.0712108 -0.0101727
FixedParameters: 0 0 0

#Transform 148
Transform: AffineTransform_float_3_3
Parameters: 0.999999 0.00152695 0.000149545 -0.00152705 0.999999 0.000356772 -0.000149455 -0.000357229 1 -0.0412316 0.0738678 -0.0114409
FixedParameters: 0 0 0

#Transform 149
Transform: AffineTransform_float_3_3
Parameters: 0.999999 0.00156797 9.74358e-05 -0.00156803 0.999998 0.000277847 -9.75639e-05 -0.000278153 1 -0.0347527 0.0994061 -0.013261
FixedParameters: 0 0 0

#Transform 150
Transform: AffineTransform_float_3_3
Parameters: 0.999999 0.00150801 -2.93998e-05 -0.00150799 0.999999 0.000398045 2.96001e-05 -0.000397956 1 -0.0384452 0.0898501 -0.0112855
FixedParameters: 0 0 0

#Transform 151
Transform: AffineTransform_float_3_3
Parameters: 0.999999 0.00140992 0.000149713 -0.00141008 0.999999 0.000505789 -0.000149286 -0.000506211 1 -0.0376244 0.0762745 -0.0199504
FixedParameters: 0 0 0

#Transform 152
Transform: AffineTransform_float_3_3
Parameters: 0.999999 0.001485 -4.08366e-05 -0.001485 0.999999 0.000110061 4.11633e-05 -0.000109939 1 -0.0437346 0.112863 -0.00502713
FixedParameters: 0 0 0

#Transform 153
Transform: AffineTransform_float_3_3
Parameters: 0.999999 0.00146802 -3.62234e-05 -0.00146798 0.999999 0.000529054 3.67765e-05 -0.000528946 1 -0.0456668 0.0675676 -0.0173946
FixedParameters: 0 0 0

#Transform 154
Transform: AffineTransform_float_3_3
Parameters: 0.999998 0.00160401 -3.12284e-05 -0.00160398 0.999998 0.00048105 3.17715e-05 -0.000480949 1 -0.0601965 0.0551394 -0.00750686
FixedParameters: 0 0 0

#Transform 155
Transform: AffineTransform_float_3_3
Parameters: 0.999999 0.00155906 -0.000139269 -0.00155893 0.999998 0.000469217 0.000139731 -0.000468783 1 -0.0727895 0.0941873 -0.0074784
FixedParameters: 0 0 0

#Transform 156
Transform: AffineTransform_float_3_3
Parameters: 0.999999 0.00151406 -0.00014237 -0.00151394 0.999999 0.000416216 0.00014363 -0.000415783 1 -0.0621871 0.0840686 -0.00444758
FixedParameters: 0 0 0

#Transform 157
Transform: AffineTransform_float_3_3
Parameters: 0.999998 0.00159495 0.000149531 -0.00159505 0.999998 0.000332762 -0.000149469 -0.000333239 1 -0.079102 0.0743069 -0.0001611
FixedParameters: 0 0 0

#Transform 158
Transform: AffineTransform_float_3_3
Parameters: 0.999998 0.00166398 3.67887e-05 -0.00166402 0.999998 0.000473939 -3.62112e-05 -0.000474061 1 -0.077249 0.107035 -0.00681554
FixedParameters: 0 0 0

#Transform 159
Transform: AffineTransform_float_3_3
Parameters: 0.999998 0.00157795 0.000149513 -0.00157805 0.999998 0.000324764 -0.000149487 -0.000325236 1 -0.0791262 0.0692032 -0.000538002
FixedParameters: 0 0 0

#Transform 160
Transform: AffineTransform_float_3_3
Parameters: 0.999998 0.00162604 -0.000160608 -0.00162596 0.999998 0.000241261 0.000160392 -0.000240739 1 -0.0834737 0.11513 -0.00477768
FixedParameters: 0 0 0

#Transform 161
Transform: AffineTransform_float_3_3
Parameters: 0.999998 0.00160299 2.95129e-05 -0.00160301 0.999998 0.000319953 -2.9487e-05 -0.000320048 1 -0.0719724 0.0745801 -0.00701299
FixedParameters: 0 0 0

#Transform 162
Transform: AffineTransform_float_3_3
Parameters: 0.999998 0.00168912 -0.000231131 -0.00168888 0.999999 0.000514391 0.000231868 -0.000513609 1 -0.0846731 0.0607266 -0.0103138
FixedParameters: 0 0 0

#Transform 163
Transform: AffineTransform_float_3_3
Parameters: 0.999999 0.00155902 -6.54355e-05 -0.00155898 0.999998 0.000362102 6.55658e-05 -0.000362898 1 -0.0985284 0.068456 -0.00597986
FixedParameters: 0 0 0

#Transform 164
Transform: AffineTransform_float_3_3
Parameters: 0.999998 0.00158794 0.000149595 -0.00158806 0.999998 0.000374763 -0.000149406 -0.000374238 1 -0.106515 0.0547811 -0.00718204
FixedParameters: 0 0 0

#Transform 165
Transform: AffineTransform_float_3_3
Parameters: 0.999998 0.00161283 0.000344798 -0.00161217 0.999998 0.000494445 -0.000344203 -0.000494556 1 -0.103532 0.0481774 0.0016341
FixedParameters: 0 0 0

#Transform 166
Transform: AffineTransform_float_3_3
Parameters: 0.999998 0.00159698 7.05013e-05 -0.00159702 0.999998 0.000313888 -7.04984e-05 -0.000314113 1 -0.104872 0.069783 -0.00104877
FixedParameters: 0 0 0

#Transform 167
Transform: AffineTransform_float_3_3
Parameters: 0.999998 0.00161595 0.000149543 -0.00161605 0.999998 0.000335759 -0.000149458 -0.000335242 1 -0.101773 0.089263 0.000968932
FixedParameters: 0 0 0

#Transform 168
Transform: AffineTransform_float_3_3
Parameters: 0.999998 0.00169098 0.000149186 -0.00169101 0.999998 0.000109748 -0.000148815 -0.000109252 1 -0.104813 0.0625096 -0.00460041
FixedParameters: 0 0 0

#Transform 169
Transform: AffineTransform_float_3_3
Parameters: 0.999999 0.00178903 -5.51466e-05 -0.00178897 0.999999 0.0004771 5.58551e-05 -0.000477901 1 -0.113372 0.0583813 0.00517461
FixedParameters: 0 0 0

#Transform 170
Transform: AffineTransform_float_3_3
Parameters: 0.999999 0.00178397 0.000149341 -0.00178403 0.999999 0.000190734 -0.000149659 -0.000191267 1 -0.104291 0.0706139 0.00373787
FixedParameters: 0 0 0

#Transform 171
Transform: AffineTransform_float_3_3
Parameters: 0.999999 0.00185494 0.00014981 -0.00185407 0.999998 0.000436723 -0.00014919 -0.000437278 1 -0.0948334 0.0909811 -0.00891169
FixedParameters: 0 0 0

#Transform 172
Transform: AffineTransform_float_3_3
Parameters: 0.999998 0.00187896 4.76722e-05 -0.00187904 0.999998 0.000889911 -4.63276e-05 -0.000890088 0.999999 -0.0980932 0.047428 0.0067411
FixedParameters: 0 0 0

#Transform 173
Transform: AffineTransform_float_3_3
Parameters: 0.999999 0.00186005 -5.75193e-05 -0.00185995 0.999998 0.000796108 5.94804e-05 -0.00079589 0.999999 -0.0997182 0.0787164 0.00888724
FixedParameters: 0 0 0

#Transform 174
Transform: AffineTransform_float_3_3
Parameters: 0.999998 0.00191598 8.84578e-05 -0.00191602 0.999998 0.000238831 -8.75419e-05 -0.000239168 1 -0.0936661 0.0919862 -0.00325089
FixedParameters: 0 0 0

#Transform 175
Transform: AffineTransform_float_3_3
Parameters: 0.999998 0.001983 -5.70112e-06 -0.001983 0.999998 0.000655012 6.29885e-06 -0.000654989 1 -0.0931391 0.0817684 0.000237382
FixedParameters: 0 0 0

#Transform 176
Transform: AffineTransform_float_3_3
Parameters: 0.999998 0.0020689 0.000150309 -0.00206909 0.999997 0.00063269 -0.000149692 -0.000632311 1 -0.105744 0.0602176 0.0083488
FixedParameters: 0 0 0

#Transform 177
Transform: AffineTransform_float_3_3
Parameters: 0.999998 0.00189592 0.000150069 -0.00189608 0.999998 0.000563716 -0.00014893 -0.000564283 1 -0.105171 0.101225 -0.00195782
FixedParameters: 0 0 0

#Transform 178
Transform: AffineTransform_float_3_3
Parameters: 0.999998 0.00194103 -4.98993e-05 -0.00194097 0.999998 0.000567098 5.11024e-05 -0.000567902 1 -0.115164 0.0698479 0.00432758
FixedParameters: 0 0 0

#Transform 179
Transform: AffineTransform_float_3_3
Parameters: 0.999998 0.00191896 0.000149577 -0.00191905 0.999998 0.000300714 -0.000149424 -0.000300287 1 -0.105293 0.0682836 0.00710856
FixedParameters: 0 0 0

#Transform 180
Transform: AffineTransform_float_3_3
Parameters: 0.999998 0.00208192 0.000150147 -0.00208208 0.999997 0.000550688 -0.000148855 -0.000550311 1 -0.126172 0.0996149 0.000864101
FixedParameters: 0 0 0

#Transform 181
Transform: AffineTransform_float_3_3
Parameters: 0.999998 0.00207785 0.00015114 -0.00207815 0.999998 0.00102969 -0.000148861 -0.00102931 1 -0.153284 0.0552609 0.0372331
FixedParameters: 0 0 0

#Transform 182
Transform: AffineTransform_float_3_3
Parameters: 0.999998 0.00228588 0.000150906 -0.00228613 0.999997 0.000833657 -0.000149093 -0.000834343 0.999999 -0.149431 0.0948303 0.0290961
FixedParameters: 0 0 0

#Transform 183
Transform: AffineTransform_float_3_3
Parameters: 0.999998 0.00232814 -0.000155993 -0.00232787 0.999997 0.000862365 0.000158006 -0.000861634 0.999999 -0.174203 0.068166 0.0307744
FixedParameters: 0 0 0

#Transform 184
Transform: AffineTransform_float_3_3
Parameters: 0.999997 0.00239788 0.000150959 -0.00239812 0.999997 0.00081664 -0.00014904 -0.000817359 0.999999 -0.170661 0.0861908 0.0537088
FixedParameters: 0 0 0

#Transform 185
Transform: AffineTransform_float_3_3
Parameters: 0.999997 0.0024558 0.000152276 -0.0024562 0.999996 0.00133363 -0.000149723 -0.00133437 0.999999 -0.168546 0.0500117 0.0718619
FixedParameters: 0 0 0

#Transform 186
Transform: AffineTransform_float_3_3
Parameters: 0.999997 0.00249629 -0.000246064 -0.00249571 0.999996 0.00117662 0.000248937 -0.00117638 1 -0.159978 0.0700448 0.051724
FixedParameters: 0 0 0

#Transform 187
Transform: AffineTransform_float_3_3
Parameters: 0.999996 0.00281656 -0.000642559 -0.00281644 0.999995 0.000867813 0.000645443 -0.000866186 1 -0.175157 0.112707 0.0122393
FixedParameters: 0 0 0

#Transform 188
Transform: AffineTransform_float_3_3
Parameters: 0.999996 0.00277814 -0.000117752 -0.00277786 0.999996 0.00116933 0.00012025 -0.00116967 1 -0.177821 0.0740189 0.0699415
FixedParameters: 0 0 0

#Transform 189
Transform: AffineTransform_float_3_3
Parameters: 0.999996 0.0027771 -0.000101372 -0.0027769 0.999995 0.000946284 0.000104627 -0.000945712 0.999999 -0.153783 0.0978093 0.0189967
