# transform file /out/sourcedata/freesurfer/sub-v1s23x0050625_ses-1/mri/transforms/cc_up.lta
# created by oesteban on Thu Mar 12 17:33:53 2026

type      = 0 # LINEAR_VOX_TO_VOX
nxforms   = 1
mean      = 126.0000 137.0000 116.0000
sigma     = 10000.0000
1 4 4
9.987648725509644e-01 2.102979831397533e-02 4.501423239707947e-02 -5.815027713775635e+00 
-2.100847288966179e-02 9.997787475585938e-01 -9.468497592024505e-04 4.786860466003418e+00 
-4.502419009804726e-02 5.820765397457350e-11 9.989858269691467e-01 1.579312515258789e+01 
0.000000000000000e+00 0.000000000000000e+00 0.000000000000000e+00 1.000000000000000e+00 
src volume info
valid = 1  # volume info valid
filename = /out/sourcedata/freesurfer/sub-v1s23x0050625_ses-1/mri/norm.mgz
volume = 256 256 256
voxelsize = 1.000000000000000e+00 1.000000000000000e+00 1.000000000000000e+00
xras   = -1.000000000000000e+00 0.000000000000000e+00 0.000000000000000e+00
yras   = 0.000000000000000e+00 0.000000000000000e+00 -1.000000000000000e+00
zras   = 0.000000000000000e+00 1.000000000000000e+00 0.000000000000000e+00
cras   = 3.253395080566406e+01 -4.795494079589844e+01 1.474833679199219e+01
dst volume info
valid = 1  # volume info valid
filename = /out/sourcedata/freesurfer/sub-v1s23x0050625_ses-1/mri/norm.mgz
volume = 256 256 256
voxelsize = 1.000000000000000e+00 1.000000000000000e+00 1.000000000000000e+00
xras   = -1.000000000000000e+00 0.000000000000000e+00 0.000000000000000e+00
yras   = 0.000000000000000e+00 0.000000000000000e+00 -1.000000000000000e+00
zras   = 0.000000000000000e+00 1.000000000000000e+00 0.000000000000000e+00
cras   = 3.253395080566406e+01 -4.795494079589844e+01 1.474833679199219e+01
