#Insight Transform File V1.0
#Transform 0
Transform: AffineTransform_float_3_3
Parameters: 1 -0.000187633 -0.000278248 0.000188367 0.999999 0.00131995 0.000277752 -0.00132005 0.999999 0.00135531 -0.0537857 -0.415424
FixedParameters: 0 0 0

#Transform 1
Transform: AffineTransform_float_3_3
Parameters: 1 0.000102965 -3.90932e-05 -0.000103035 0.999999 -0.000904995 3.89068e-05 0.000905003 0.999999 0.000819727 0.0308145 -0.0321344
FixedParameters: 0 0 0

#Transform 2
Transform: AffineTransform_float_3_3
Parameters: 1 6.4047e-05 0.000253988 -6.3953e-05 1 -0.000185016 -0.000254012 0.000184984 1 -0.00242233 -0.0137198 -0.0151015
FixedParameters: 0 0 0

#Transform 3
Transform: AffineTransform_float_3_3
Parameters: 1 0.000195952 0.000396024 -0.000196048 1 0.000120922 -0.000395976 -0.000121078 1 -0.00280043 0.0863447 -0.0718297
FixedParameters: 0 0 0

#Transform 4
Transform: AffineTransform_float_3_3
Parameters: 1 0.000160802 0.00039608 -0.000161198 1 0.000499936 -0.000395919 -0.000500064 1 -0.00429409 -0.00252847 -0.0369385
FixedParameters: 0 0 0

#Transform 5
Transform: AffineTransform_float_3_3
Parameters: 1 0.000317018 -7.19217e-05 -0.000316982 1 0.000247023 7.20783e-05 -0.000246977 1 -0.00628577 0.0420664 -0.0140955
FixedParameters: 0 0 0

#Transform 6
Transform: AffineTransform_float_3_3
Parameters: 1 0.00025097 4.41707e-05 -0.00025103 0.999999 0.000679989 -4.48293e-05 -0.000680011 1 -0.00799747 0.00805604 -0.0252213
FixedParameters: 0 0 0

#Transform 7
Transform: AffineTransform_float_3_3
Parameters: 1 0.000409001 3.69885e-05 -0.000408999 1 -2.80151e-05 -3.70114e-05 2.79849e-05 1 -0.0148943 -0.00570335 0.00130009
FixedParameters: 0 0 0

#Transform 8
Transform: AffineTransform_float_3_3
Parameters: 1 0.000527989 0.000160036 -0.000528011 1 6.89155e-05 -0.000159964 -6.90845e-05 1 -0.0242789 0.0376429 -0.00389219
FixedParameters: 0 0 0

#Transform 9
Transform: AffineTransform_float_3_3
Parameters: 1 0.000210002 -7.99952e-05 -0.000209998 1 2.30168e-05 8.00048e-05 -2.29832e-05 1 -0.00905325 -0.0231783 -0.00220755
FixedParameters: 0 0 0

#Transform 10
Transform: AffineTransform_float_3_3
Parameters: 1 0.000325 -5.01885e-06 -0.000325 1 -5.79984e-05 4.98115e-06 5.80016e-05 1 -0.0130746 0.0199236 -0.00210466
FixedParameters: 0 0 0

#Transform 11
Transform: AffineTransform_float_3_3
Parameters: 0.999999 0.000777 1.75913e-06 -0.000776999 0.999999 -0.000310001 -2.24087e-06 0.000309998 1 -0.0267473 -0.00901962 0.00697335
FixedParameters: 0 0 0

#Transform 12
Transform: AffineTransform_float_3_3
Parameters: 0.999999 0.000727009 4.48509e-05 -0.00072699 0.999999 -0.000205033 -4.5149e-05 0.000204967 1 -0.022242 -0.015437 0.00874803
FixedParameters: 0 0 0

#Transform 13
Transform: AffineTransform_float_3_3
Parameters: 0.999999 0.000997001 3.69093e-06 -0.000996999 1 -0.000310004 -4.30907e-06 0.000309996 1 -0.0298356 0.0125748 0.00698476
FixedParameters: 0 0 0

#Transform 14
Transform: AffineTransform_float_3_3
Parameters: 0.999999 0.000900061 0.000197721 -0.000899938 0.999999 -0.000310178 -0.000197279 0.000309822 1 -0.0197445 0.000475046 0.0069253
FixedParameters: 0 0 0

#Transform 15
Transform: AffineTransform_float_3_3
Parameters: 1 0.00115803 0.000170793 -0.00115797 1 -0.000179198 -0.000171207 0.000178802 1 -0.0240011 -0.0323601 0.0130827
FixedParameters: 0 0 0

#Transform 16
Transform: AffineTransform_float_3_3
Parameters: 1 0.00115798 -9.62327e-05 -0.00115702 1 -0.000200889 9.57674e-05 0.000201111 1 -0.0295706 0.017868 0.00879811
FixedParameters: 0 0 0

#Transform 17
Transform: AffineTransform_float_3_3
Parameters: 1 0.00115807 8.50781e-05 -0.00115793 0.999999 -0.000796099 -8.59217e-05 0.000795901 0.999999 -0.0439144 -0.0210867 0.0637164
FixedParameters: 0 0 0

#Transform 18
Transform: AffineTransform_float_3_3
Parameters: 0.999998 0.001716 -8.32088e-06 -0.001716 0.999998 -0.000186986 7.67909e-06 0.000187013 1 -0.0481352 -0.114498 0.0932702
FixedParameters: 0 0 0

#Transform 19
Transform: AffineTransform_float_3_3
Parameters: 0.999998 0.00162979 -0.000363928 -0.00163021 0.999998 -0.000569407 0.00036307 0.000570592 1 -0.0448391 -0.041855 0.120168
FixedParameters: 0 0 0

#Transform 20
Transform: AffineTransform_float_3_3
Parameters: 0.999998 0.00153365 -0.000693766 -0.00153335 0.999998 -0.000498937 0.000693235 0.000499064 0.999999 -0.0624687 -0.0941429 0.117861
FixedParameters: 0 0 0

#Transform 21
Transform: AffineTransform_float_3_3
Parameters: 0.999999 0.00176782 -0.000363883 -0.00176818 0.999999 -0.000499357 0.000363117 0.000499643 1 -0.0752366 -0.0725675 0.161181
FixedParameters: 0 0 0

#Transform 22
Transform: AffineTransform_float_3_3
Parameters: 0.999999 0.00171474 -0.000525857 -0.00171426 0.999999 -0.000499099 0.000525144 0.000499901 0.999999 -0.0729329 -0.0443223 0.141494
FixedParameters: 0 0 0

#Transform 23
Transform: AffineTransform_float_3_3
Parameters: 0.999998 0.00165075 -0.000423985 -0.00165125 0.999999 -0.000596301 0.000423015 0.000596699 0.999999 -0.0692445 -0.093414 0.161353
FixedParameters: 0 0 0

#Transform 24
Transform: AffineTransform_float_3_3
Parameters: 0.999999 0.00177475 -0.000474922 -0.00177525 0.999999 -0.000519158 0.000474078 0.000519842 1 -0.0813 -0.0644376 0.171409
FixedParameters: 0 0 0

#Transform 25
Transform: AffineTransform_float_3_3
Parameters: 0.999999 0.0014978 -0.000363835 -0.0014982 0.999998 -0.000557455 0.000363164 0.000558544 1 -0.0745889 -0.0732905 0.181424
FixedParameters: 0 0 0

#Transform 26
Transform: AffineTransform_float_3_3
Parameters: 0.999999 0.00149651 -0.000968762 -0.00149749 0.999999 -0.00050755 0.000967241 0.000508448 1 -0.0824902 -0.0881167 0.207669
FixedParameters: 0 0 0

#Transform 27
Transform: AffineTransform_float_3_3
Parameters: 0.999998 0.00154281 -0.000363808 -0.00154319 0.999998 -0.000523439 0.000363192 0.000523561 1 -0.0749249 -0.0917823 0.211815
FixedParameters: 0 0 0

#Transform 28
Transform: AffineTransform_float_3_3
Parameters: 0.999999 0.00152092 -0.000363322 -0.00152108 0.999999 -0.000211448 0.000362679 0.000211552 1 -0.0771198 -0.0976481 0.212866
FixedParameters: 0 0 0

#Transform 29
Transform: AffineTransform_float_3_3
Parameters: 0.999998 0.00148915 -0.000746692 -0.00148984 0.999999 0.000207113 0.000747307 -0.000205887 0.999999 -0.084878 -0.112607 0.252184
FixedParameters: 0 0 0

#Transform 30
Transform: AffineTransform_float_3_3
Parameters: 0.999999 0.00165555 -0.000612223 -0.00165645 0.999999 -0.000737987 0.000610777 0.000739012 0.999999 -0.0914608 -0.0936015 0.257542
FixedParameters: 0 0 0

#Transform 31
Transform: AffineTransform_float_3_3
Parameters: 0.999999 0.00143162 -0.000636857 -0.00143138 0.999999 -0.000598089 0.000635143 0.00059891 0.999999 -0.0798913 -0.101338 0.256272
FixedParameters: 0 0 0

#Transform 32
Transform: AffineTransform_float_3_3
Parameters: 0.999998 0.00150596 -0.000723074 -0.00150603 0.999999 -4.89111e-05 0.000722925 5.00887e-05 0.999999 -0.0818837 -0.137576 0.277766
FixedParameters: 0 0 0

#Transform 33
Transform: AffineTransform_float_3_3
Parameters: 0.999998 0.00149797 -0.000630062 -0.00149803 0.999999 -4.10562e-05 0.000629938 4.19437e-05 1 -0.0756712 -0.130354 0.293739
FixedParameters: 0 0 0

#Transform 34
Transform: AffineTransform_float_3_3
Parameters: 0.999998 0.00163808 -0.000362641 -0.00163792 0.999998 0.000219594 0.00036336 -0.000219405 1 -0.0760979 -0.122191 0.294965
FixedParameters: 0 0 0

#Transform 35
Transform: AffineTransform_float_3_3
Parameters: 0.999999 0.0017383 -0.000361557 -0.0017377 0.999998 0.000830629 0.000362442 -0.000829371 0.999999 -0.0836787 -0.136702 0.338989
FixedParameters: 0 0 0

#Transform 36
Transform: AffineTransform_float_3_3
Parameters: 0.999999 0.00183021 -0.00036196 -0.00182979 0.999998 0.000568663 0.000363041 -0.000568337 1 -0.0849494 -0.114298 0.328143
FixedParameters: 0 0 0

#Transform 37
Transform: AffineTransform_float_3_3
Parameters: 0.999999 0.00167294 -0.000363256 -0.00167306 0.999998 -0.000152392 0.000362745 0.000152607 1 -0.0800374 -0.119645 0.291454
FixedParameters: 0 0 0

#Transform 38
Transform: AffineTransform_float_3_3
Parameters: 0.999998 0.0016878 -0.000856394 -0.0016882 0.999998 -0.000232554 0.000856605 0.000234446 0.999999 -0.090271 -0.154411 0.300089
FixedParameters: 0 0 0

#Transform 39
Transform: AffineTransform_float_3_3
Parameters: 0.999998 0.00179783 -0.000715419 -0.00179717 0.999999 -0.000232715 0.00071458 0.000234285 0.999999 -0.0957475 -0.112998 0.307185
FixedParameters: 0 0 0

#Transform 40
Transform: AffineTransform_float_3_3
Parameters: 0.999998 0.00183362 -0.000711989 -0.00183438 0.999998 -0.000538695 0.000711012 0.000539305 0.999999 -0.102834 -0.127751 0.304742
FixedParameters: 0 0 0

#Transform 41
Transform: AffineTransform_float_3_3
Parameters: 0.999998 0.00166306 -0.00107991 -0.00166294 0.999998 5.57959e-05 0.00108009 -5.32039e-05 1 -0.112476 -0.163752 0.316966
FixedParameters: 0 0 0

#Transform 42
Transform: AffineTransform_float_3_3
Parameters: 0.999997 0.00194159 -0.000881905 -0.00194241 0.999998 -0.000465288 0.000881095 0.000466712 1 -0.10544 -0.115579 0.308114
FixedParameters: 0 0 0

#Transform 43
Transform: AffineTransform_float_3_3
Parameters: 0.999998 0.00189286 -0.00072736 -0.00189314 0.999998 -0.000189623 0.000726639 0.000191376 0.999999 -0.101855 -0.123825 0.328715
FixedParameters: 0 0 0

#Transform 44
Transform: AffineTransform_float_3_3
Parameters: 0.999998 0.00193874 -0.000571896 -0.00193926 0.999998 -0.000461892 0.000571103 0.000463108 0.999999 -0.098902 -0.152012 0.344857
FixedParameters: 0 0 0

#Transform 45
Transform: AffineTransform_float_3_3
Parameters: 0.999998 0.0019438 -0.000727545 -0.0019442 0.999998 -0.000279586 0.000726456 0.000280413 0.999999 -0.100784 -0.118865 0.326638
FixedParameters: 0 0 0

#Transform 46
Transform: AffineTransform_float_3_3
Parameters: 0.999998 0.00173183 -0.000753394 -0.00173217 0.999998 -0.000226695 0.000753606 0.000228305 0.999999 -0.0952074 -0.158979 0.3448
FixedParameters: 0 0 0

#Transform 47
Transform: AffineTransform_float_3_3
Parameters: 0.999997 0.00200372 -0.000862655 -0.00200428 0.999998 -0.000326272 0.000862344 0.000327729 0.999999 -0.107102 -0.14861 0.356211
FixedParameters: 0 0 0

#Transform 48
Transform: AffineTransform_float_3_3
Parameters: 0.999998 0.00192434 -0.000815565 -0.00192466 0.999998 -0.000812432 0.000814436 0.000813569 1 -0.101133 -0.135733 0.315442
FixedParameters: 0 0 0

#Transform 49
Transform: AffineTransform_float_3_3
Parameters: 0.999998 0.00186782 -0.000543619 -0.00186818 0.999998 -0.000330985 0.000543381 0.000332016 1 -0.098091 -0.165108 0.347794
FixedParameters: 0 0 0

#Transform 50
Transform: AffineTransform_float_3_3
Parameters: 0.999998 0.00177961 -0.000624118 -0.00178039 0.999998 -0.00062789 0.000622881 0.000629109 0.999999 -0.0948553 -0.129223 0.352189
FixedParameters: 0 0 0

#Transform 51
Transform: AffineTransform_float_3_3
Parameters: 0.999998 0.00167966 -0.000495141 -0.00168034 0.999999 -0.000679169 0.000493858 0.000679831 0.999999 -0.0930111 -0.142291 0.350773
FixedParameters: 0 0 0

#Transform 52
Transform: AffineTransform_float_3_3
Parameters: 0.999998 0.00179878 -0.000920426 -0.00179922 0.999999 -0.000236344 0.000920573 0.000237656 0.999999 -0.109661 -0.165248 0.36612
FixedParameters: 0 0 0

#Transform 53
Transform: AffineTransform_float_3_3
Parameters: 0.999998 0.00187369 -0.00071381 -0.00187431 0.999998 -0.000431663 0.000713189 0.000433337 0.999999 -0.111704 -0.142567 0.396173
FixedParameters: 0 0 0

#Transform 54
Transform: AffineTransform_float_3_3
Parameters: 0.999997 0.0020553 -0.000747914 -0.0020567 0.999998 -0.000930465 0.000746084 0.000932536 1 -0.108217 -0.130022 0.373882
FixedParameters: 0 0 0

#Transform 55
Transform: AffineTransform_float_3_3
Parameters: 0.999998 0.00175367 -0.000830689 -0.00175333 0.999999 -0.000392544 0.000830311 0.000393457 0.999999 -0.0909248 -0.168762 0.372601
FixedParameters: 0 0 0

#Transform 56
Transform: AffineTransform_float_3_3
Parameters: 0.999998 0.00179068 -0.000720796 -0.00179132 0.999999 -0.00044371 0.000720203 0.00044529 0.999999 -0.106708 -0.170461 0.405815
FixedParameters: 0 0 0

#Transform 57
Transform: AffineTransform_float_3_3
Parameters: 0.999998 0.00216938 -0.000863567 -0.00216962 0.999998 -0.000721129 0.000862434 0.000722873 1 -0.109973 -0.139398 0.419777
FixedParameters: 0 0 0

#Transform 58
Transform: AffineTransform_float_3_3
Parameters: 0.999998 0.0019506 -0.000657183 -0.0019514 0.999998 -0.000605719 0.000655816 0.00060728 0.999999 -0.103191 -0.174169 0.451691
FixedParameters: 0 0 0

#Transform 59
Transform: AffineTransform_float_3_3
Parameters: 0.999998 0.00173972 -0.00108045 -0.00174028 0.999999 -0.00025512 0.00108055 0.000256881 1 -0.115114 -0.196646 0.482808
FixedParameters: 0 0 0

#Transform 60
Transform: AffineTransform_float_3_3
Parameters: 0.999997 0.00183994 -0.00108011 -0.00184006 0.999999 -5.60127e-05 0.0010799 5.79871e-05 1 -0.114889 -0.155421 0.457709
FixedParameters: 0 0 0

#Transform 61
Transform: AffineTransform_float_3_3
Parameters: 0.999997 0.00197394 -0.000951115 -0.00197405 0.999998 -5.71226e-05 0.000950886 5.88772e-05 1 -0.122798 -0.176424 0.466604
FixedParameters: 0 0 0

#Transform 62
Transform: AffineTransform_float_3_3
Parameters: 0.999998 0.00208994 -0.00101812 -0.00209006 0.999998 -5.68722e-05 0.00101788 5.81275e-05 1 -0.128788 -0.201786 0.493829
FixedParameters: 0 0 0

#Transform 63
Transform: AffineTransform_float_3_3
Parameters: 0.999997 0.00216994 -0.00108013 -0.00217006 0.999997 -5.66562e-05 0.00107988 5.83434e-05 1 -0.127071 -0.166954 0.479733
FixedParameters: 0 0 0

#Transform 64
Transform: AffineTransform_float_3_3
Parameters: 0.999997 0.00216995 -0.000898126 -0.00217005 0.999997 -5.70511e-05 0.000897874 5.89485e-05 0.999999 -0.130601 -0.195731 0.498092
FixedParameters: 0 0 0

#Transform 65
Transform: AffineTransform_float_3_3
Parameters: 0.999996 0.00242636 -0.00092105 -0.00242564 0.999997 0.000392235 0.00092195 -0.000390764 0.999999 -0.155241 -0.218906 0.517602
FixedParameters: 0 0 0

#Transform 66
Transform: AffineTransform_float_3_3
Parameters: 0.999996 0.00249743 -0.00113505 -0.00249757 0.999997 0.000382836 0.00113595 -0.000379165 1 -0.15608 -0.167648 0.523288
FixedParameters: 0 0 0

#Transform 67
Transform: AffineTransform_float_3_3
Parameters: 0.999996 0.00264018 -0.000994513 -0.00263982 0.999996 0.000185626 0.000995487 -0.000183372 0.999999 -0.166833 -0.206452 0.552757
FixedParameters: 0 0 0

#Transform 68
Transform: AffineTransform_float_3_3
Parameters: 0.999996 0.00271671 -0.000656086 -0.00271529 0.999995 0.00107379 0.000658914 -0.00107221 0.999999 -0.176444 -0.21287 0.563138
FixedParameters: 0 0 0

#Transform 69
Transform: AffineTransform_float_3_3
Parameters: 0.999996 0.00287915 -0.0010796 -0.00287885 0.999996 0.000141109 0.00108041 -0.00013889 1 -0.181083 -0.177419 0.534173
FixedParameters: 0 0 0

#Transform 70
Transform: AffineTransform_float_3_3
Parameters: 0.999996 0.00276899 -0.000232127 -0.00276901 0.999996 -4.53574e-05 0.000231872 4.66422e-05 1 -0.173798 -0.218196 0.553271
FixedParameters: 0 0 0

#Transform 71
Transform: AffineTransform_float_3_3
Parameters: 0.999995 0.00313799 -4.74893e-05 -0.00313801 0.999995 -0.000155852 4.65102e-05 0.000156147 1 -0.189074 -0.218278 0.562627
FixedParameters: 0 0 0

#Transform 72
Transform: AffineTransform_float_3_3
Parameters: 0.999995 0.00318602 6.58622e-05 -0.00318598 0.999995 -0.000357212 -6.71371e-05 0.000356788 1 -0.190923 -0.217979 0.548794
FixedParameters: 0 0 0

#Transform 73
Transform: AffineTransform_float_3_3
Parameters: 0.999995 0.00333293 -0.000204255 -0.00333308 0.999995 -0.000376321 0.000202746 0.000376678 1 -0.208023 -0.225045 0.595772
FixedParameters: 0 0 0

#Transform 74
Transform: AffineTransform_float_3_3
Parameters: 0.999994 0.00331995 -0.000232666 -0.00332004 0.999994 -0.000200229 0.000231335 0.000200769 1 -0.206721 -0.202134 0.626251
FixedParameters: 0 0 0

#Transform 75
Transform: AffineTransform_float_3_3
Parameters: 0.999994 0.00338272 -0.00025574 -0.00338328 0.999993 -0.00110514 0.00025226 0.00110586 1 -0.214238 -0.216766 0.577686
FixedParameters: 0 0 0

#Transform 76
Transform: AffineTransform_float_3_3
Parameters: 0.999993 0.00355893 -8.39854e-05 -0.00355907 0.999994 -0.000838706 8.10134e-05 0.000839294 0.999999 -0.231607 -0.238318 0.615813
FixedParameters: 0 0 0

#Transform 77
Transform: AffineTransform_float_3_3
Parameters: 0.999993 0.00369652 -0.000325465 -0.00369648 0.999992 -0.00147781 0.000320535 0.00147919 0.999999 -0.231579 -0.21666 0.639458
FixedParameters: 0 0 0

#Transform 78
Transform: AffineTransform_float_3_3
Parameters: 0.999993 0.0035908 -0.000154574 -0.00359119 0.999992 -0.00127345 0.000150424 0.00127455 0.999999 -0.236443 -0.267668 0.656306
FixedParameters: 0 0 0

#Transform 79
Transform: AffineTransform_float_3_3
Parameters: 0.999994 0.00327687 -0.00013523 -0.00327613 0.999994 -0.000985562 0.000131769 0.000986437 0.999999 -0.226214 -0.258108 0.707242
FixedParameters: 0 0 0

#Transform 80
Transform: AffineTransform_float_3_3
Parameters: 0.999994 0.00365126 -0.000378202 -0.00365174 0.999992 -0.00197163 0.000370801 0.00197237 0.999998 -0.250164 -0.25335 0.707362
FixedParameters: 0 0 0

#Transform 81
Transform: AffineTransform_float_3_3
Parameters: 0.999994 0.00360177 -0.000583626 -0.00360323 0.999992 -0.00211591 0.000576373 0.00211809 0.999997 -0.256303 -0.283411 0.705196
FixedParameters: 0 0 0

#Transform 82
Transform: AffineTransform_float_3_3
Parameters: 0.999992 0.00378019 -0.000540686 -0.00378181 0.999991 -0.00150297 0.000535312 0.00150503 0.999998 -0.261866 -0.275843 0.756524
FixedParameters: 0 0 0

#Transform 83
Transform: AffineTransform_float_3_3
Parameters: 0.999992 0.00397146 -0.000680051 -0.00397254 0.999989 -0.00227732 0.000670951 0.00227968 0.999997 -0.267809 -0.259264 0.774875
FixedParameters: 0 0 0

#Transform 84
Transform: AffineTransform_float_3_3
Parameters: 0.999993 0.00381545 -0.000829176 -0.00381755 0.999991 -0.00187885 0.000821822 0.00188215 0.999998 -0.272541 -0.313189 0.758739
FixedParameters: 0 0 0

#Transform 85
Transform: AffineTransform_float_3_3
Parameters: 0.999992 0.003711 -0.000984555 -0.003713 0.999991 -0.00203336 0.000977447 0.00203664 0.999998 -0.271117 -0.250363 0.758123
FixedParameters: 0 0 0

#Transform 86
Transform: AffineTransform_float_3_3
Parameters: 0.999992 0.00380909 -0.0013265 -0.00381091 0.999991 -0.00144196 0.0013215 0.00144705 0.999998 -0.266799 -0.236222 0.74705
FixedParameters: 0 0 0

#Transform 87
Transform: AffineTransform_float_3_3
Parameters: 0.999993 0.00381647 -0.000791434 -0.00381754 0.999991 -0.00194599 0.000784567 0.00194901 0.999998 -0.274187 -0.306337 0.780567
FixedParameters: 0 0 0

#Transform 88
Transform: AffineTransform_float_3_3
Parameters: 0.999992 0.00392147 -0.00129071 -0.00392353 0.999991 -0.00196395 0.00128329 0.00196905 0.999997 -0.263648 -0.249496 0.753686
FixedParameters: 0 0 0

#Transform 89
Transform: AffineTransform_float_3_3
Parameters: 0.999992 0.0037877 -0.00121519 -0.0037893 0.999991 -0.00189441 0.00120782 0.00189859 0.999997 -0.274517 -0.299833 0.798377
FixedParameters: 0 0 0

#Transform 90
Transform: AffineTransform_float_3_3
Parameters: 0.999992 0.0039434 -0.00114301 -0.0039466 0.999989 -0.00228051 0.00113399 0.00228549 0.999996 -0.268007 -0.252359 0.766795
FixedParameters: 0 0 0

#Transform 91
Transform: AffineTransform_float_3_3
Parameters: 0.999992 0.00371165 -0.000991833 -0.00371435 0.999991 -0.00237733 0.000983166 0.00238067 0.999996 -0.258825 -0.311046 0.756348
FixedParameters: 0 0 0

#Transform 92
Transform: AffineTransform_float_3_3
Parameters: 0.999994 0.00345002 -0.000753137 -0.00345198 0.99999 -0.00264642 0.000744864 0.00264859 0.999996 -0.254571 -0.232931 0.703045
FixedParameters: 0 0 0

#Transform 93
Transform: AffineTransform_float_3_3
Parameters: 0.999994 0.00347077 -0.000626824 -0.00347223 0.999992 -0.00196484 0.000620174 0.00196716 0.999998 -0.249275 -0.300254 0.760991
FixedParameters: 0 0 0

#Transform 94
Transform: AffineTransform_float_3_3
Parameters: 0.999993 0.00342051 -0.00103627 -0.00342249 0.999991 -0.00241547 0.00102773 0.00241853 0.999996 -0.251767 -0.239698 0.735654
FixedParameters: 0 0 0

#Transform 95
Transform: AffineTransform_float_3_3
Parameters: 0.999994 0.00355143 -0.000726736 -0.00355258 0.999992 -0.00217643 0.000718264 0.00217957 0.999998 -0.245448 -0.291003 0.766176
FixedParameters: 0 0 0

#Transform 96
Transform: AffineTransform_float_3_3
Parameters: 0.999993 0.00372525 -0.000763557 -0.00372674 0.99999 -0.00229517 0.000755444 0.00229783 0.999997 -0.261146 -0.281597 0.779921
FixedParameters: 0 0 0

#Transform 97
Transform: AffineTransform_float_3_3
Parameters: 0.999992 0.00372916 -0.000793715 -0.00373085 0.999991 -0.00233506 0.000785285 0.00233795 0.999997 -0.248186 -0.246512 0.751139
FixedParameters: 0 0 0

#Transform 98
Transform: AffineTransform_float_3_3
Parameters: 0.999993 0.00365058 -0.000668795 -0.00365142 0.999991 -0.00213357 0.000661209 0.00213543 0.999998 -0.25839 -0.281954 0.772649
FixedParameters: 0 0 0

#Transform 99
Transform: AffineTransform_float_3_3
Parameters: 0.999994 0.00359327 -0.000695024 -0.00359574 0.999991 -0.00250952 0.000685972 0.00251248 0.999996 -0.246179 -0.276621 0.801594
FixedParameters: 0 0 0

#Transform 100
Transform: AffineTransform_float_3_3
Parameters: 0.999993 0.00382088 -0.000719354 -0.00382312 0.999989 -0.00296927 0.000707648 0.00297173 0.999996 -0.249992 -0.271559 0.800417
FixedParameters: 0 0 0

#Transform 101
Transform: AffineTransform_float_3_3
Parameters: 0.999991 0.00400394 -0.000756015 -0.00400606 0.999988 -0.00274899 0.000744984 0.00275201 0.999996 -0.274992 -0.307268 0.823586
FixedParameters: 0 0 0

#Transform 102
Transform: AffineTransform_float_3_3
Parameters: 0.999992 0.00406104 -0.000793092 -0.00406296 0.999988 -0.0024828 0.000782912 0.0024852 0.999996 -0.276762 -0.279929 0.826428
FixedParameters: 0 0 0

#Transform 103
Transform: AffineTransform_float_3_3
Parameters: 0.999991 0.00408181 -0.00119992 -0.00408419 0.999988 -0.00267112 0.00118908 0.00267588 0.999995 -0.281466 -0.269642 0.816777
FixedParameters: 0 0 0

#Transform 104
Transform: AffineTransform_float_3_3
Parameters: 0.999991 0.00416383 -0.000973304 -0.00416616 0.999989 -0.00223197 0.000963695 0.00223603 0.999997 -0.272129 -0.300416 0.834432
FixedParameters: 0 0 0

#Transform 105
Transform: AffineTransform_float_3_3
Parameters: 0.999991 0.00393007 -0.00107378 -0.00393293 0.999988 -0.0027398 0.00106322 0.0027442 0.999995 -0.28217 -0.262306 0.804129
FixedParameters: 0 0 0

#Transform 106
Transform: AffineTransform_float_3_3
Parameters: 0.999992 0.00389444 -0.00109711 -0.00389756 0.999989 -0.00233774 0.00108889 0.00234126 0.999996 -0.283231 -0.284896 0.806388
FixedParameters: 0 0 0

#Transform 107
Transform: AffineTransform_float_3_3
Parameters: 0.999991 0.00421287 -0.00102383 -0.00421514 0.999989 -0.0020937 0.00101517 0.0020983 0.999998 -0.291319 -0.279982 0.837581
FixedParameters: 0 0 0

#Transform 108
Transform: AffineTransform_float_3_3
Parameters: 0.999991 0.00394239 -0.000991419 -0.0039456 0.999988 -0.00264011 0.000980579 0.00264389 0.999996 -0.269314 -0.261857 0.806961
FixedParameters: 0 0 0

#Transform 109
Transform: AffineTransform_float_3_3
Parameters: 0.999992 0.00390947 -0.000774791 -0.00391154 0.999991 -0.00199099 0.000766208 0.00199401 0.999997 -0.280719 -0.300751 0.848147
FixedParameters: 0 0 0

#Transform 110
Transform: AffineTransform_float_3_3
Parameters: 0.999991 0.00401526 -0.000804721 -0.00401673 0.999989 -0.00216979 0.000795279 0.00217321 0.999998 -0.278992 -0.283355 0.846003
FixedParameters: 0 0 0

#Transform 111
Transform: AffineTransform_float_3_3
Parameters: 0.999991 0.0039592 -0.001113 -0.0039618 0.999989 -0.00252361 0.001103 0.00252739 0.999996 -0.269501 -0.280436 0.816458
FixedParameters: 0 0 0

#Transform 112
Transform: AffineTransform_float_3_3
Parameters: 0.999992 0.00402922 -0.00100816 -0.00403079 0.999991 -0.00177395 0.00100084 0.00177805 0.999998 -0.286103 -0.301088 0.838767
FixedParameters: 0 0 0

#Transform 113
Transform: AffineTransform_float_3_3
Parameters: 0.999992 0.00398151 -0.00108119 -0.00398348 0.999989 -0.00230571 0.00107181 0.00231029 0.999997 -0.287498 -0.255404 0.830075
FixedParameters: 0 0 0

#Transform 114
Transform: AffineTransform_float_3_3
Parameters: 0.999992 0.00399309 -0.00112183 -0.00399491 0.99999 -0.00170753 0.00111517 0.00171147 0.999998 -0.278854 -0.30763 0.862606
FixedParameters: 0 0 0

#Transform 115
Transform: AffineTransform_float_3_3
Parameters: 0.999991 0.00398023 -0.00107159 -0.00398177 0.99999 -0.00165275 0.00106541 0.00165625 0.999998 -0.288257 -0.29767 0.869654
FixedParameters: 0 0 0

#Transform 116
Transform: AffineTransform_float_3_3
Parameters: 0.999992 0.00388496 -0.0011741 -0.00388804 0.999989 -0.00259646 0.0011639 0.00260154 0.999996 -0.271352 -0.28249 0.840523
FixedParameters: 0 0 0

#Transform 117
Transform: AffineTransform_float_3_3
Parameters: 0.999992 0.00400294 -0.00101517 -0.00400506 0.99999 -0.00203795 0.00100683 0.00204205 0.999998 -0.290824 -0.317917 0.881196
FixedParameters: 0 0 0

#Transform 118
Transform: AffineTransform_float_3_3
Parameters: 0.999991 0.00401553 -0.00119077 -0.00401947 0.999987 -0.00292724 0.00117823 0.00293276 0.999995 -0.285084 -0.283492 0.87657
FixedParameters: 0 0 0

#Transform 119
Transform: AffineTransform_float_3_3
Parameters: 0.99999 0.00420385 -0.00107932 -0.00420714 0.999987 -0.00292849 0.00106668 0.00293251 0.999995 -0.307117 -0.345973 0.911767
FixedParameters: 0 0 0

#Transform 120
Transform: AffineTransform_float_3_3
Parameters: 0.99999 0.00449874 -0.00111812 -0.00450026 0.999988 -0.00202399 0.00110888 0.00202901 0.999998 -0.321857 -0.305629 0.956602
FixedParameters: 0 0 0

#Transform 121
Transform: AffineTransform_float_3_3
Parameters: 0.999989 0.00461771 -0.00107622 -0.00462029 0.999984 -0.00307606 0.00106178 0.00308094 0.999994 -0.317987 -0.296507 0.948028
FixedParameters: 0 0 0

#Transform 122
Transform: AffineTransform_float_3_3
Parameters: 0.999988 0.00475897 -0.00105576 -0.00476203 0.999984 -0.00288801 0.00104224 0.00289299 0.999996 -0.33523 -0.346252 0.986352
FixedParameters: 0 0 0

#Transform 123
Transform: AffineTransform_float_3_3
Parameters: 0.999988 0.0049213 -0.00108828 -0.0049247 0.999985 -0.00249167 0.00107572 0.00249733 0.999997 -0.337901 -0.308817 1.00234
FixedParameters: 0 0 0

#Transform 124
Transform: AffineTransform_float_3_3
Parameters: 0.999988 0.00487636 -0.00113672 -0.00488064 0.999983 -0.00321949 0.00112028 0.0032245 0.999994 -0.332521 -0.323519 0.989316
FixedParameters: 0 0 0

#Transform 125
Transform: AffineTransform_float_3_3
Parameters: 0.999987 0.0049579 -0.00104781 -0.00496111 0.999983 -0.00298284 0.00103219 0.00298816 0.999995 -0.340024 -0.360966 1.03286
FixedParameters: 0 0 0

#Transform 126
Transform: AffineTransform_float_3_3
Parameters: 0.999987 0.00497697 -0.00128472 -0.00498103 0.999982 -0.00315364 0.00126828 0.00316035 0.999994 -0.340026 -0.317622 1.02651
FixedParameters: 0 0 0

#Transform 127
Transform: AffineTransform_float_3_3
Parameters: 0.999987 0.00492117 -0.00117415 -0.00492482 0.999982 -0.00327826 0.00115785 0.00328374 0.999994 -0.332515 -0.360102 1.02343
FixedParameters: 0 0 0

#Transform 128
Transform: AffineTransform_float_3_3
Parameters: 0.999987 0.00486753 -0.00100108 -0.00487047 0.999985 -0.00247915 0.000988916 0.00248384 0.999996 -0.338904 -0.369371 1.03315
FixedParameters: 0 0 0

#Transform 129
Transform: AffineTransform_float_3_3
Parameters: 0.999989 0.00459832 -0.00113602 -0.00460168 0.999984 -0.00326181 0.00112098 0.00326719 0.999994 -0.332884 -0.300355 0.988996
FixedParameters: 0 0 0

#Transform 130
Transform: AffineTransform_float_3_3
Parameters: 0.999988 0.0047799 -0.00105119 -0.0047831 0.999984 -0.00296601 0.00103681 0.00297099 0.999995 -0.334205 -0.366591 1.03853
FixedParameters: 0 0 0

#Transform 131
Transform: AffineTransform_float_3_3
Parameters: 0.999987 0.00481904 -0.00121976 -0.00482296 0.999983 -0.00326716 0.00120424 0.00327284 0.999994 -0.339835 -0.339884 1.0281
FixedParameters: 0 0 0

#Transform 132
Transform: AffineTransform_float_3_3
Parameters: 0.999988 0.00460346 -0.00126265 -0.00460753 0.999983 -0.00361222 0.00124535 0.00361777 0.999992 -0.320301 -0.358328 1.01433
FixedParameters: 0 0 0

#Transform 133
Transform: AffineTransform_float_3_3
Parameters: 0.999989 0.00463537 -0.00136427 -0.00464063 0.99998 -0.00415171 0.00134473 0.00415828 0.99999 -0.330812 -0.388821 1.03915
FixedParameters: 0 0 0

#Transform 134
Transform: AffineTransform_float_3_3
Parameters: 0.999988 0.00470801 -0.00127062 -0.00471299 0.999981 -0.00395006 0.00125238 0.00395595 0.999992 -0.330717 -0.360215 1.00281
FixedParameters: 0 0 0

#Transform 135
Transform: AffineTransform_float_3_3
Parameters: 0.999988 0.00453955 -0.00138367 -0.00454444 0.999984 -0.00322675 0.00136933 0.00323325 0.999994 -0.328799 -0.387079 1.03003
FixedParameters: 0 0 0

#Transform 136
Transform: AffineTransform_float_3_3
Parameters: 0.999988 0.00476931 -0.00115239 -0.0047727 0.999984 -0.00322254 0.00113761 0.00322847 0.999994 -0.336126 -0.352565 1.03324
FixedParameters: 0 0 0

#Transform 137
Transform: AffineTransform_float_3_3
Parameters: 0.999988 0.00476955 -0.000965219 -0.00477246 0.999982 -0.00360644 0.000948786 0.00361057 0.999993 -0.336533 -0.357107 1.00913
FixedParameters: 0 0 0

#Transform 138
Transform: AffineTransform_float_3_3
Parameters: 0.999989 0.00456669 -0.00104164 -0.00457031 0.999985 -0.00320128 0.00102637 0.00320572 0.999995 -0.336797 -0.370967 1.01295
FixedParameters: 0 0 0

#Transform 139
Transform: AffineTransform_float_3_3
Parameters: 0.999988 0.00478228 -0.00110521 -0.00478672 0.999983 -0.00338675 0.00108878 0.00339225 0.999993 -0.341687 -0.33606 1.01471
FixedParameters: 0 0 0

#Transform 140
Transform: AffineTransform_float_3_3
Parameters: 0.999988 0.00478835 -0.00113579 -0.00479265 0.99998 -0.00412761 0.00111621 0.00413339 0.999991 -0.333281 -0.351116 0.986786
FixedParameters: 0 0 0

#Transform 141
Transform: AffineTransform_float_3_3
Parameters: 0.999988 0.00470582 -0.00120151 -0.00471019 0.999983 -0.00350438 0.00118549 0.00350962 0.999993 -0.342792 -0.389673 1.02081
FixedParameters: 0 0 0

#Transform 142
Transform: AffineTransform_float_3_3
Parameters: 0.999988 0.00486946 -0.00128038 -0.00487454 0.999982 -0.0035648 0.00126262 0.00357119 0.999993 -0.342929 -0.346978 1.03062
FixedParameters: 0 0 0

#Transform 143
Transform: AffineTransform_float_3_3
Parameters: 0.999988 0.00487851 -0.00126643 -0.00488249 0.999981 -0.00356786 0.00124857 0.00357413 0.999993 -0.344732 -0.368623 1.04549
FixedParameters: 0 0 0

#Transform 144
Transform: AffineTransform_float_3_3
Parameters: 0.999987 0.0049644 -0.00108463 -0.00496861 0.999982 -0.00334565 0.00106837 0.00335135 0.999994 -0.357141 -0.380453 1.06562
FixedParameters: 0 0 0

#Transform 145
Transform: AffineTransform_float_3_3
Parameters: 0.999986 0.00498651 -0.00128259 -0.00499049 0.999982 -0.00352365 0.00126441 0.00352935 0.999993 -0.357923 -0.330575 1.05116
FixedParameters: 0 0 0

#Transform 146
Transform: AffineTransform_float_3_3
Parameters: 0.999986 0.00513083 -0.00124727 -0.00513517 0.999981 -0.00336164 0.00122973 0.00336836 0.999994 -0.360272 -0.395858 1.08889
FixedParameters: 0 0 0

#Transform 147
Transform: AffineTransform_float_3_3
Parameters: 0.999986 0.00505684 -0.00106116 -0.00506016 0.999982 -0.00299467 0.00104684 0.00299933 0.999995 -0.354822 -0.367516 1.10941
FixedParameters: 0 0 0

#Transform 148
Transform: AffineTransform_float_3_3
Parameters: 0.999988 0.00491441 -0.00112676 -0.00491859 0.999983 -0.0032035 0.00111124 0.0032085 0.999994 -0.347287 -0.352803 1.07813
FixedParameters: 0 0 0

#Transform 149
Transform: AffineTransform_float_3_3
Parameters: 0.999987 0.00506633 -0.000876597 -0.00506868 0.999983 -0.0030756 0.000861401 0.00308041 0.999995 -0.350591 -0.393353 1.08324
FixedParameters: 0 0 0

#Transform 150
Transform: AffineTransform_float_3_3
Parameters: 0.999988 0.0048233 -0.000911411 -0.0048257 0.999984 -0.00298464 0.000897594 0.00298837 0.999995 -0.35569 -0.347522 1.05709
FixedParameters: 0 0 0

#Transform 151
Transform: AffineTransform_float_3_3
Parameters: 0.999987 0.00483338 -0.00108668 -0.0048356 0.999985 -0.00241277 0.00107432 0.00241822 0.999997 -0.359802 -0.379939 1.07917
FixedParameters: 0 0 0

#Transform 152
Transform: AffineTransform_float_3_3
Parameters: 0.999988 0.00475376 -0.000994792 -0.00475625 0.999986 -0.0022673 0.000983204 0.0022727 0.999997 -0.344978 -0.364983 1.09197
FixedParameters: 0 0 0

#Transform 153
Transform: AffineTransform_float_3_3
Parameters: 0.999989 0.00470779 -0.0010032 -0.00471021 0.999983 -0.00322431 0.000987804 0.00322969 0.999995 -0.349875 -0.33492 1.07204
FixedParameters: 0 0 0

#Transform 154
Transform: AffineTransform_float_3_3
Parameters: 0.999988 0.00486667 -0.00110872 -0.00487033 0.999983 -0.00302064 0.00109428 0.00302536 0.999995 -0.355688 -0.385792 1.09092
FixedParameters: 0 0 0

#Transform 155
Transform: AffineTransform_float_3_3
Parameters: 0.999987 0.00510811 -0.00107781 -0.0051109 0.999984 -0.00270053 0.00106419 0.00270547 0.999996 -0.371057 -0.361527 1.1613
FixedParameters: 0 0 0

#Transform 156
Transform: AffineTransform_float_3_3
Parameters: 0.999987 0.00511276 -0.00109721 -0.00511625 0.999983 -0.00297143 0.00108279 0.00297658 0.999995 -0.37952 -0.372239 1.12914
FixedParameters: 0 0 0

#Transform 157
Transform: AffineTransform_float_3_3
Parameters: 0.999985 0.00539253 -0.00105076 -0.00539447 0.999982 -0.00236237 0.00103725 0.00236763 0.999996 -0.395043 -0.391588 1.185
FixedParameters: 0 0 0

#Transform 158
Transform: AffineTransform_float_3_3
Parameters: 0.999986 0.00533855 -0.000852506 -0.00534045 0.999981 -0.00290149 0.000836499 0.00290551 0.999996 -0.388364 -0.364079 1.1721
FixedParameters: 0 0 0

#Transform 159
Transform: AffineTransform_float_3_3
Parameters: 0.999985 0.00538402 -0.00079254 -0.00538699 0.999978 -0.00381179 0.000772459 0.00381622 0.999993 -0.389283 -0.383019 1.1395
FixedParameters: 0 0 0

#Transform 160
Transform: AffineTransform_float_3_3
Parameters: 0.999984 0.00545538 -0.00101266 -0.00545861 0.999978 -0.00360053 0.00099334 0.00360547 0.999993 -0.407154 -0.404264 1.1681
FixedParameters: 0 0 0

#Transform 161
Transform: AffineTransform_float_3_3
Parameters: 0.999985 0.00538198 -0.000890447 -0.00538502 0.999979 -0.00342425 0.000871548 0.00342974 0.999993 -0.406957 -0.365412 1.165
FixedParameters: 0 0 0

#Transform 162
Transform: AffineTransform_float_3_3
Parameters: 0.999986 0.005378 -0.000528804 -0.00538001 0.999978 -0.00386621 0.000508197 0.00386879 0.999993 -0.405313 -0.391441 1.1653
FixedParameters: 0 0 0

#Transform 163
Transform: AffineTransform_float_3_3
Parameters: 0.999984 0.00568272 -0.000393039 -0.00568428 0.999978 -0.00334882 0.000373959 0.00335118 0.999995 -0.417298 -0.396684 1.18463
FixedParameters: 0 0 0

#Transform 164
Transform: AffineTransform_float_3_3
Parameters: 0.999983 0.00581347 -0.000652946 -0.00581553 0.999976 -0.00394427 0.000630057 0.00394773 0.999992 -0.420827 -0.367589 1.15875
FixedParameters: 0 0 0

#Transform 165
Transform: AffineTransform_float_3_3
Parameters: 0.999983 0.00593824 -0.000468918 -0.00593977 0.999975 -0.00385728 0.000446086 0.00385972 0.999993 -0.438334 -0.400867 1.20444
FixedParameters: 0 0 0

#Transform 166
Transform: AffineTransform_float_3_3
Parameters: 0.999981 0.00621011 -0.000826098 -0.0062129 0.999975 -0.00355494 0.000803909 0.00355906 0.999994 -0.451773 -0.383031 1.22457
FixedParameters: 0 0 0

#Transform 167
Transform: AffineTransform_float_3_3
Parameters: 0.999979 0.00637968 -0.00110621 -0.00638432 0.999972 -0.00394602 0.00108079 0.00395298 0.999991 -0.465821 -0.397712 1.20349
FixedParameters: 0 0 0

#Transform 168
Transform: AffineTransform_float_3_3
Parameters: 0.999978 0.00644529 -0.00103728 -0.0064487 0.999972 -0.00360739 0.00101472 0.00361362 0.999993 -0.482219 -0.442753 1.2591
FixedParameters: 0 0 0

#Transform 169
Transform: AffineTransform_float_3_3
Parameters: 0.999978 0.0064474 -0.00119949 -0.00645259 0.999968 -0.00472336 0.00116851 0.00473064 0.999988 -0.489858 -0.374554 1.21543
FixedParameters: 0 0 0

#Transform 170
Transform: AffineTransform_float_3_3
Parameters: 0.999978 0.00651306 -0.00111425 -0.00651793 0.999968 -0.00448584 0.00108475 0.00449316 0.99999 -0.485014 -0.400974 1.20837
FixedParameters: 0 0 0

#Transform 171
Transform: AffineTransform_float_3_3
Parameters: 0.999979 0.00641442 -0.000956337 -0.00641858 0.999972 -0.00378994 0.000932661 0.00379606 0.999993 -0.476243 -0.428758 1.26343
FixedParameters: 0 0 0

#Transform 172
Transform: AffineTransform_float_3_3
Parameters: 0.999978 0.00651349 -0.00133222 -0.00652051 0.999966 -0.00494042 0.00130078 0.00494858 0.999987 -0.490374 -0.403589 1.25633
FixedParameters: 0 0 0

#Transform 173
Transform: AffineTransform_float_3_3
Parameters: 0.999979 0.00635515 -0.00116481 -0.00635986 0.999971 -0.00421268 0.00113819 0.00422032 0.999991 -0.488945 -0.441821 1.26571
FixedParameters: 0 0 0

#Transform 174
Transform: AffineTransform_float_3_3
Parameters: 0.999977 0.00664256 -0.00128056 -0.00664744 0.999968 -0.00429358 0.00125245 0.00430142 0.99999 -0.501009 -0.425137 1.28794
FixedParameters: 0 0 0

#Transform 175
Transform: AffineTransform_float_3_3
Parameters: 0.999975 0.00691887 -0.00150196 -0.00692713 0.999961 -0.00547873 0.00146403 0.00548927 0.999984 -0.505343 -0.420596 1.27334
FixedParameters: 0 0 0

#Transform 176
Transform: AffineTransform_float_3_3
Parameters: 0.999972 0.00739482 -0.00128213 -0.00740017 0.99996 -0.00487865 0.00124587 0.00488835 0.999988 -0.544651 -0.459243 1.37291
FixedParameters: 0 0 0

#Transform 177
Transform: AffineTransform_float_3_3
Parameters: 0.999968 0.00768079 -0.00193205 -0.00769021 0.999956 -0.00533331 0.00189096 0.00534769 0.999984 -0.561936 -0.443363 1.3853
FixedParameters: 0 0 0

#Transform 178
Transform: AffineTransform_float_3_3
Parameters: 0.999968 0.00783936 -0.0015961 -0.00784864 0.999951 -0.00612567 0.0015479 0.00613833 0.99998 -0.573717 -0.443529 1.37231
FixedParameters: 0 0 0

#Transform 179
Transform: AffineTransform_float_3_3
Parameters: 0.999968 0.00778431 -0.00149495 -0.00779368 0.999953 -0.00589354 0.00144904 0.00590547 0.999982 -0.569807 -0.495414 1.40302
FixedParameters: 0 0 0

#Transform 180
Transform: AffineTransform_float_3_3
Parameters: 0.999969 0.00776695 -0.00143759 -0.00777404 0.999957 -0.00496097 0.00139841 0.00497201 0.999986 -0.566477 -0.416479 1.42644
FixedParameters: 0 0 0

#Transform 181
Transform: AffineTransform_float_3_3
Parameters: 0.999968 0.00785516 -0.00141721 -0.00786285 0.999954 -0.00561904 0.0013728 0.00562997 0.999983 -0.574505 -0.474995 1.39707
FixedParameters: 0 0 0

#Transform 182
Transform: AffineTransform_float_3_3
Parameters: 0.999968 0.00788215 -0.00153195 -0.00788985 0.999956 -0.00518608 0.00149106 0.00519792 0.999986 -0.581962 -0.465819 1.42794
FixedParameters: 0 0 0

#Transform 183
Transform: AffineTransform_float_3_3
Parameters: 0.999967 0.00784848 -0.00179905 -0.00785751 0.999955 -0.00534704 0.00175695 0.00536096 0.999984 -0.581053 -0.425308 1.41407
FixedParameters: 0 0 0

#Transform 184
Transform: AffineTransform_float_3_3
Parameters: 0.999967 0.00794974 -0.00177596 -0.00795926 0.999955 -0.00526804 0.00173404 0.00528196 0.999984 -0.592398 -0.475646 1.42799
FixedParameters: 0 0 0

#Transform 185
Transform: AffineTransform_float_3_3
Parameters: 0.999967 0.00794124 -0.00161465 -0.00794976 0.999956 -0.00485832 0.00157535 0.00487067 0.999987 -0.581012 -0.452197 1.45787
FixedParameters: 0 0 0

#Transform 186
Transform: AffineTransform_float_3_3
Parameters: 0.999968 0.00787581 -0.0018519 -0.0078862 0.999954 -0.00556258 0.0018081 0.00557742 0.999983 -0.581977 -0.442685 1.45668
FixedParameters: 0 0 0

#Transform 187
Transform: AffineTransform_float_3_3
Parameters: 0.999965 0.00823245 -0.00192898 -0.00824355 0.999947 -0.00605931 0.00187902 0.00607468 0.99998 -0.586117 -0.504119 1.48995
FixedParameters: 0 0 0

#Transform 188
Transform: AffineTransform_float_3_3
Parameters: 0.999964 0.00823453 -0.00202146 -0.00824646 0.999946 -0.00623555 0.00197055 0.00625245 0.999979 -0.589457 -0.455956 1.487
FixedParameters: 0 0 0

#Transform 189
