# transform file /out/sourcedata/freesurfer/sub-v1s23x0050606_ses-1/mri/transforms/cc_up.lta
# created by oesteban on Mon Mar  9 21:55:19 2026

type      = 0 # LINEAR_VOX_TO_VOX
nxforms   = 1
mean      = 127.0000 126.0000 108.0000
sigma     = 10000.0000
1 4 4
9.999229907989502e-01 -2.289863536134362e-03 1.219711732119322e-02 5.056927204132080e-01 
2.289693336933851e-03 9.999973773956299e-01 2.792980922095012e-05 2.070548057556152e+01 
-1.219714991748333e-02 -1.818989403545856e-12 9.999256134033203e-01 3.656345367431641e+01 
0.000000000000000e+00 0.000000000000000e+00 0.000000000000000e+00 1.000000000000000e+00 
src volume info
valid = 1  # volume info valid
filename = /out/sourcedata/freesurfer/sub-v1s23x0050606_ses-1/mri/norm.mgz
volume = 256 256 256
voxelsize = 1.000000000000000e+00 1.000000000000000e+00 1.000000000000000e+00
xras   = -1.000000000000000e+00 0.000000000000000e+00 0.000000000000000e+00
yras   = 0.000000000000000e+00 0.000000000000000e+00 -1.000000000000000e+00
zras   = 0.000000000000000e+00 1.000000000000000e+00 0.000000000000000e+00
cras   = 6.644020080566406e+01 -4.522056579589844e+01 6.342021179199219e+01
dst volume info
valid = 1  # volume info valid
filename = /out/sourcedata/freesurfer/sub-v1s23x0050606_ses-1/mri/norm.mgz
volume = 256 256 256
voxelsize = 1.000000000000000e+00 1.000000000000000e+00 1.000000000000000e+00
xras   = -1.000000000000000e+00 0.000000000000000e+00 0.000000000000000e+00
yras   = 0.000000000000000e+00 0.000000000000000e+00 -1.000000000000000e+00
zras   = 0.000000000000000e+00 1.000000000000000e+00 0.000000000000000e+00
cras   = 6.644020080566406e+01 -4.522056579589844e+01 6.342021179199219e+01
