#Insight Transform File V1.0
#Transform 0
Transform: AffineTransform_float_3_3
Parameters: 1 -1.25e-09 0.000125 -1.25e-09 1 1e-05 -0.000125 -1e-05 1 -0.000147639 -0.00997181 0.22973
FixedParameters: 0 0 0

#Transform 1
Transform: AffineTransform_float_3_3
Parameters: 1 -0.000231991 -3.20622e-05 0.000232009 1 0.000267993 3.19378e-05 -0.000268007 1 0.023731 0.0126363 0.0147599
FixedParameters: 0 0 0

#Transform 2
Transform: AffineTransform_float_3_3
Parameters: 1 -0.000248052 0.000201936 0.000247948 1 0.00025905 -0.000202064 -0.00025895 1 0.0124975 -0.0212562 0.00421455
FixedParameters: 0 0 0

#Transform 3
Transform: AffineTransform_float_3_3
Parameters: 1 -0.000481959 0.000347057 0.000482041 1 -0.000118833 -0.000346943 0.000119167 1 0.0313308 -0.0133775 -0.00413134
FixedParameters: 0 0 0

#Transform 4
Transform: AffineTransform_float_3_3
Parameters: 0.999999 -0.000679934 0.000286158 0.000680066 0.999999 -0.000231805 -0.000285843 0.000231194 1 0.0367714 -0.00932003 -0.0130735
FixedParameters: 0 0 0

#Transform 5
Transform: AffineTransform_float_3_3
Parameters: 1 -0.000969026 0.000669961 0.000968973 0.999999 4.06492e-05 -0.000670038 -3.93507e-05 1 0.0528608 -0.00079429 -0.0177397
FixedParameters: 0 0 0

#Transform 6
Transform: AffineTransform_float_3_3
Parameters: 1 -0.0012 0.000197031 0.00120001 1 -2.57636e-05 -0.00019697 2.52364e-05 1 0.0645767 -0.00189685 -0.00640784
FixedParameters: 0 0 0

#Transform 7
Transform: AffineTransform_float_3_3
Parameters: 0.999999 -0.00147999 7.21834e-05 0.00148001 0.999999 -0.000123893 -7.18164e-05 0.000124106 1 0.0739966 -0.0128486 -0.00136505
FixedParameters: 0 0 0

#Transform 8
Transform: AffineTransform_float_3_3
Parameters: 0.999999 -0.00130096 0.000170324 0.00130104 0.999999 -0.000248779 -0.000170677 0.000248222 1 0.0771271 0.00765369 -0.00684682
FixedParameters: 0 0 0

#Transform 9
Transform: AffineTransform_float_3_3
Parameters: 0.999999 -0.00130098 0.000282109 0.00130102 0.999999 -8.36331e-05 -0.000281892 8.33668e-05 1 0.0721073 -0.0199799 -0.00505517
FixedParameters: 0 0 0

#Transform 10
Transform: AffineTransform_float_3_3
Parameters: 0.999999 -0.00130095 0.000357194 0.00130105 0.999999 -0.000148535 -0.000356806 0.000149464 1 0.0735674 -9.13493e-05 -0.0160005
FixedParameters: 0 0 0

#Transform 11
Transform: AffineTransform_float_3_3
Parameters: 0.999998 -0.00169785 0.000808308 0.00169815 0.999998 -0.000180628 -0.000808691 0.000182373 0.999999 0.0802719 0.0153642 -0.0255188
FixedParameters: 0 0 0

#Transform 12
Transform: AffineTransform_float_3_3
Parameters: 0.999999 -0.00167998 0.00057706 0.00167902 0.999998 -3.50311e-05 -0.000576941 3.59693e-05 1 0.0827686 0.00787544 -0.0291569
FixedParameters: 0 0 0

#Transform 13
Transform: AffineTransform_float_3_3
Parameters: 0.999998 -0.00174769 0.000914587 0.00174831 0.999999 -0.000335402 -0.000914413 0.000336599 0.999999 0.0860088 0.0220166 -0.0345674
FixedParameters: 0 0 0

#Transform 14
Transform: AffineTransform_float_3_3
Parameters: 0.999998 -0.00174763 0.00097966 0.00174837 0.999999 -0.000376288 -0.000979342 0.000377713 1 0.0829935 0.0127004 -0.0362422
FixedParameters: 0 0 0

#Transform 15
Transform: AffineTransform_float_3_3
Parameters: 0.999998 -0.00184794 0.000606191 0.00184806 0.999999 -0.00010288 -0.00060581 0.00010312 1 0.0816545 -0.00443287 -0.0143686
FixedParameters: 0 0 0

#Transform 16
Transform: AffineTransform_float_3_3
Parameters: 0.999998 -0.00198051 0.00125278 0.00198049 0.999998 -0.00039152 -0.00125122 0.000393479 0.999999 0.0881527 0.0290833 -0.0323432
FixedParameters: 0 0 0

#Transform 17
Transform: AffineTransform_float_3_3
Parameters: 0.999997 -0.00219194 0.000841158 0.00219106 0.999997 -7.11571e-05 -0.000840842 7.28432e-05 0.999999 0.0870989 -0.0171545 -0.0132771
FixedParameters: 0 0 0

#Transform 18
Transform: AffineTransform_float_3_3
Parameters: 0.999997 -0.00219188 0.00106924 0.00219112 0.999997 -0.000108657 -0.00106876 0.000111343 1 0.0850056 -0.00280503 -0.0156934
FixedParameters: 0 0 0

#Transform 19
Transform: AffineTransform_float_3_3
Parameters: 0.999997 -0.00219174 0.000964579 0.00219125 0.999997 -0.000262887 -0.000963422 0.000265112 1 0.091135 0.00832345 -0.0177033
FixedParameters: 0 0 0

#Transform 20
Transform: AffineTransform_float_3_3
Parameters: 0.999997 -0.00219182 0.000964401 0.00219118 0.999997 -0.000181887 -0.000963601 0.000183112 0.999999 0.0882312 -0.00779759 -0.0137346
FixedParameters: 0 0 0

#Transform 21
Transform: AffineTransform_float_3_3
Parameters: 0.999997 -0.00219156 0.0010919 0.00219145 0.999998 -0.000407609 -0.00109111 0.000409393 1 0.0902749 0.0229668 -0.0325527
FixedParameters: 0 0 0

#Transform 22
Transform: AffineTransform_float_3_3
Parameters: 0.999997 -0.0021918 0.000977436 0.00219119 0.999997 -0.000197859 -0.000976563 0.000200141 0.999999 0.0947465 0.00164871 -0.0238243
FixedParameters: 0 0 0

#Transform 23
Transform: AffineTransform_float_3_3
Parameters: 0.999997 -0.00219174 0.0011145 0.00219126 0.999997 -0.000228559 -0.0011145 0.000231443 1 0.0904329 -0.0043367 -0.0254351
FixedParameters: 0 0 0

#Transform 24
Transform: AffineTransform_float_3_3
Parameters: 0.999997 -0.00219176 0.0010615 0.00219124 0.999997 -0.000224675 -0.0010605 0.000227325 1 0.0896697 0.0109641 -0.0211022
FixedParameters: 0 0 0

#Transform 25
Transform: AffineTransform_float_3_3
Parameters: 0.999998 -0.00219305 0.000536748 0.00219195 0.999995 0.00194018 -0.000541252 -0.00193882 0.999998 0.10481 -0.129569 0.263823
FixedParameters: 0 0 0

#Transform 26
Transform: AffineTransform_float_3_3
Parameters: 0.999997 -0.00238501 0.000838891 0.00237999 0.999979 0.00592301 -0.000853109 -0.00592098 0.999982 0.111158 -0.270736 0.698723
FixedParameters: 0 0 0

#Transform 27
Transform: AffineTransform_float_3_3
Parameters: 0.999997 -0.00235361 0.000859183 0.00235039 0.999988 0.00417503 -0.000868818 -0.00417297 0.999991 0.106118 -0.167369 0.559444
FixedParameters: 0 0 0

#Transform 28
Transform: AffineTransform_float_3_3
Parameters: 0.999997 -0.00219525 0.000951537 0.00219175 0.999992 0.00340309 -0.000958462 -0.0034009 0.999994 0.103719 -0.145171 0.501126
FixedParameters: 0 0 0

#Transform 29
Transform: AffineTransform_float_3_3
Parameters: 0.999996 -0.00260021 0.00120496 0.00259579 0.99999 0.00348114 -0.00121404 -0.00347886 0.999993 0.108773 -0.151206 0.467967
FixedParameters: 0 0 0

#Transform 30
Transform: AffineTransform_float_3_3
Parameters: 0.999996 -0.00260039 0.00120357 0.00259561 0.99999 0.00363214 -0.00121343 -0.00362886 0.999992 0.125281 -0.147776 0.473416
FixedParameters: 0 0 0

#Transform 31
Transform: AffineTransform_float_3_3
Parameters: 0.999995 -0.00274149 0.00108523 0.00273751 0.999991 0.00320299 -0.00109377 -0.00320002 0.999995 0.126377 -0.133729 0.437604
FixedParameters: 0 0 0

#Transform 32
Transform: AffineTransform_float_3_3
Parameters: 0.999996 -0.00259962 0.00118709 0.00259538 0.999992 0.00304509 -0.0011949 -0.00304191 0.999994 0.124437 -0.127879 0.418954
FixedParameters: 0 0 0

#Transform 33
Transform: AffineTransform_float_3_3
Parameters: 0.999995 -0.00269743 0.0012525 0.00269257 0.99999 0.00352739 -0.0012615 -0.00352361 0.999993 0.125561 -0.14595 0.417666
FixedParameters: 0 0 0

#Transform 34
Transform: AffineTransform_float_3_3
Parameters: 0.999996 -0.00259952 0.00118431 0.00259548 0.999992 0.00296309 -0.00119169 -0.00295991 0.999995 0.123892 -0.131848 0.404527
FixedParameters: 0 0 0

#Transform 35
Transform: AffineTransform_float_3_3
Parameters: 0.999995 -0.00260033 0.0013195 0.00259567 0.999992 0.00327444 -0.0013285 -0.00327056 0.999994 0.127082 -0.140313 0.394461
FixedParameters: 0 0 0

#Transform 36
Transform: AffineTransform_float_3_3
Parameters: 0.999995 -0.00276918 0.00154274 0.00276382 0.999991 0.00334928 -0.00155226 -0.00334472 0.999993 0.126021 -0.140033 0.404762
FixedParameters: 0 0 0

#Transform 37
Transform: AffineTransform_float_3_3
Parameters: 0.999995 -0.00277999 0.00134881 0.00277601 0.999992 0.00294976 -0.00135719 -0.00294624 0.999994 0.120499 -0.138878 0.420291
FixedParameters: 0 0 0

#Transform 38
Transform: AffineTransform_float_3_3
Parameters: 0.999994 -0.00302597 0.00174166 0.00302003 0.999989 0.00342128 -0.00175134 -0.00341672 0.999992 0.129347 -0.119779 0.411006
FixedParameters: 0 0 0

#Transform 39
Transform: AffineTransform_float_3_3
Parameters: 0.999994 -0.00302501 0.0016227 0.00301999 0.99999 0.00307992 -0.0016323 -0.00307508 0.999994 0.134632 -0.139366 0.404157
FixedParameters: 0 0 0

#Transform 40
Transform: AffineTransform_float_3_3
Parameters: 0.999994 -0.00302415 0.00163032 0.00302085 0.999992 0.00254394 -0.00163768 -0.00253906 0.999996 0.113628 -0.125027 0.405874
FixedParameters: 0 0 0

#Transform 41
Transform: AffineTransform_float_3_3
Parameters: 0.999994 -0.00302427 0.00170344 0.00302073 0.999993 0.00250416 -0.00171056 -0.00249884 0.999996 0.117685 -0.108569 0.383568
FixedParameters: 0 0 0

#Transform 42
Transform: AffineTransform_float_3_3
Parameters: 0.999994 -0.00302533 0.00181514 0.00302067 0.999991 0.0029335 -0.00182386 -0.0029285 0.999994 0.120119 -0.119824 0.374851
FixedParameters: 0 0 0

#Transform 43
Transform: AffineTransform_float_3_3
Parameters: 0.999994 -0.00302599 0.00179293 0.00302001 0.99999 0.00333343 -0.00180307 -0.00332856 0.999993 0.113329 -0.122699 0.412465
FixedParameters: 0 0 0

#Transform 44
Transform: AffineTransform_float_3_3
Parameters: 0.999994 -0.00302542 0.00177178 0.00302058 0.999991 0.00305137 -0.00178122 -0.00304663 0.999994 0.122432 -0.111299 0.400941
FixedParameters: 0 0 0

#Transform 45
Transform: AffineTransform_float_3_3
Parameters: 0.999993 -0.00302683 0.00195547 0.00302017 0.99999 0.00348693 -0.00196553 -0.00348107 0.999992 0.123262 -0.121665 0.393005
FixedParameters: 0 0 0

#Transform 46
Transform: AffineTransform_float_3_3
Parameters: 0.999993 -0.00302787 0.00188945 0.00302013 0.999987 0.00415273 -0.00190155 -0.00414727 0.999989 0.12502 -0.134949 0.436686
FixedParameters: 0 0 0

#Transform 47
Transform: AffineTransform_float_3_3
Parameters: 0.999993 -0.00310212 0.00181629 0.00309688 0.999991 0.00281264 -0.00182471 -0.00280736 0.999995 0.123951 -0.10619 0.377611
FixedParameters: 0 0 0

#Transform 48
Transform: AffineTransform_float_3_3
Parameters: 0.999993 -0.00302588 0.00194488 0.00302011 0.999991 0.00302089 -0.00195412 -0.0030151 0.999993 0.123222 -0.135125 0.407532
FixedParameters: 0 0 0

#Transform 49
Transform: AffineTransform_float_3_3
Parameters: 0.999993 -0.00302585 0.00186352 0.00302014 0.99999 0.00313765 -0.00187248 -0.00313235 0.999994 0.123922 -0.135314 0.422091
FixedParameters: 0 0 0

#Transform 50
Transform: AffineTransform_float_3_3
Parameters: 0.999994 -0.00302595 0.00202916 0.00302005 0.999991 0.00292815 -0.00203784 -0.00292185 0.999993 0.126344 -0.111883 0.381017
FixedParameters: 0 0 0

#Transform 51
Transform: AffineTransform_float_3_3
Parameters: 0.999994 -0.00302624 0.00204379 0.00302076 0.999991 0.00304919 -0.00205221 -0.00304281 0.999994 0.117584 -0.135156 0.378601
FixedParameters: 0 0 0

#Transform 52
Transform: AffineTransform_float_3_3
Parameters: 0.999993 -0.00297488 0.002041 0.00296812 0.99999 0.00336708 -0.002051 -0.00336092 0.999992 0.118079 -0.136072 0.394521
FixedParameters: 0 0 0

#Transform 53
Transform: AffineTransform_float_3_3
Parameters: 0.999994 -0.00296643 0.0021102 0.00295757 0.999987 0.00398627 -0.0021218 -0.00398073 0.99999 0.111917 -0.112766 0.406848
FixedParameters: 0 0 0

#Transform 54
Transform: AffineTransform_float_3_3
Parameters: 0.999993 -0.00302985 0.00219749 0.00302016 0.999986 0.00446967 -0.00221051 -0.00446333 0.999987 0.112492 -0.101022 0.401289
FixedParameters: 0 0 0

#Transform 55
Transform: AffineTransform_float_3_3
Parameters: 0.999993 -0.00302836 0.00222064 0.00302064 0.999989 0.00375974 -0.00223236 -0.00375327 0.999991 0.117223 -0.113584 0.40529
FixedParameters: 0 0 0

#Transform 56
Transform: AffineTransform_float_3_3
Parameters: 0.999993 -0.0031985 0.00187434 0.0031935 0.999992 0.002401 -0.00188266 -0.002395 0.999996 0.122351 -0.0965265 0.374183
FixedParameters: 0 0 0

#Transform 57
Transform: AffineTransform_float_3_3
Parameters: 0.999993 -0.00316416 0.00194363 0.00315884 0.999992 0.00265016 -0.00195237 -0.00264484 0.999994 0.125115 -0.120826 0.399017
FixedParameters: 0 0 0

#Transform 58
Transform: AffineTransform_float_3_3
Parameters: 0.999993 -0.00344801 0.00185773 0.00344299 0.999991 0.00269342 -0.00186627 -0.00268759 0.999994 0.126343 -0.116817 0.408991
FixedParameters: 0 0 0

#Transform 59
Transform: AffineTransform_float_3_3
Parameters: 0.999992 -0.00331309 0.00191349 0.00330691 0.999989 0.00317835 -0.00192351 -0.00317165 0.999993 0.117211 -0.113728 0.382526
FixedParameters: 0 0 0

#Transform 60
Transform: AffineTransform_float_3_3
Parameters: 0.999992 -0.00345106 0.00209075 0.00344293 0.999986 0.00384823 -0.00210425 -0.00384077 0.999991 0.125465 -0.142045 0.377673
FixedParameters: 0 0 0

#Transform 61
Transform: AffineTransform_float_3_3
Parameters: 0.999994 -0.00312641 0.00192703 0.00311959 0.999988 0.00383604 -0.00193897 -0.00382996 0.999991 0.12409 -0.136288 0.40788
FixedParameters: 0 0 0

#Transform 62
Transform: AffineTransform_float_3_3
Parameters: 0.999992 -0.00345233 0.00234131 0.00344268 0.999986 0.0039751 -0.00235469 -0.00396691 0.99999 0.133283 -0.119443 0.389995
FixedParameters: 0 0 0

#Transform 63
Transform: AffineTransform_float_3_3
Parameters: 0.999991 -0.00345156 0.00216541 0.00344244 0.999987 0.00394449 -0.00217858 -0.00393651 0.99999 0.125078 -0.146758 0.412881
FixedParameters: 0 0 0

#Transform 64
Transform: AffineTransform_float_3_3
Parameters: 0.999991 -0.00345112 0.00219428 0.00344288 0.999988 0.00369359 -0.00220772 -0.00368541 0.999991 0.135782 -0.107863 0.402941
FixedParameters: 0 0 0

#Transform 65
Transform: AffineTransform_float_3_3
Parameters: 0.999991 -0.00345136 0.00219692 0.00344264 0.999987 0.0037986 -0.00221008 -0.0037914 0.999991 0.131691 -0.11094 0.388117
FixedParameters: 0 0 0

#Transform 66
Transform: AffineTransform_float_3_3
Parameters: 0.999991 -0.0034539 0.00227151 0.0034431 0.999982 0.00478586 -0.00228749 -0.00477814 0.999986 0.118499 -0.130325 0.428258
FixedParameters: 0 0 0

#Transform 67
Transform: AffineTransform_float_3_3
Parameters: 0.999991 -0.00345307 0.00244786 0.00344293 0.999985 0.00410546 -0.00246214 -0.00409653 0.999988 0.129985 -0.0953045 0.397912
FixedParameters: 0 0 0

#Transform 68
Transform: AffineTransform_float_3_3
Parameters: 0.999989 -0.00389852 0.00260133 0.00388547 0.999981 0.00480216 -0.00262067 -0.00479184 0.999985 0.133868 -0.13014 0.452102
FixedParameters: 0 0 0

#Transform 69
Transform: AffineTransform_float_3_3
Parameters: 0.99999 -0.00389382 0.0022817 0.00388617 0.999986 0.0034239 -0.0022953 -0.00341509 0.999991 0.124582 -0.11637 0.429121
FixedParameters: 0 0 0

#Transform 70
Transform: AffineTransform_float_3_3
Parameters: 0.999989 -0.00389726 0.00252671 0.00388574 0.999982 0.00444686 -0.00254429 -0.00443713 0.999987 0.136161 -0.105031 0.435409
FixedParameters: 0 0 0

#Transform 71
Transform: AffineTransform_float_3_3
Parameters: 0.999989 -0.00414111 0.00247753 0.00412989 0.999982 0.00447129 -0.00249647 -0.00446172 0.999987 0.127686 -0.124242 0.446455
FixedParameters: 0 0 0

#Transform 72
Transform: AffineTransform_float_3_3
Parameters: 0.999989 -0.00389657 0.0025147 0.00388543 0.999983 0.00419381 -0.0025303 -0.00418418 0.999988 0.124173 -0.101533 0.449197
FixedParameters: 0 0 0

#Transform 73
Transform: AffineTransform_float_3_3
Parameters: 0.999989 -0.00389913 0.00262862 0.00388586 0.99998 0.00498327 -0.00264838 -0.00497273 0.999984 0.129356 -0.0987035 0.429935
FixedParameters: 0 0 0

#Transform 74
Transform: AffineTransform_float_3_3
Parameters: 0.99999 -0.00373157 0.00224689 0.00371942 0.99998 0.00513341 -0.00226611 -0.00512559 0.999985 0.134497 -0.128506 0.466057
FixedParameters: 0 0 0

#Transform 75
Transform: AffineTransform_float_3_3
Parameters: 0.999991 -0.0035682 0.00219814 0.0035588 0.999985 0.00417386 -0.00221286 -0.00416614 0.999989 0.136377 -0.0985355 0.424517
FixedParameters: 0 0 0

#Transform 76
Transform: AffineTransform_float_3_3
Parameters: 0.999989 -0.0038969 0.00231172 0.0038861 0.999982 0.00470203 -0.00232928 -0.00469297 0.999987 0.138599 -0.133864 0.465085
FixedParameters: 0 0 0

#Transform 77
Transform: AffineTransform_float_3_3
Parameters: 0.99999 -0.00389634 0.00219574 0.00388566 0.999982 0.00469558 -0.00221425 -0.00468642 0.999986 0.138189 -0.122587 0.464094
FixedParameters: 0 0 0

#Transform 78
Transform: AffineTransform_float_3_3
Parameters: 0.99999 -0.00382477 0.00204684 0.00381522 0.999981 0.00475685 -0.00206516 -0.00474914 0.999986 0.131943 -0.114543 0.465823
FixedParameters: 0 0 0

#Transform 79
Transform: AffineTransform_float_3_3
Parameters: 0.99999 -0.00390483 0.00242245 0.00389218 0.999979 0.00527649 -0.00244256 -0.00526752 0.999983 0.137559 -0.132376 0.438156
FixedParameters: 0 0 0

#Transform 80
Transform: AffineTransform_float_3_3
Parameters: 0.999991 -0.00367138 0.00214091 0.00365862 0.999976 0.00575788 -0.00216209 -0.00575011 0.999981 0.136343 -0.127209 0.466092
FixedParameters: 0 0 0

#Transform 81
Transform: AffineTransform_float_3_3
Parameters: 0.999991 -0.00378404 0.00219335 0.00377196 0.999978 0.00546932 -0.00221365 -0.00546067 0.999982 0.130073 -0.111726 0.470997
FixedParameters: 0 0 0

#Transform 82
Transform: AffineTransform_float_3_3
Parameters: 0.99999 -0.00384296 0.00217601 0.00383104 0.999977 0.00547539 -0.002197 -0.00546761 0.999982 0.140891 -0.0812164 0.45238
FixedParameters: 0 0 0

#Transform 83
Transform: AffineTransform_float_3_3
Parameters: 0.999991 -0.00384317 0.00207664 0.00383084 0.999975 0.00583201 -0.00209836 -0.00582399 0.999981 0.141291 -0.104966 0.45918
FixedParameters: 0 0 0

#Transform 84
Transform: AffineTransform_float_3_3
Parameters: 0.99999 -0.00384278 0.0022278 0.00383022 0.999979 0.00526758 -0.00224819 -0.00525841 0.999983 0.140462 -0.0863917 0.453142
FixedParameters: 0 0 0

#Transform 85
Transform: AffineTransform_float_3_3
Parameters: 0.99999 -0.0038445 0.00225615 0.0038305 0.999975 0.0059577 -0.00227885 -0.0059493 0.999979 0.132955 -0.114136 0.470159
FixedParameters: 0 0 0

#Transform 86
Transform: AffineTransform_float_3_3
Parameters: 0.99999 -0.00384219 0.00205319 0.0038308 0.999978 0.00542892 -0.00207381 -0.00542008 0.999983 0.138101 -0.115505 0.464139
FixedParameters: 0 0 0

#Transform 87
Transform: AffineTransform_float_3_3
Parameters: 0.999989 -0.00384567 0.00252076 0.00383032 0.999976 0.00579972 -0.00254324 -0.00579028 0.99998 0.135255 -0.0970545 0.461234
FixedParameters: 0 0 0

#Transform 88
Transform: AffineTransform_float_3_3
Parameters: 0.999989 -0.00397191 0.00221678 0.00396008 0.999978 0.00535383 -0.00223822 -0.00534517 0.999983 0.141855 -0.1252 0.462776
FixedParameters: 0 0 0

#Transform 89
Transform: AffineTransform_float_3_3
Parameters: 0.999991 -0.00373457 0.00210334 0.00372443 0.99998 0.00500788 -0.00212166 -0.00500012 0.999985 0.128506 -0.106447 0.471978
FixedParameters: 0 0 0

#Transform 90
Transform: AffineTransform_float_3_3
Parameters: 0.99999 -0.0039855 0.00212962 0.0039745 0.999977 0.00537652 -0.00215038 -0.00536748 0.999984 0.126133 -0.0890705 0.451844
FixedParameters: 0 0 0

#Transform 91
Transform: AffineTransform_float_3_3
Parameters: 0.999991 -0.00384244 0.00190407 0.00383055 0.999975 0.00597935 -0.00192692 -0.00597165 0.999981 0.133462 -0.116972 0.470274
FixedParameters: 0 0 0

#Transform 92
Transform: AffineTransform_float_3_3
Parameters: 0.999991 -0.00384045 0.00191113 0.00383055 0.99998 0.00492336 -0.00192987 -0.00491563 0.999986 0.130209 -0.0784236 0.432008
FixedParameters: 0 0 0

#Transform 93
Transform: AffineTransform_float_3_3
Parameters: 0.99999 -0.00391202 0.00208577 0.00389898 0.999973 0.00620819 -0.00211023 -0.0061998 0.999978 0.128919 -0.0927664 0.456885
FixedParameters: 0 0 0

#Transform 94
Transform: AffineTransform_float_3_3
Parameters: 0.999991 -0.00371772 0.00214439 0.00370428 0.999973 0.006366 -0.00216861 -0.006358 0.999978 0.127342 -0.105536 0.494671
FixedParameters: 0 0 0

#Transform 95
Transform: AffineTransform_float_3_3
Parameters: 0.999991 -0.00371325 0.00193737 0.00370375 0.999982 0.00475722 -0.00195563 -0.00474978 0.999987 0.1338 -0.0900565 0.44579
FixedParameters: 0 0 0

#Transform 96
Transform: AffineTransform_float_3_3
Parameters: 0.999991 -0.00383168 0.0021069 0.00382032 0.999978 0.00552011 -0.00212811 -0.0055119 0.999983 0.130767 -0.109923 0.491373
FixedParameters: 0 0 0

#Transform 97
Transform: AffineTransform_float_3_3
Parameters: 0.999991 -0.00376972 0.00199588 0.00375927 0.999978 0.00534955 -0.00201612 -0.00534144 0.999983 0.132034 -0.108123 0.494743
FixedParameters: 0 0 0

#Transform 98
Transform: AffineTransform_float_3_3
Parameters: 0.999992 -0.00371504 0.00189552 0.00370396 0.999977 0.00579308 -0.00191748 -0.00578593 0.999982 0.128783 -0.0835188 0.471861
FixedParameters: 0 0 0

#Transform 99
Transform: AffineTransform_float_3_3
Parameters: 0.999991 -0.00371607 0.0021129 0.00370393 0.999977 0.00568988 -0.00213309 -0.00568112 0.999981 0.132889 -0.10692 0.464777
FixedParameters: 0 0 0

#Transform 100
Transform: AffineTransform_float_3_3
Parameters: 0.999991 -0.00371552 0.00202603 0.00370349 0.999977 0.00565755 -0.00204697 -0.00565045 0.999982 0.130426 -0.0904794 0.480966
FixedParameters: 0 0 0

#Transform 101
Transform: AffineTransform_float_3_3
Parameters: 0.999991 -0.00371441 0.00194424 0.00370359 0.999979 0.00533125 -0.00196376 -0.00532375 0.999984 0.127593 -0.0948404 0.469982
FixedParameters: 0 0 0

#Transform 102
Transform: AffineTransform_float_3_3
Parameters: 0.999991 -0.00377403 0.00229066 0.00376096 0.999977 0.00566867 -0.00231234 -0.00565933 0.999982 0.133488 -0.0894705 0.448473
FixedParameters: 0 0 0

#Transform 103
Transform: AffineTransform_float_3_3
Parameters: 0.999988 -0.00415154 0.002349 0.00413446 0.999967 0.00700279 -0.00237799 -0.0069932 0.999972 0.135362 -0.121853 0.50415
FixedParameters: 0 0 0

#Transform 104
Transform: AffineTransform_float_3_3
Parameters: 0.999989 -0.00415295 0.00220609 0.00413805 0.999968 0.0067382 -0.00223391 -0.00672879 0.999975 0.134976 -0.0591015 0.500288
FixedParameters: 0 0 0

#Transform 105
Transform: AffineTransform_float_3_3
Parameters: 0.99999 -0.00394426 0.00236611 0.00392874 0.999969 0.00683737 -0.0023929 -0.00682863 0.999974 0.137587 -0.0705052 0.500282
FixedParameters: 0 0 0

#Transform 106
Transform: AffineTransform_float_3_3
Parameters: 0.999988 -0.00424045 0.00239916 0.00422455 0.999968 0.00681921 -0.00242784 -0.00680878 0.999974 0.134067 -0.0788719 0.534829
FixedParameters: 0 0 0

#Transform 107
Transform: AffineTransform_float_3_3
Parameters: 0.99999 -0.00408255 0.00219702 0.00406946 0.999973 0.006134 -0.00222199 -0.00612599 0.999979 0.1251 -0.0618226 0.480433
FixedParameters: 0 0 0

#Transform 108
Transform: AffineTransform_float_3_3
Parameters: 0.99999 -0.00404948 0.00220096 0.00403353 0.999964 0.00743896 -0.00223105 -0.00743005 0.99997 0.124811 -0.091032 0.549372
FixedParameters: 0 0 0

#Transform 109
Transform: AffineTransform_float_3_3
Parameters: 0.999989 -0.00404779 0.00216557 0.0040332 0.999969 0.0067938 -0.00219343 -0.00678519 0.999974 0.124622 -0.0623752 0.5263
FixedParameters: 0 0 0

#Transform 110
Transform: AffineTransform_float_3_3
Parameters: 0.999989 -0.00405036 0.00241714 0.00403364 0.999967 0.00714383 -0.00244585 -0.00713317 0.999971 0.138635 -0.0512961 0.504448
FixedParameters: 0 0 0

#Transform 111
Transform: AffineTransform_float_3_3
Parameters: 0.99999 -0.00400033 0.0023143 0.00398267 0.999965 0.0074443 -0.00234469 -0.0074347 0.999969 0.133169 -0.0781563 0.544407
FixedParameters: 0 0 0

#Transform 112
Transform: AffineTransform_float_3_3
Parameters: 0.999991 -0.00372312 0.00234258 0.00370689 0.999969 0.00684775 -0.00236742 -0.00683825 0.999974 0.132154 -0.0478184 0.517087
FixedParameters: 0 0 0

#Transform 113
Transform: AffineTransform_float_3_3
Parameters: 0.999989 -0.00397604 0.00253033 0.00395696 0.999964 0.0074851 -0.00256067 -0.0074749 0.999969 0.135412 -0.0868063 0.55888
FixedParameters: 0 0 0

#Transform 114
Transform: AffineTransform_float_3_3
Parameters: 0.999989 -0.00397683 0.00257766 0.00395717 0.999963 0.00765229 -0.00260834 -0.00764172 0.999968 0.132693 -0.0752018 0.568057
FixedParameters: 0 0 0

#Transform 115
Transform: AffineTransform_float_3_3
Parameters: 0.999989 -0.00409167 0.00258862 0.00407133 0.99996 0.00793963 -0.00262138 -0.00792837 0.999965 0.131964 -0.0611696 0.549735
FixedParameters: 0 0 0

#Transform 116
Transform: AffineTransform_float_3_3
Parameters: 0.999985 -0.00450643 0.00292113 0.00448056 0.999952 0.00865521 -0.00295986 -0.00864178 0.999959 0.13351 -0.0973382 0.612414
FixedParameters: 0 0 0

#Transform 117
Transform: AffineTransform_float_3_3
Parameters: 0.999988 -0.0039745 0.00260247 0.00395749 0.99997 0.00669537 -0.00262953 -0.00668462 0.999974 0.120964 -0.0696196 0.453164
FixedParameters: 0 0 0

#Transform 118
Transform: AffineTransform_float_3_3
Parameters: 0.999989 -0.00397411 0.00248787 0.00395689 0.999968 0.00684592 -0.00251513 -0.00683608 0.999974 0.116742 -0.0899088 0.499779
FixedParameters: 0 0 0

#Transform 119
Transform: AffineTransform_float_3_3
Parameters: 0.99999 -0.00397222 0.00231104 0.00395778 0.99997 0.00655221 -0.00233697 -0.00654378 0.999976 0.123377 -0.080506 0.513519
FixedParameters: 0 0 0

#Transform 120
Transform: AffineTransform_float_3_3
Parameters: 0.999989 -0.00397426 0.00248461 0.00395775 0.999969 0.00691291 -0.0025114 -0.0069031 0.999973 0.119067 -0.0818499 0.519255
FixedParameters: 0 0 0

#Transform 121
Transform: AffineTransform_float_3_3
Parameters: 0.999988 -0.00415415 0.00262686 0.00413286 0.99996 0.00800395 -0.00266014 -0.00799305 0.999964 0.123801 -0.0872694 0.523438
FixedParameters: 0 0 0

#Transform 122
Transform: AffineTransform_float_3_3
Parameters: 0.999988 -0.00398027 0.00265342 0.00395773 0.999954 0.00871761 -0.00268758 -0.00870741 0.999959 0.115528 -0.0863515 0.543888
FixedParameters: 0 0 0

#Transform 123
Transform: AffineTransform_float_3_3
Parameters: 0.999988 -0.0039804 0.00278384 0.0039576 0.999957 0.00836112 -0.00281717 -0.00834989 0.999961 0.122435 -0.0538479 0.524886
FixedParameters: 0 0 0

#Transform 124
Transform: AffineTransform_float_3_3
Parameters: 0.999989 -0.00397912 0.00272802 0.00395688 0.999959 0.00806488 -0.00275998 -0.00805411 0.999964 0.123951 -0.0767019 0.52703
FixedParameters: 0 0 0

#Transform 125
Transform: AffineTransform_float_3_3
Parameters: 0.999988 -0.00397807 0.00259296 0.00395693 0.999959 0.00808035 -0.00262504 -0.00807064 0.999964 0.122179 -0.0796751 0.539908
FixedParameters: 0 0 0

#Transform 126
Transform: AffineTransform_float_3_3
Parameters: 0.999988 -0.0039813 0.00304448 0.0039577 0.99996 0.00794614 -0.00307552 -0.00793385 0.999964 0.122154 -0.0345532 0.505256
FixedParameters: 0 0 0

#Transform 127
Transform: AffineTransform_float_3_3
Parameters: 0.999987 -0.00419246 0.00295279 0.00416554 0.999951 0.00891041 -0.00299021 -0.00889858 0.999956 0.125766 -0.0766032 0.585882
FixedParameters: 0 0 0

#Transform 128
Transform: AffineTransform_float_3_3
Parameters: 0.999987 -0.00401673 0.00321255 0.00399327 0.999965 0.00735992 -0.00324145 -0.00734707 0.999968 0.125204 -0.0224083 0.472555
FixedParameters: 0 0 0

#Transform 129
Transform: AffineTransform_float_3_3
Parameters: 0.999987 -0.00401052 0.00307946 0.00398949 0.99997 0.00664037 -0.00310554 -0.00662763 0.999973 0.120385 -0.0575271 0.470263
FixedParameters: 0 0 0

#Transform 130
Transform: AffineTransform_float_3_3
Parameters: 0.999987 -0.0040097 0.00310674 0.0039893 0.999972 0.00632148 -0.00313226 -0.00630852 0.999975 0.105974 -0.0454291 0.436963
FixedParameters: 0 0 0

#Transform 131
Transform: AffineTransform_float_3_3
Parameters: 0.999987 -0.00401147 0.00317708 0.00398953 0.99997 0.00673577 -0.00320392 -0.00672224 0.999973 0.105953 -0.0732455 0.453274
FixedParameters: 0 0 0

#Transform 132
Transform: AffineTransform_float_3_3
Parameters: 0.999986 -0.00400946 0.00325215 0.00398954 0.999974 0.00596905 -0.00327584 -0.00595595 0.999977 0.105696 -0.049189 0.44816
FixedParameters: 0 0 0

#Transform 133
Transform: AffineTransform_float_3_3
Parameters: 0.999988 -0.00400529 0.00286575 0.00398972 0.999978 0.0053205 -0.00288624 -0.0053085 0.999981 0.109657 -0.0620121 0.43835
FixedParameters: 0 0 0

#Transform 134
Transform: AffineTransform_float_3_3
Parameters: 0.999988 -0.00400827 0.00273946 0.00398973 0.99997 0.00664301 -0.00276654 -0.00663199 0.999974 0.118193 -0.0905955 0.507819
FixedParameters: 0 0 0

#Transform 135
Transform: AffineTransform_float_3_3
Parameters: 0.999987 -0.00406136 0.00300131 0.00403964 0.999966 0.00708822 -0.00302969 -0.00707579 0.999971 0.107104 -0.0889992 0.495824
FixedParameters: 0 0 0

#Transform 136
Transform: AffineTransform_float_3_3
Parameters: 0.999989 -0.00333167 0.00351767 0.00330833 0.999974 0.00643071 -0.00353933 -0.00641928 0.999973 0.0787215 -0.1103 0.405986
FixedParameters: 0 0 0

#Transform 137
Transform: AffineTransform_float_3_3
Parameters: 0.999988 -0.00393706 0.00283169 0.00391894 0.99997 0.00670418 -0.00285832 -0.00669283 0.999974 0.105505 -0.0676804 0.478195
FixedParameters: 0 0 0

#Transform 138
Transform: AffineTransform_float_3_3
Parameters: 0.999988 -0.00409662 0.00275963 0.00407538 0.999964 0.00743733 -0.00278936 -0.00742566 0.999968 0.108214 -0.119558 0.525577
FixedParameters: 0 0 0

#Transform 139
Transform: AffineTransform_float_3_3
Parameters: 0.999989 -0.00398073 0.0027563 0.00396027 0.999964 0.00748701 -0.00278571 -0.007476 0.999968 0.116799 -0.0980695 0.526955
FixedParameters: 0 0 0

#Transform 140
Transform: AffineTransform_float_3_3
Parameters: 0.999989 -0.00407689 0.00259153 0.00405812 0.999966 0.00725061 -0.00262147 -0.0072404 0.999971 0.120039 -0.0840017 0.441223
FixedParameters: 0 0 0

#Transform 141
Transform: AffineTransform_float_3_3
Parameters: 0.999988 -0.00398033 0.00279123 0.00396067 0.999966 0.00725314 -0.00281978 -0.00724186 0.99997 0.121144 -0.102449 0.437807
FixedParameters: 0 0 0

#Transform 142
Transform: AffineTransform_float_3_3
Parameters: 0.999989 -0.00397755 0.00246895 0.00396045 0.999967 0.00707186 -0.00249705 -0.00706115 0.999972 0.127236 -0.094038 0.442479
FixedParameters: 0 0 0

#Transform 143
Transform: AffineTransform_float_3_3
Parameters: 0.999988 -0.00397789 0.00260387 0.0039601 0.999969 0.00684139 -0.00263113 -0.00683061 0.999973 0.12417 -0.0824468 0.427807
FixedParameters: 0 0 0

#Transform 144
Transform: AffineTransform_float_3_3
Parameters: 0.999989 -0.00397861 0.00269573 0.00396039 0.999968 0.00687475 -0.00272327 -0.00686424 0.999972 0.120281 -0.0609578 0.446357
FixedParameters: 0 0 0

#Transform 145
Transform: AffineTransform_float_3_3
Parameters: 0.999989 -0.00357178 0.00298769 0.00355322 0.999974 0.00626868 -0.00301032 -0.00625832 0.999976 0.113428 -0.0417461 0.421661
FixedParameters: 0 0 0

#Transform 146
Transform: AffineTransform_float_3_3
Parameters: 0.99999 -0.00384971 0.00251209 0.00383329 0.999974 0.0062287 -0.00253591 -0.00621931 0.999978 0.122096 -0.0843361 0.440322
FixedParameters: 0 0 0

#Transform 147
Transform: AffineTransform_float_3_3
Parameters: 0.999989 -0.00397658 0.00255538 0.00396042 0.999972 0.00646119 -0.00258063 -0.00645181 0.999976 0.124349 -0.0819749 0.457713
FixedParameters: 0 0 0

#Transform 148
Transform: AffineTransform_float_3_3
Parameters: 0.999989 -0.00397802 0.00274809 0.00395998 0.999971 0.00653296 -0.00277391 -0.00652204 0.999975 0.121484 -0.083935 0.453523
FixedParameters: 0 0 0

#Transform 149
Transform: AffineTransform_float_3_3
Parameters: 0.999988 -0.00426001 0.00261691 0.00424199 0.999967 0.00684918 -0.00264609 -0.00683781 0.999973 0.125268 -0.0738944 0.463729
FixedParameters: 0 0 0

#Transform 150
Transform: AffineTransform_float_3_3
Parameters: 0.999988 -0.00408063 0.00263792 0.00406337 0.999969 0.0066558 -0.00266508 -0.0066452 0.999975 0.126315 -0.0793492 0.454436
FixedParameters: 0 0 0

#Transform 151
Transform: AffineTransform_float_3_3
Parameters: 0.999989 -0.00397648 0.002502 0.00396052 0.99997 0.00655698 -0.002528 -0.00654702 0.999976 0.122884 -0.0519324 0.462014
FixedParameters: 0 0 0

#Transform 152
Transform: AffineTransform_float_3_3
Parameters: 0.999988 -0.00397706 0.00263442 0.00395994 0.999972 0.00645051 -0.00265957 -0.0064395 0.999975 0.127155 -0.0675179 0.454878
FixedParameters: 0 0 0

#Transform 153
Transform: AffineTransform_float_3_3
Parameters: 0.999989 -0.00397538 0.00239869 0.00396061 0.999972 0.00638457 -0.00242431 -0.00637443 0.999976 0.128772 -0.0776936 0.466873
FixedParameters: 0 0 0

#Transform 154
Transform: AffineTransform_float_3_3
Parameters: 0.999989 -0.00397483 0.00241879 0.00396017 0.999973 0.00610664 -0.00244221 -0.00609636 0.999979 0.123721 -0.0559664 0.415372
FixedParameters: 0 0 0

#Transform 155
Transform: AffineTransform_float_3_3
Parameters: 0.99999 -0.0039749 0.00230551 0.0039601 0.999972 0.0064302 -0.00233149 -0.0064208 0.999976 0.125213 -0.0816435 0.464492
FixedParameters: 0 0 0

#Transform 156
Transform: AffineTransform_float_3_3
Parameters: 0.999989 -0.00397747 0.00249334 0.00396053 0.999968 0.00697495 -0.00252067 -0.00696505 0.999972 0.125592 -0.0980114 0.486525
FixedParameters: 0 0 0

#Transform 157
Transform: AffineTransform_float_3_3
Parameters: 0.99999 -0.00393468 0.00209668 0.00392032 0.999968 0.00695929 -0.00212432 -0.00695171 0.999973 0.13589 -0.0984919 0.514613
FixedParameters: 0 0 0

#Transform 158
Transform: AffineTransform_float_3_3
Parameters: 0.99999 -0.00394059 0.00179375 0.00392841 0.999971 0.0064191 -0.00181924 -0.00641189 0.999978 0.139605 -0.0864333 0.500912
FixedParameters: 0 0 0

#Transform 159
Transform: AffineTransform_float_3_3
Parameters: 0.99999 -0.00419041 0.00153148 0.00418058 0.999972 0.00609946 -0.00155751 -0.00609253 0.99998 0.144211 -0.0770192 0.468537
FixedParameters: 0 0 0

#Transform 160
Transform: AffineTransform_float_3_3
Parameters: 0.99999 -0.00423286 0.00173373 0.00422214 0.999972 0.00621838 -0.00176028 -0.00621161 0.999979 0.141809 -0.0864539 0.468514
FixedParameters: 0 0 0

#Transform 161
Transform: AffineTransform_float_3_3
Parameters: 0.999989 -0.00422397 0.00168622 0.00421402 0.999974 0.00587717 -0.00171178 -0.00586983 0.999982 0.14471 -0.066663 0.474081
FixedParameters: 0 0 0

#Transform 162
Transform: AffineTransform_float_3_3
Parameters: 0.999989 -0.0042118 0.00168671 0.00420219 0.999974 0.00577614 -0.00171129 -0.00576985 0.999982 0.143593 -0.0544259 0.453411
FixedParameters: 0 0 0

#Transform 163
Transform: AffineTransform_float_3_3
Parameters: 0.999988 -0.00428595 0.0020947 0.00427304 0.999972 0.00615002 -0.0021213 -0.00614098 0.999979 0.142918 -0.0788738 0.478218
FixedParameters: 0 0 0

#Transform 164
Transform: AffineTransform_float_3_3
Parameters: 0.99999 -0.00423783 0.00184735 0.00422717 0.999974 0.00582887 -0.00187166 -0.00582113 0.999982 0.143359 -0.0484735 0.472315
FixedParameters: 0 0 0

#Transform 165
Transform: AffineTransform_float_3_3
Parameters: 0.99999 -0.00418169 0.00199062 0.00416931 0.999974 0.00584136 -0.00201537 -0.00583364 0.999981 0.129546 -0.0596127 0.49281
FixedParameters: 0 0 0

#Transform 166
Transform: AffineTransform_float_3_3
Parameters: 0.999992 -0.00335445 0.00220922 0.00333955 0.999973 0.00651143 -0.00223078 -0.00650457 0.999977 0.110606 -0.0841016 0.476785
FixedParameters: 0 0 0

#Transform 167
Transform: AffineTransform_float_3_3
Parameters: 0.999992 -0.00223565 0.00337898 0.00222435 0.999992 0.00315254 -0.00338602 -0.00314546 0.99999 0.0297227 -0.126723 0.211054
FixedParameters: 0 0 0

#Transform 168
Transform: AffineTransform_float_3_3
Parameters: 0.999995 -0.0018736 0.00280528 0.0018654 0.999993 0.00306525 -0.00281073 -0.00305975 0.999992 0.0257109 0.110003 0.286087
FixedParameters: 0 0 0

#Transform 169
Transform: AffineTransform_float_3_3
Parameters: 0.999994 -0.00216699 0.00275595 0.00215801 0.999993 0.00326197 -0.00276305 -0.00325603 0.999991 0.0303219 -0.0592039 0.313224
FixedParameters: 0 0 0

#Transform 170
Transform: AffineTransform_float_3_3
Parameters: 0.999992 -0.00267767 0.00296319 0.00266833 0.999992 0.00292593 -0.00297081 -0.00291807 0.999992 0.0557104 -0.0545123 0.284635
FixedParameters: 0 0 0

#Transform 171
Transform: AffineTransform_float_3_3
Parameters: 0.99999 -0.00303252 0.00325509 0.00302348 0.999992 0.00261887 -0.00326292 -0.00260913 0.999992 0.0601802 -0.057891 0.288399
FixedParameters: 0 0 0

#Transform 172
Transform: AffineTransform_float_3_3
Parameters: 0.99999 -0.00316314 0.00323306 0.00315486 0.999992 0.00251922 -0.00324094 -0.00250877 0.999991 0.0594541 -0.0210348 0.229997
FixedParameters: 0 0 0

#Transform 173
Transform: AffineTransform_float_3_3
Parameters: 0.999989 -0.00316219 0.00340233 0.0031548 0.999993 0.00211776 -0.00340967 -0.00210624 0.999992 0.0613612 -0.0222496 0.193244
FixedParameters: 0 0 0

#Transform 174
Transform: AffineTransform_float_3_3
Parameters: 0.999993 -0.00271808 0.00256151 0.00271092 0.999993 0.00276196 -0.00256949 -0.00275504 0.999993 0.0570438 -0.0440621 0.220913
FixedParameters: 0 0 0

#Transform 175
Transform: AffineTransform_float_3_3
Parameters: 0.99999 -0.00296293 0.00313246 0.00295607 0.999993 0.00221428 -0.00313954 -0.00220472 0.999992 0.0619245 -0.00440368 0.219877
FixedParameters: 0 0 0

#Transform 176
Transform: AffineTransform_float_3_3
Parameters: 0.999989 -0.00316359 0.00329577 0.0031554 0.999991 0.00261043 -0.00330423 -0.00259957 0.999991 0.0616915 -0.0483293 0.312999
FixedParameters: 0 0 0

#Transform 177
Transform: AffineTransform_float_3_3
Parameters: 0.999991 -0.00316194 0.00281622 0.00315506 0.999992 0.00246691 -0.00282378 -0.00245809 0.999993 0.0710596 0.00295713 0.239825
FixedParameters: 0 0 0

#Transform 178
Transform: AffineTransform_float_3_3
Parameters: 0.999994 -0.00261097 0.00217266 0.00260404 0.999992 0.00320368 -0.00218035 -0.00319833 0.999993 0.0626792 -0.0919394 0.458873
FixedParameters: 0 0 0

#Transform 179
Transform: AffineTransform_float_3_3
Parameters: 0.999994 -0.0023854 0.00257324 0.0023766 0.999992 0.00326214 -0.00258176 -0.00325586 0.999992 0.0581269 -0.100502 0.519154
FixedParameters: 0 0 0

#Transform 180
Transform: AffineTransform_float_3_3
Parameters: 0.999993 -0.00266263 0.00262628 0.00265537 0.999993 0.002906 -0.00263372 -0.00289901 0.999993 0.0655374 -0.0727968 0.427611
FixedParameters: 0 0 0

#Transform 181
Transform: AffineTransform_float_3_3
Parameters: 0.999992 -0.00282673 0.00263079 0.00281927 0.999993 0.00255844 -0.00263821 -0.00255156 0.999994 0.0612945 0.0175666 0.183418
FixedParameters: 0 0 0

#Transform 182
Transform: AffineTransform_float_3_3
Parameters: 0.999994 -0.0028219 0.00196327 0.0028191 0.999995 0.00097154 -0.00196573 -0.000966458 0.999997 0.0622827 0.0821889 0.0139009
FixedParameters: 0 0 0

#Transform 183
Transform: AffineTransform_float_3_3
Parameters: 0.999994 -0.00297726 0.00210322 0.00297574 0.999996 0.000602263 -0.00210578 -0.000595734 0.999997 0.0629758 0.0276426 0.00948177
FixedParameters: 0 0 0

#Transform 184
Transform: AffineTransform_float_3_3
Parameters: 0.999993 -0.00294742 0.00222012 0.00294558 0.999995 0.000641544 -0.00222188 -0.000635455 0.999998 0.0641158 0.0460533 0.00030201
FixedParameters: 0 0 0

#Transform 185
Transform: AffineTransform_float_3_3
Parameters: 0.999992 -0.0032466 0.00228357 0.0032474 0.999994 -0.000172586 -0.00228243 0.000179412 0.999998 0.0756932 0.066542 -0.0209486
FixedParameters: 0 0 0

#Transform 186
Transform: AffineTransform_float_3_3
Parameters: 0.999991 -0.00349562 0.00241466 0.00349438 0.999993 0.000673444 -0.00241734 -0.000665556 0.999997 0.0775013 0.0471528 0.00355221
FixedParameters: 0 0 0

#Transform 187
Transform: AffineTransform_float_3_3
Parameters: 0.999992 -0.00324752 0.0023963 0.00324748 0.999994 0.000220784 -0.00239771 -0.000213215 0.999997 0.0702999 0.0551305 -0.00312835
FixedParameters: 0 0 0

#Transform 188
Transform: AffineTransform_float_3_3
Parameters: 0.999991 -0.00335226 0.00254466 0.00335274 0.999995 0.000106533 -0.00254534 -9.74682e-05 0.999997 0.0622524 0.0739011 -0.0257661
FixedParameters: 0 0 0

#Transform 189
Transform: AffineTransform_float_3_3
