# transform file /out/sourcedata/freesurfer/sub-v1s23x0050615_ses-1/mri/transforms/cc_up.lta
# created by oesteban on Mon Mar  9 22:09:06 2026

type      = 0 # LINEAR_VOX_TO_VOX
nxforms   = 1
mean      = 129.0000 135.0000 120.0000
sigma     = 10000.0000
1 4 4
9.933286309242249e-01 -1.003944203257561e-01 -5.673869699239731e-02 1.922067642211914e+01 
1.002310365438461e-01 9.949477910995483e-01 -5.725173279643059e-03 1.439745306968689e+00 
5.702681466937065e-02 0.000000000000000e+00 9.983726739883423e-01 7.907993793487549e+00 
0.000000000000000e+00 0.000000000000000e+00 0.000000000000000e+00 1.000000000000000e+00 
src volume info
valid = 1  # volume info valid
filename = /out/sourcedata/freesurfer/sub-v1s23x0050615_ses-1/mri/norm.mgz
volume = 256 256 256
voxelsize = 1.000000000000000e+00 1.000000000000000e+00 1.000000000000000e+00
xras   = -1.000000000000000e+00 0.000000000000000e+00 0.000000000000000e+00
yras   = 0.000000000000000e+00 0.000000000000000e+00 -1.000000000000000e+00
zras   = 0.000000000000000e+00 1.000000000000000e+00 0.000000000000000e+00
cras   = 9.565200805664062e+00 -4.522056579589844e+01 1.365458679199219e+01
dst volume info
valid = 1  # volume info valid
filename = /out/sourcedata/freesurfer/sub-v1s23x0050615_ses-1/mri/norm.mgz
volume = 256 256 256
voxelsize = 1.000000000000000e+00 1.000000000000000e+00 1.000000000000000e+00
xras   = -1.000000000000000e+00 0.000000000000000e+00 0.000000000000000e+00
yras   = 0.000000000000000e+00 0.000000000000000e+00 -1.000000000000000e+00
zras   = 0.000000000000000e+00 1.000000000000000e+00 0.000000000000000e+00
cras   = 9.565200805664062e+00 -4.522056579589844e+01 1.365458679199219e+01
