# transform file /out/sourcedata/freesurfer/sub-v1s23x0050613_ses-1/mri/transforms/cc_up.lta
# created by oesteban on Mon Mar  9 22:08:28 2026

type      = 0 # LINEAR_VOX_TO_VOX
nxforms   = 1
mean      = 127.0000 155.0000 106.0000
sigma     = 10000.0000
1 4 4
9.964091181755066e-01 -5.231103301048279e-02 -6.657645851373672e-02 1.654544448852539e+01 
5.219465494155884e-02 9.986308813095093e-01 -3.487458219751716e-03 -1.102064228057861e+01 
6.666773557662964e-02 0.000000000000000e+00 9.977751970291138e-01 2.286101913452148e+01 
0.000000000000000e+00 0.000000000000000e+00 0.000000000000000e+00 1.000000000000000e+00 
src volume info
valid = 1  # volume info valid
filename = /out/sourcedata/freesurfer/sub-v1s23x0050613_ses-1/mri/norm.mgz
volume = 256 256 256
voxelsize = 1.000000000000000e+00 1.000000000000000e+00 1.000000000000000e+00
xras   = -1.000000000000000e+00 0.000000000000000e+00 0.000000000000000e+00
yras   = 0.000000000000000e+00 0.000000000000000e+00 -1.000000000000000e+00
zras   = 0.000000000000000e+00 1.000000000000000e+00 0.000000000000000e+00
cras   = 2.651832580566406e+01 -4.959556579589844e+01 2.787333679199219e+01
dst volume info
valid = 1  # volume info valid
filename = /out/sourcedata/freesurfer/sub-v1s23x0050613_ses-1/mri/norm.mgz
volume = 256 256 256
voxelsize = 1.000000000000000e+00 1.000000000000000e+00 1.000000000000000e+00
xras   = -1.000000000000000e+00 0.000000000000000e+00 0.000000000000000e+00
yras   = 0.000000000000000e+00 0.000000000000000e+00 -1.000000000000000e+00
zras   = 0.000000000000000e+00 1.000000000000000e+00 0.000000000000000e+00
cras   = 2.651832580566406e+01 -4.959556579589844e+01 2.787333679199219e+01
