#Insight Transform File V1.0
#Transform 0
Transform: AffineTransform_float_3_3
Parameters: 0.999998 0.00109154 -0.00191925 -0.00107647 0.999967 0.00807708 0.00192776 -0.00807491 0.999965 0.100449 -0.396785 -0.110148
FixedParameters: 0 0 0

#Transform 1
Transform: AffineTransform_float_3_3
Parameters: 0.999999 0.00106902 -0.000732516 -0.00106898 0.999999 0.00138878 0.000734485 -0.00138822 0.999999 0.0462264 -0.0983683 0.024984
FixedParameters: 0 0 0

#Transform 2
Transform: AffineTransform_float_3_3
Parameters: 1 0.000612965 -0.000108196 -0.000613034 1 -0.000319934 0.000107804 0.000320066 1 0.00377738 -0.0399045 -0.113549
FixedParameters: 0 0 0

#Transform 3
Transform: AffineTransform_float_3_3
Parameters: 0.999999 0.000586865 -0.000749105 -0.000587134 1 -0.00017956 0.000748894 0.000180439 0.999999 0.0183401 0.0294301 -0.147471
FixedParameters: 0 0 0

#Transform 4
Transform: AffineTransform_float_3_3
Parameters: 0.999999 0.000535214 -0.000668828 -0.000535785 1 0.000321358 0.000669171 -0.000320642 0.999999 0.0244471 -0.00177079 -0.15345
FixedParameters: 0 0 0

#Transform 5
Transform: AffineTransform_float_3_3
Parameters: 0.999997 0.00173853 -0.0013686 -0.00173947 0.999999 -0.00034162 0.0013684 0.00034338 0.999999 0.0859251 0.180266 -0.300653
FixedParameters: 0 0 0

#Transform 6
Transform: AffineTransform_float_3_3
Parameters: 0.999999 0.00156623 -0.000993633 -0.00156577 0.999998 0.000235556 0.000993369 -0.000234445 1 0.0635468 0.0919191 -0.263882
FixedParameters: 0 0 0

#Transform 7
Transform: AffineTransform_float_3_3
Parameters: 0.999998 0.0011432 -0.0011728 -0.0011428 1 0.000171341 0.00117319 -0.000169659 1 0.050451 0.220802 -0.330347
FixedParameters: 0 0 0

#Transform 8
Transform: AffineTransform_float_3_3
Parameters: 0.999998 0.00138373 -0.00137328 -0.00138427 0.999999 -0.000199099 0.00137272 0.0002009 0.999999 0.0698463 0.1308 -0.286722
FixedParameters: 0 0 0

#Transform 9
Transform: AffineTransform_float_3_3
Parameters: 0.999998 0.000892745 -0.00144616 -0.000892253 0.999999 -0.00017471 0.00144584 0.000176291 0.999999 0.0570654 0.207013 -0.313037
FixedParameters: 0 0 0

#Transform 10
Transform: AffineTransform_float_3_3
Parameters: 0.999999 0.00123094 -0.00134605 -0.00123106 0.999999 -4.2343e-05 0.00134595 4.46569e-05 0.999999 0.0548494 0.134711 -0.257515
FixedParameters: 0 0 0

#Transform 11
Transform: AffineTransform_float_3_3
Parameters: 0.999998 0.00100799 -0.00138701 -0.00100801 0.999999 -7.60189e-06 0.00138699 9.39808e-06 0.999999 0.0592026 0.14211 -0.267297
FixedParameters: 0 0 0

#Transform 12
Transform: AffineTransform_float_3_3
Parameters: 0.999999 0.000988772 -0.00108921 -0.000989226 0.999999 -0.000207923 0.00108879 0.000209077 1 0.0419553 0.160659 -0.201336
FixedParameters: 0 0 0

#Transform 13
Transform: AffineTransform_float_3_3
Parameters: 0.999999 0.000869863 -0.00126872 -0.000868135 0.999998 0.0014691 0.00127028 -0.0014679 0.999998 0.0219479 0.0248681 -0.231351
FixedParameters: 0 0 0

#Transform 14
Transform: AffineTransform_float_3_3
Parameters: 1 0.000649258 -0.00101292 -0.00064574 0.999994 0.00321466 0.00101508 -0.00321334 0.999995 0.00451275 -0.0528816 -0.183509
FixedParameters: 0 0 0

#Transform 15
Transform: AffineTransform_float_3_3
Parameters: 0.999999 0.00111945 -0.00104338 -0.00111755 0.999996 0.00234417 0.00104562 -0.00234283 0.999996 0.031889 -0.0414116 -0.142792
FixedParameters: 0 0 0

#Transform 16
Transform: AffineTransform_float_3_3
Parameters: 0.999998 0.00141486 -0.001307 -0.00141315 0.999998 0.00141885 0.00130901 -0.00141715 0.999998 0.0499032 0.0984311 -0.177881
FixedParameters: 0 0 0

#Transform 17
Transform: AffineTransform_float_3_3
Parameters: 0.999997 0.00147072 -0.00164268 -0.00146728 0.999997 0.00226242 0.00164532 -0.00226059 0.999996 0.0788471 0.0156043 -0.166429
FixedParameters: 0 0 0

#Transform 18
Transform: AffineTransform_float_3_3
Parameters: 0.999998 0.00129749 -0.00135166 -0.00129452 0.999996 0.00257675 0.00135434 -0.00257525 0.999996 0.0633208 -0.0100857 -0.172241
FixedParameters: 0 0 0

#Transform 19
Transform: AffineTransform_float_3_3
Parameters: 0.999997 0.00130054 -0.00175813 -0.00129746 0.999998 0.00144329 0.00176087 -0.00144071 0.999998 0.0752098 0.0859265 -0.253155
FixedParameters: 0 0 0

#Transform 20
Transform: AffineTransform_float_3_3
Parameters: 0.999998 0.00118745 -0.00124462 -0.00118655 0.999998 0.00116548 0.00124538 -0.00116352 0.999998 0.0483766 0.0269613 -0.181593
FixedParameters: 0 0 0

#Transform 21
Transform: AffineTransform_float_3_3
Parameters: 0.999998 0.000918549 -0.00134394 -0.000917451 0.999999 0.00115223 0.00134506 -0.00115177 0.999999 0.0528795 0.123035 -0.226299
FixedParameters: 0 0 0

#Transform 22
Transform: AffineTransform_float_3_3
Parameters: 0.999998 0.00101778 -0.00160261 -0.00101423 0.999996 0.00235463 0.00160439 -0.00235337 0.999996 0.0634145 -0.00575541 -0.182497
FixedParameters: 0 0 0

#Transform 23
Transform: AffineTransform_float_3_3
Parameters: 0.999999 0.00119597 -0.00143736 -0.00119403 0.999999 0.00137172 0.00143864 -0.00136928 0.999998 0.0605856 0.0864782 -0.216853
FixedParameters: 0 0 0

#Transform 24
Transform: AffineTransform_float_3_3
Parameters: 0.999998 0.00145383 -0.00180573 -0.00145117 0.999997 0.00156662 0.00180827 -0.00156338 0.999997 0.0692582 0.0336105 -0.215751
FixedParameters: 0 0 0

#Transform 25
Transform: AffineTransform_float_3_3
Parameters: 0.999996 0.00139313 -0.00215862 -0.00139087 0.999998 0.000990005 0.00215938 -0.000986995 0.999997 0.07733 0.0852373 -0.194316
FixedParameters: 0 0 0

#Transform 26
Transform: AffineTransform_float_3_3
Parameters: 0.999997 0.0012742 -0.00204764 -0.0012728 0.999998 0.00107361 0.00204937 -0.00107139 0.999998 0.078312 0.0415911 -0.185921
FixedParameters: 0 0 0

#Transform 27
Transform: AffineTransform_float_3_3
Parameters: 0.999997 0.00152723 -0.00198529 -0.00152477 0.999998 0.00112303 0.00198671 -0.00111997 0.999998 0.0783263 0.117578 -0.211541
FixedParameters: 0 0 0

#Transform 28
Transform: AffineTransform_float_3_3
Parameters: 0.999995 0.00160808 -0.00266794 -0.00160292 0.999997 0.00190628 0.00267106 -0.00190171 0.999994 0.0970863 0.0190404 -0.184525
FixedParameters: 0 0 0

#Transform 29
Transform: AffineTransform_float_3_3
Parameters: 0.999994 0.00160556 -0.00306149 -0.00159444 0.999993 0.0034489 0.00306751 -0.0034441 0.99999 0.129619 0.0204443 -0.262753
FixedParameters: 0 0 0

#Transform 30
Transform: AffineTransform_float_3_3
Parameters: 0.999996 0.00155735 -0.00232276 -0.00155165 0.999995 0.00273261 0.00232625 -0.00272939 0.999993 0.0945341 0.0305413 -0.187744
FixedParameters: 0 0 0

#Transform 31
Transform: AffineTransform_float_3_3
Parameters: 0.999996 0.0010942 -0.00258671 -0.00108379 0.999991 0.00394282 0.00259129 -0.00394018 0.999989 0.106722 -0.0670337 -0.162568
FixedParameters: 0 0 0

#Transform 32
Transform: AffineTransform_float_3_3
Parameters: 0.999994 0.00135501 -0.00298693 -0.00134599 0.999994 0.00301704 0.00299107 -0.00301296 0.999991 0.125612 -0.0392853 -0.168987
FixedParameters: 0 0 0

#Transform 33
Transform: AffineTransform_float_3_3
Parameters: 0.999996 0.00126276 -0.00276156 -0.00125324 0.999993 0.00353348 0.00276644 -0.00352952 0.99999 0.111813 0.00906204 -0.21648
FixedParameters: 0 0 0

#Transform 34
Transform: AffineTransform_float_3_3
Parameters: 0.999994 0.00175944 -0.00305143 -0.00174756 0.999992 0.00374836 0.00305857 -0.00374264 0.999989 0.131083 0.00427294 -0.246209
FixedParameters: 0 0 0

#Transform 35
Transform: AffineTransform_float_3_3
Parameters: 0.999994 0.00160483 -0.00314098 -0.00159317 0.999991 0.00376503 0.00314702 -0.00375997 0.999988 0.133311 -0.0608864 -0.205033
FixedParameters: 0 0 0

#Transform 36
Transform: AffineTransform_float_3_3
Parameters: 0.999994 0.00133189 -0.00299906 -0.0013231 0.999994 0.00296598 0.00300293 -0.00296202 0.999991 0.130076 0.0343855 -0.222981
FixedParameters: 0 0 0

#Transform 37
Transform: AffineTransform_float_3_3
Parameters: 0.999995 0.00174213 -0.00256921 -0.00173787 0.999997 0.00160847 0.0025718 -0.00160453 0.999996 0.101959 0.0478575 -0.232315
FixedParameters: 0 0 0

#Transform 38
Transform: AffineTransform_float_3_3
Parameters: 0.999996 0.00156115 -0.00214671 -0.00155784 0.999997 0.00147135 0.00214929 -0.00146765 0.999996 0.0717921 0.177124 -0.296116
FixedParameters: 0 0 0

#Transform 39
Transform: AffineTransform_float_3_3
Parameters: 0.999995 0.00191022 -0.00260364 -0.00190779 0.999998 0.00123697 0.00260536 -0.00123203 0.999996 0.101488 0.0905317 -0.259285
FixedParameters: 0 0 0

#Transform 40
Transform: AffineTransform_float_3_3
Parameters: 0.999995 0.00154863 -0.00252678 -0.00154437 0.999998 0.00143891 0.00252922 -0.00143509 0.999996 0.0954944 0.144914 -0.292205
FixedParameters: 0 0 0

#Transform 41
Transform: AffineTransform_float_3_3
Parameters: 0.999995 0.00143491 -0.00260985 -0.00143109 0.999998 0.00149974 0.00261114 -0.00149526 0.999995 0.106532 0.132308 -0.246763
FixedParameters: 0 0 0

#Transform 42
Transform: AffineTransform_float_3_3
Parameters: 0.999995 0.00155012 -0.0028322 -0.00154488 0.999997 0.00180939 0.0028348 -0.00180562 0.999995 0.118296 0.0716514 -0.273992
FixedParameters: 0 0 0

#Transform 43
Transform: AffineTransform_float_3_3
Parameters: 0.999994 0.00155326 -0.00301776 -0.00154474 0.999995 0.00273868 0.00302224 -0.00273432 0.999991 0.127025 0.0827648 -0.245836
FixedParameters: 0 0 0

#Transform 44
Transform: AffineTransform_float_3_3
Parameters: 0.999995 0.00155382 -0.00298543 -0.00154418 0.999995 0.00295563 0.00299057 -0.00295037 0.999991 0.118614 0.0587798 -0.258266
FixedParameters: 0 0 0

#Transform 45
Transform: AffineTransform_float_3_3
Parameters: 0.999995 0.00154875 -0.00269885 -0.00154425 0.999998 0.00139117 0.00270015 -0.00138683 0.999996 0.107209 0.117283 -0.249145
FixedParameters: 0 0 0

#Transform 46
Transform: AffineTransform_float_3_3
Parameters: 0.999995 0.00198809 -0.00249675 -0.00198391 0.999996 0.00163996 0.00250025 -0.00163504 0.999996 0.097819 0.0751615 -0.263543
FixedParameters: 0 0 0

#Transform 47
Transform: AffineTransform_float_3_3
Parameters: 0.999989 0.00411838 -0.00231781 -0.00412563 0.999988 -0.00286047 0.00230619 0.00286953 0.999993 -0.0378985 0.572555 -0.371018
FixedParameters: 0 0 0

#Transform 48
Transform: AffineTransform_float_3_3
Parameters: 0.999994 0.00322572 -0.000540681 -0.00322628 0.999994 -0.000520258 0.000539319 0.000521742 0.999999 -0.0558875 0.456722 -0.210129
FixedParameters: 0 0 0

#Transform 49
Transform: AffineTransform_float_3_3
Parameters: 0.999995 0.00244554 -0.00161818 -0.00244446 0.999997 0.000334957 0.00161881 -0.000331042 0.999998 0.0427733 0.269847 -0.178321
FixedParameters: 0 0 0

#Transform 50
Transform: AffineTransform_float_3_3
Parameters: 0.999996 0.00175047 -0.00212697 -0.00174753 0.999998 0.00116272 0.00212903 -0.00115928 0.999997 0.0586612 0.289708 -0.26878
FixedParameters: 0 0 0

#Transform 51
Transform: AffineTransform_float_3_3
Parameters: 0.999994 0.00204929 -0.00253654 -0.00204571 0.999997 0.0016922 0.00254046 -0.0016868 0.999996 0.0810936 0.152555 -0.232532
FixedParameters: 0 0 0

#Transform 52
Transform: AffineTransform_float_3_3
Parameters: 0.999995 0.00177655 -0.00257456 -0.00177345 0.999997 0.00137957 0.00257744 -0.00137443 0.999995 0.0799673 0.224562 -0.304739
FixedParameters: 0 0 0

#Transform 53
Transform: AffineTransform_float_3_3
Parameters: 0.999994 0.00195697 -0.00262204 -0.00195302 0.999997 0.00151813 0.00262496 -0.00151287 0.999996 0.102158 0.110254 -0.262507
FixedParameters: 0 0 0

#Transform 54
Transform: AffineTransform_float_3_3
Parameters: 0.999995 0.00178299 -0.00254391 -0.00178001 0.999997 0.00117853 0.0025461 -0.00117447 0.999996 0.0958022 0.217693 -0.309908
FixedParameters: 0 0 0

#Transform 55
Transform: AffineTransform_float_3_3
Parameters: 0.999993 0.00245412 -0.0028044 -0.00244988 0.999996 0.00147188 0.0028086 -0.00146512 0.999995 0.105227 0.11938 -0.282596
FixedParameters: 0 0 0

#Transform 56
Transform: AffineTransform_float_3_3
Parameters: 0.999993 0.00217063 -0.00284323 -0.00216736 0.999997 0.00128117 0.00284577 -0.00127483 0.999995 0.100166 0.214069 -0.334014
FixedParameters: 0 0 0

#Transform 57
Transform: AffineTransform_float_3_3
Parameters: 0.999995 0.00189575 -0.00259926 -0.00189124 0.999997 0.00144692 0.00260173 -0.00144107 0.999995 0.105384 0.172075 -0.318818
FixedParameters: 0 0 0

#Transform 58
Transform: AffineTransform_float_3_3
Parameters: 0.999994 0.00195437 -0.00307877 -0.00195363 0.999998 0.000124016 0.00307824 -0.000117985 0.999996 0.117323 0.292848 -0.351742
FixedParameters: 0 0 0

#Transform 59
Transform: AffineTransform_float_3_3
Parameters: 0.999995 0.00136712 -0.00306861 -0.00136388 0.999999 0.00101919 0.00306939 -0.00101481 0.999995 0.0975327 0.213766 -0.319962
FixedParameters: 0 0 0

#Transform 60
Transform: AffineTransform_float_3_3
Parameters: 0.999994 0.00189134 -0.00298052 -0.00188866 0.999998 0.000786634 0.00298248 -0.000781364 0.999995 0.0841652 0.264475 -0.366554
FixedParameters: 0 0 0

#Transform 61
Transform: AffineTransform_float_3_3
Parameters: 0.999993 0.00153104 -0.00337872 -0.00152596 0.999997 0.00149417 0.00338128 -0.00148883 0.999993 0.116267 0.168178 -0.304926
FixedParameters: 0 0 0

#Transform 62
Transform: AffineTransform_float_3_3
Parameters: 0.999993 0.00200167 -0.00314603 -0.00199633 0.999997 0.00148729 0.00314897 -0.00148171 0.999994 0.0822782 0.209197 -0.338287
FixedParameters: 0 0 0

#Transform 63
Transform: AffineTransform_float_3_3
Parameters: 0.999992 0.00172363 -0.00364529 -0.00171937 0.999998 0.000998276 0.00364771 -0.000991721 0.999993 0.101011 0.236713 -0.350707
FixedParameters: 0 0 0

#Transform 64
Transform: AffineTransform_float_3_3
Parameters: 0.999995 0.00141209 -0.00289249 -0.00140891 0.999999 0.00107008 0.00289351 -0.00106592 0.999995 0.0761774 0.222628 -0.331206
FixedParameters: 0 0 0

#Transform 65
Transform: AffineTransform_float_3_3
Parameters: 0.999993 0.00147285 -0.0032177 -0.00146915 0.999998 0.000888733 0.0032183 -0.000884265 0.999995 0.0919958 0.255518 -0.324944
FixedParameters: 0 0 0

#Transform 66
Transform: AffineTransform_float_3_3
Parameters: 0.999992 0.00162781 -0.00346781 -0.00162119 0.999997 0.00196664 0.00347019 -0.00196137 0.999992 0.117673 0.127024 -0.339989
FixedParameters: 0 0 0

#Transform 67
Transform: AffineTransform_float_3_3
Parameters: 0.99999 0.00201575 -0.00411871 -0.00200925 0.999996 0.00164229 0.0041223 -0.00163471 0.99999 0.141089 0.319074 -0.465695
FixedParameters: 0 0 0

#Transform 68
Transform: AffineTransform_float_3_3
Parameters: 0.999992 0.00172811 -0.00376529 -0.0017199 0.999996 0.00215449 0.00376871 -0.00214851 0.99999 0.126358 0.187339 -0.40087
FixedParameters: 0 0 0

#Transform 69
Transform: AffineTransform_float_3_3
Parameters: 0.999991 0.00238814 -0.0034721 -0.00238086 0.999995 0.00205928 0.0034769 -0.00205071 0.999992 0.0949383 0.231909 -0.461278
FixedParameters: 0 0 0

#Transform 70
Transform: AffineTransform_float_3_3
Parameters: 0.99999 0.00204865 -0.00399907 -0.00203835 0.999995 0.00241518 0.00400393 -0.00240682 0.999989 0.140301 0.220871 -0.468874
FixedParameters: 0 0 0

#Transform 71
Transform: AffineTransform_float_3_3
Parameters: 0.999992 0.00172514 -0.0034084 -0.00171986 0.999998 0.00150987 0.00341159 -0.00150413 0.999993 0.121579 0.22061 -0.401873
FixedParameters: 0 0 0

#Transform 72
Transform: AffineTransform_float_3_3
Parameters: 0.999991 0.00181801 -0.00365902 -0.00181198 0.999997 0.00164664 0.00366198 -0.00163936 0.999992 0.130365 0.241798 -0.393536
FixedParameters: 0 0 0

#Transform 73
Transform: AffineTransform_float_3_3
Parameters: 0.999992 0.00172813 -0.00355306 -0.00171987 0.999996 0.00229013 0.00355694 -0.00228387 0.999991 0.124353 0.176503 -0.404189
FixedParameters: 0 0 0

#Transform 74
Transform: AffineTransform_float_3_3
Parameters: 0.99999 0.00172836 -0.00414352 -0.00171964 0.999997 0.00202015 0.00414648 -0.00201286 0.99999 0.139057 0.272231 -0.450393
FixedParameters: 0 0 0

#Transform 75
Transform: AffineTransform_float_3_3
Parameters: 0.999991 0.00238007 -0.00367043 -0.00237293 0.999996 0.00192973 0.00367458 -0.00192127 0.999992 0.0966855 0.192664 -0.420728
FixedParameters: 0 0 0

#Transform 76
Transform: AffineTransform_float_3_3
Parameters: 0.999989 0.00259476 -0.00371598 -0.00258924 0.999996 0.00155364 0.00372001 -0.00154336 0.999992 0.101534 0.290292 -0.486704
FixedParameters: 0 0 0

#Transform 77
Transform: AffineTransform_float_3_3
Parameters: 0.999991 0.00187026 -0.00362976 -0.00186174 0.999995 0.00227678 0.00363424 -0.00227022 0.999991 0.117058 0.156836 -0.435969
FixedParameters: 0 0 0

#Transform 78
Transform: AffineTransform_float_3_3
Parameters: 0.999991 0.00211787 -0.00352348 -0.00211213 0.999997 0.00166846 0.00352652 -0.00166055 0.999993 0.107004 0.232785 -0.450868
FixedParameters: 0 0 0

#Transform 79
Transform: AffineTransform_float_3_3
Parameters: 0.999987 0.00226893 -0.00440379 -0.00224908 0.999987 0.00452496 0.00441321 -0.00451504 0.99998 0.220862 -0.0550666 -0.306572
FixedParameters: 0 0 0

#Transform 80
Transform: AffineTransform_float_3_3
Parameters: 0.999986 0.00212931 -0.00481638 -0.00211169 0.999992 0.00359722 0.00482362 -0.00358678 0.999982 0.21524 0.117305 -0.342306
FixedParameters: 0 0 0

#Transform 81
Transform: AffineTransform_float_3_3
Parameters: 0.999986 0.00213097 -0.00480563 -0.00211203 0.99999 0.0039492 0.00481437 -0.00393879 0.99998 0.231146 0.12795 -0.348756
FixedParameters: 0 0 0

#Transform 82
Transform: AffineTransform_float_3_3
Parameters: 0.999988 0.0016597 -0.00473245 -0.0016383 0.999988 0.00458481 0.00474056 -0.00457719 0.999979 0.210921 0.043228 -0.367291
FixedParameters: 0 0 0

#Transform 83
Transform: AffineTransform_float_3_3
Parameters: 0.999986 0.00223028 -0.00469324 -0.00221672 0.999993 0.00304545 0.00470076 -0.00303556 0.999985 0.218492 0.200298 -0.400289
FixedParameters: 0 0 0

#Transform 84
Transform: AffineTransform_float_3_3
Parameters: 0.999988 0.00164948 -0.004721 -0.00163851 0.999995 0.00243576 0.004725 -0.00242724 0.999986 0.218595 0.149315 -0.390133
FixedParameters: 0 0 0

#Transform 85
Transform: AffineTransform_float_3_3
Parameters: 0.999992 0.00191636 -0.00370861 -0.00190263 0.99999 0.00387309 0.00371639 -0.00386591 0.999985 0.173723 -0.00573723 -0.179546
FixedParameters: 0 0 0

#Transform 86
Transform: AffineTransform_float_3_3
Parameters: 0.999993 0.00153264 -0.00357589 -0.00152336 0.999995 0.00269647 0.00358012 -0.00269153 0.99999 0.151139 0.019257 -0.114035
FixedParameters: 0 0 0

#Transform 87
Transform: AffineTransform_float_3_3
Parameters: 0.999984 0.00243745 -0.00507781 -0.00241355 0.999987 0.00461833 0.00508919 -0.00460567 0.999977 0.229684 0.121872 -0.399897
FixedParameters: 0 0 0

#Transform 88
Transform: AffineTransform_float_3_3
Parameters: 0.999983 0.00268025 -0.0050598 -0.00265874 0.999987 0.00420252 0.0050712 -0.00418948 0.999979 0.225503 0.115138 -0.416165
FixedParameters: 0 0 0

#Transform 89
Transform: AffineTransform_float_3_3
Parameters: 0.99998 0.00282307 -0.00554382 -0.00280293 0.999989 0.00362561 0.00555318 -0.00361039 0.999978 0.210198 0.260308 -0.573406
FixedParameters: 0 0 0

#Transform 90
Transform: AffineTransform_float_3_3
Parameters: 0.999979 0.00291453 -0.00582126 -0.00289447 0.99999 0.00336092 0.00583074 -0.00334408 0.999978 0.231076 0.175512 -0.527677
FixedParameters: 0 0 0

#Transform 91
Transform: AffineTransform_float_3_3
Parameters: 0.999981 0.00274134 -0.00542277 -0.00272465 0.999991 0.00301883 0.00543123 -0.00300417 0.99998 0.196176 0.266274 -0.552562
FixedParameters: 0 0 0

#Transform 92
Transform: AffineTransform_float_3_3
Parameters: 0.99998 0.00264653 -0.00573849 -0.00262847 0.999992 0.00323415 0.00574651 -0.00321886 0.999979 0.211162 0.205894 -0.543198
FixedParameters: 0 0 0

#Transform 93
Transform: AffineTransform_float_3_3
Parameters: 0.999975 0.00291665 -0.00632506 -0.00289435 0.99999 0.00342939 0.00633493 -0.00341061 0.999974 0.22375 0.286379 -0.653901
FixedParameters: 0 0 0

#Transform 94
Transform: AffineTransform_float_3_3
Parameters: 0.99998 0.00250727 -0.00569111 -0.00248673 0.99999 0.00356622 0.00569989 -0.00355178 0.999978 0.21062 0.214133 -0.584381
FixedParameters: 0 0 0

#Transform 95
Transform: AffineTransform_float_3_3
Parameters: 0.999981 0.00250653 -0.00565138 -0.00248647 0.999991 0.00346012 0.00565962 -0.00344588 0.999978 0.208285 0.302947 -0.645061
FixedParameters: 0 0 0

#Transform 96
Transform: AffineTransform_float_3_3
Parameters: 0.999977 0.0025076 -0.00621773 -0.0024864 0.999992 0.00331854 0.00622626 -0.00330246 0.999975 0.231255 0.235631 -0.604989
FixedParameters: 0 0 0

#Transform 97
Transform: AffineTransform_float_3_3
Parameters: 0.999978 0.00280896 -0.00604037 -0.00278604 0.999989 0.00380591 0.00605062 -0.00378909 0.999974 0.21491 0.29402 -0.679096
FixedParameters: 0 0 0

#Transform 98
Transform: AffineTransform_float_3_3
Parameters: 0.999978 0.00286409 -0.00601801 -0.00284291 0.99999 0.00350918 0.00602799 -0.00349281 0.999975 0.216655 0.242661 -0.601757
FixedParameters: 0 0 0

#Transform 99
Transform: AffineTransform_float_3_3
Parameters: 0.999971 0.00339539 -0.00683647 -0.00336861 0.999987 0.00401415 0.00684954 -0.00399086 0.999969 0.2395 0.309874 -0.725466
FixedParameters: 0 0 0

#Transform 100
Transform: AffineTransform_float_3_3
Parameters: 0.999966 0.00332189 -0.00745095 -0.00329711 0.999989 0.00335068 0.00746204 -0.00332632 0.999966 0.242979 0.30172 -0.729199
FixedParameters: 0 0 0

#Transform 101
Transform: AffineTransform_float_3_3
Parameters: 0.999971 0.00375082 -0.00661837 -0.00373218 0.999989 0.00285378 0.00662963 -0.00282922 0.999974 0.21002 0.385854 -0.753988
FixedParameters: 0 0 0

#Transform 102
Transform: AffineTransform_float_3_3
Parameters: 0.999968 0.00388314 -0.00699852 -0.00386586 0.99999 0.00246114 0.00700749 -0.00243387 0.999973 0.22186 0.343718 -0.724842
FixedParameters: 0 0 0

#Transform 103
Transform: AffineTransform_float_3_3
Parameters: 0.999975 0.00380421 -0.00587139 -0.00379378 0.999992 0.00175032 0.0058776 -0.00172768 0.999981 0.185386 0.423815 -0.744222
FixedParameters: 0 0 0

#Transform 104
Transform: AffineTransform_float_3_3
Parameters: 0.999983 0.00285281 -0.0049761 -0.00284619 0.999995 0.00137519 0.00497989 -0.00136082 0.999986 0.162359 0.360568 -0.551014
FixedParameters: 0 0 0

#Transform 105
Transform: AffineTransform_float_3_3
Parameters: 0.999988 0.00275177 -0.00400594 -0.00274023 0.999992 0.00294001 0.00401406 -0.00292899 0.999987 0.150945 0.249647 -0.509711
FixedParameters: 0 0 0

#Transform 106
Transform: AffineTransform_float_3_3
Parameters: 0.999985 0.00275151 -0.0047655 -0.00273549 0.99999 0.00346809 0.0047755 -0.00345491 0.999982 0.174686 0.246495 -0.546707
FixedParameters: 0 0 0

#Transform 107
Transform: AffineTransform_float_3_3
Parameters: 0.999982 0.00316642 -0.0050963 -0.00315358 0.999992 0.00244312 0.00510369 -0.00242688 0.999984 0.174216 0.353946 -0.618619
FixedParameters: 0 0 0

#Transform 108
Transform: AffineTransform_float_3_3
Parameters: 0.999982 0.00316726 -0.00513184 -0.00315373 0.999991 0.00259123 0.00514016 -0.00257477 0.999984 0.157909 0.342361 -0.640502
FixedParameters: 0 0 0

#Transform 109
Transform: AffineTransform_float_3_3
Parameters: 0.99998 0.00316739 -0.00533607 -0.0031536 0.999992 0.00251687 0.00534392 -0.00250012 0.999982 0.169389 0.338626 -0.644771
FixedParameters: 0 0 0

#Transform 110
Transform: AffineTransform_float_3_3
Parameters: 0.999985 0.00306008 -0.00468478 -0.00304892 0.999993 0.00237032 0.00469222 -0.00235568 0.999986 0.154648 0.315473 -0.590106
FixedParameters: 0 0 0

#Transform 111
Transform: AffineTransform_float_3_3
Parameters: 0.999978 0.00331865 -0.00562545 -0.00328635 0.999979 0.00562661 0.00564355 -0.00560839 0.999969 0.222843 -0.118918 -0.0589824
FixedParameters: 0 0 0

#Transform 112
Transform: AffineTransform_float_3_3
Parameters: 0.999972 0.00337652 -0.00668774 -0.00332447 0.999963 0.00784945 0.00671426 -0.00782654 0.999947 0.277857 -0.190281 -0.144105
FixedParameters: 0 0 0

#Transform 113
Transform: AffineTransform_float_3_3
Parameters: 0.999971 0.00367681 -0.00668538 -0.00362818 0.999967 0.00729947 0.00671262 -0.00727453 0.999951 0.265221 0.04147 -0.389215
FixedParameters: 0 0 0

#Transform 114
Transform: AffineTransform_float_3_3
Parameters: 0.999973 0.00354085 -0.00653684 -0.00349416 0.999968 0.00716404 0.00656116 -0.00714097 0.999953 0.256246 -0.0423511 -0.351286
FixedParameters: 0 0 0

#Transform 115
Transform: AffineTransform_float_3_3
Parameters: 0.999968 0.00367617 -0.00712033 -0.00362783 0.99997 0.00676604 0.00714566 -0.00673994 0.999952 0.270925 0.0870112 -0.441045
FixedParameters: 0 0 0

#Transform 116
Transform: AffineTransform_float_3_3
Parameters: 0.99997 0.00367314 -0.00679579 -0.00362787 0.999972 0.00664285 0.00681921 -0.00661815 0.999955 0.259365 -0.0311126 -0.403051
FixedParameters: 0 0 0

#Transform 117
Transform: AffineTransform_float_3_3
Parameters: 0.999966 0.00367389 -0.00728303 -0.00362811 0.999973 0.00630363 0.00730596 -0.00627736 0.999953 0.2758 0.0855408 -0.448777
FixedParameters: 0 0 0

#Transform 118
Transform: AffineTransform_float_3_3
Parameters: 0.999967 0.0036733 -0.00715091 -0.0036277 0.999974 0.00633715 0.00717409 -0.00631086 0.999955 0.271297 -0.00761308 -0.413636
FixedParameters: 0 0 0

#Transform 119
Transform: AffineTransform_float_3_3
Parameters: 0.999966 0.00367243 -0.00735799 -0.00362758 0.999975 0.0060419 0.00738 -0.0060151 0.999954 0.269606 0.089688 -0.460422
FixedParameters: 0 0 0

#Transform 120
Transform: AffineTransform_float_3_3
Parameters: 0.999969 0.00359512 -0.00693885 -0.00355388 0.999976 0.00592884 0.00696015 -0.00590416 0.999959 0.268486 0.0525934 -0.38845
FixedParameters: 0 0 0

#Transform 121
Transform: AffineTransform_float_3_3
Parameters: 0.999969 0.00367648 -0.00696864 -0.00362752 0.999969 0.00695649 0.00699436 -0.0069315 0.999951 0.273719 0.0375774 -0.429229
FixedParameters: 0 0 0

#Transform 122
Transform: AffineTransform_float_3_3
Parameters: 0.999965 0.00399125 -0.00734854 -0.00394375 0.999971 0.0064332 0.00737347 -0.00640379 0.999953 0.288655 0.0752034 -0.449547
FixedParameters: 0 0 0

#Transform 123
Transform: AffineTransform_float_3_3
Parameters: 0.999967 0.00381054 -0.00709272 -0.00376546 0.999973 0.00642292 0.00711728 -0.00639609 0.999954 0.286261 0.0752414 -0.451918
FixedParameters: 0 0 0

#Transform 124
Transform: AffineTransform_float_3_3
Parameters: 0.999962 0.00414706 -0.00764359 -0.00409793 0.999971 0.00642357 0.00767042 -0.00639143 0.99995 0.286799 0.106023 -0.487731
FixedParameters: 0 0 0

#Transform 125
Transform: AffineTransform_float_3_3
Parameters: 0.999965 0.00410598 -0.00731226 -0.00405802 0.99997 0.0065649 0.00733873 -0.0065351 0.999951 0.280951 0.0404493 -0.438242
FixedParameters: 0 0 0

#Transform 126
Transform: AffineTransform_float_3_3
Parameters: 0.999961 0.00432039 -0.00761976 -0.0042716 0.99997 0.00635579 0.00764723 -0.0063232 0.999951 0.307287 0.162989 -0.484522
FixedParameters: 0 0 0

#Transform 127
Transform: AffineTransform_float_3_3
Parameters: 0.999967 0.00436963 -0.00693845 -0.00433138 0.999976 0.00542824 0.00696156 -0.00539876 0.999961 0.256463 0.163467 -0.458704
FixedParameters: 0 0 0

#Transform 128
Transform: AffineTransform_float_3_3
Parameters: 0.999962 0.00489248 -0.00729132 -0.00485653 0.999977 0.0048746 0.00731468 -0.0048394 0.999961 0.248761 0.24722 -0.478708
FixedParameters: 0 0 0

#Transform 129
Transform: AffineTransform_float_3_3
Parameters: 0.999958 0.00503828 -0.00773184 -0.00500172 0.999976 0.00483288 0.00775617 -0.00479413 0.999959 0.254802 0.248056 -0.505097
FixedParameters: 0 0 0

#Transform 130
Transform: AffineTransform_float_3_3
Parameters: 0.999957 0.0050383 -0.00777796 -0.0050017 0.999976 0.00480811 0.00780204 -0.0047689 0.999958 0.255335 0.220147 -0.507002
FixedParameters: 0 0 0

#Transform 131
Transform: AffineTransform_float_3_3
Parameters: 0.999957 0.00502983 -0.00777442 -0.00500117 0.99998 0.00372304 0.00779258 -0.00368396 0.999963 0.26179 0.315351 -0.506108
FixedParameters: 0 0 0

#Transform 132
Transform: AffineTransform_float_3_3
Parameters: 0.999959 0.00475053 -0.00769719 -0.00471548 0.999978 0.00462648 0.00771981 -0.00459051 0.999959 0.253997 0.135246 -0.478972
FixedParameters: 0 0 0

#Transform 133
Transform: AffineTransform_float_3_3
Parameters: 0.99996 0.00468051 -0.00769032 -0.0046485 0.99998 0.00423892 0.0077097 -0.00420309 0.999962 0.254095 0.272776 -0.556945
FixedParameters: 0 0 0

#Transform 134
Transform: AffineTransform_float_3_3
Parameters: 0.999958 0.00503773 -0.00765997 -0.00500126 0.999976 0.00480751 0.00768403 -0.00476849 0.999959 0.255928 0.179208 -0.489771
FixedParameters: 0 0 0

#Transform 135
Transform: AffineTransform_float_3_3
Parameters: 0.999962 0.00475338 -0.007216 -0.00472862 0.999983 0.00339225 0.007232 -0.00335775 0.999968 0.222767 0.283916 -0.512736
FixedParameters: 0 0 0

#Transform 136
Transform: AffineTransform_float_3_3
Parameters: 0.999967 0.00441958 -0.00682128 -0.00438942 0.999981 0.00449109 0.00684171 -0.00446091 0.999966 0.22905 0.176161 -0.466575
FixedParameters: 0 0 0

#Transform 137
Transform: AffineTransform_float_3_3
Parameters: 0.999975 0.0041785 -0.00581952 -0.0041475 0.999976 0.00541428 0.00584249 -0.00538973 0.999969 0.215336 0.0569853 -0.351374
FixedParameters: 0 0 0

#Transform 138
Transform: AffineTransform_float_3_3
Parameters: 0.999968 0.00446918 -0.00673943 -0.00443782 0.99998 0.00463406 0.00676058 -0.00460394 0.999967 0.226371 0.236508 -0.459373
FixedParameters: 0 0 0

#Transform 139
Transform: AffineTransform_float_3_3
Parameters: 0.999965 0.0045735 -0.00709697 -0.0045355 0.999975 0.00529137 0.00712002 -0.00525862 0.999961 0.250949 0.171432 -0.460245
FixedParameters: 0 0 0

#Transform 140
Transform: AffineTransform_float_3_3
Parameters: 0.999961 0.00466286 -0.00749604 -0.00462914 0.999979 0.00452788 0.00751695 -0.00449312 0.999961 0.264349 0.240207 -0.539446
FixedParameters: 0 0 0

#Transform 141
Transform: AffineTransform_float_3_3
Parameters: 0.999961 0.00513391 -0.00721623 -0.0051061 0.99998 0.00388 0.00723577 -0.00384301 0.999967 0.256385 0.237962 -0.5085
FixedParameters: 0 0 0

#Transform 142
Transform: AffineTransform_float_3_3
Parameters: 0.999966 0.00463169 -0.00680629 -0.00461031 0.999985 0.00319949 0.00682171 -0.00316751 0.999971 0.223956 0.287634 -0.532099
FixedParameters: 0 0 0

#Transform 143
Transform: AffineTransform_float_3_3
Parameters: 0.999961 0.00510987 -0.00720896 -0.00509013 0.999983 0.0027718 0.00722304 -0.0027352 0.99997 0.256144 0.316917 -0.519209
FixedParameters: 0 0 0

#Transform 144
Transform: AffineTransform_float_3_3
Parameters: 0.999957 0.00529708 -0.00768245 -0.00527292 0.999981 0.00315165 0.00769855 -0.00311035 0.999965 0.266757 0.337146 -0.535456
FixedParameters: 0 0 0

#Transform 145
Transform: AffineTransform_float_3_3
Parameters: 0.999956 0.00547478 -0.00752921 -0.00545322 0.999981 0.00291019 0.00754479 -0.00286882 0.999968 0.248424 0.365798 -0.605659
FixedParameters: 0 0 0

#Transform 146
Transform: AffineTransform_float_3_3
Parameters: 0.999956 0.00535523 -0.00778012 -0.00533478 0.999983 0.00261762 0.00779389 -0.00257638 0.999967 0.259139 0.317942 -0.555891
FixedParameters: 0 0 0

#Transform 147
Transform: AffineTransform_float_3_3
Parameters: 0.999959 0.00539317 -0.00736683 -0.00537084 0.999981 0.00302469 0.00738218 -0.00298531 0.999969 0.232565 0.35378 -0.615031
FixedParameters: 0 0 0

#Transform 148
Transform: AffineTransform_float_3_3
Parameters: 0.999959 0.00526746 -0.00744216 -0.00524554 0.999981 0.00303416 0.00745785 -0.00299484 0.999967 0.242984 0.304422 -0.589338
FixedParameters: 0 0 0

#Transform 149
Transform: AffineTransform_float_3_3
Parameters: 0.99996 0.00518781 -0.00736209 -0.0051582 0.999979 0.00406214 0.00738292 -0.00402386 0.999964 0.247405 0.307633 -0.59943
FixedParameters: 0 0 0

#Transform 150
Transform: AffineTransform_float_3_3
Parameters: 0.99995 0.0052482 -0.00858771 -0.0051948 0.999968 0.00620593 0.00862028 -0.00616007 0.999944 0.312409 0.199355 -0.579941
FixedParameters: 0 0 0

#Transform 151
Transform: AffineTransform_float_3_3
Parameters: 0.99995 0.00529609 -0.00845622 -0.00524491 0.999968 0.00605165 0.00848878 -0.00600734 0.999946 0.293276 0.162178 -0.59611
FixedParameters: 0 0 0

#Transform 152
Transform: AffineTransform_float_3_3
Parameters: 0.99995 0.00529507 -0.00846188 -0.00524493 0.999968 0.00592767 0.00849312 -0.00588332 0.999946 0.28147 0.237626 -0.607651
FixedParameters: 0 0 0

#Transform 153
Transform: AffineTransform_float_3_3
Parameters: 0.999953 0.00535723 -0.00816161 -0.00530577 0.999966 0.0062856 0.00819539 -0.00624139 0.999947 0.286019 0.149238 -0.568258
FixedParameters: 0 0 0

#Transform 154
Transform: AffineTransform_float_3_3
Parameters: 0.999949 0.00561363 -0.00842516 -0.00556136 0.999965 0.00625818 0.00845983 -0.00621083 0.999945 0.302228 0.246377 -0.629531
FixedParameters: 0 0 0

#Transform 155
Transform: AffineTransform_float_3_3
Parameters: 0.999952 0.00529325 -0.00822013 -0.00524475 0.999969 0.00588039 0.00825087 -0.0058366 0.999949 0.288057 0.153855 -0.57533
FixedParameters: 0 0 0

#Transform 156
Transform: AffineTransform_float_3_3
Parameters: 0.999949 0.0057529 -0.00838272 -0.00571011 0.999971 0.00513213 0.00841228 -0.00508387 0.999951 0.301789 0.274186 -0.614646
FixedParameters: 0 0 0

#Transform 157
Transform: AffineTransform_float_3_3
Parameters: 0.999948 0.00573269 -0.00851542 -0.0056903 0.999971 0.00502972 0.00854459 -0.00498028 0.999951 0.307285 0.23276 -0.587858
FixedParameters: 0 0 0

#Transform 158
Transform: AffineTransform_float_3_3
Parameters: 0.99995 0.00528225 -0.0084779 -0.00524475 0.999977 0.00441069 0.0085011 -0.00436532 0.999955 0.283659 0.297559 -0.629385
FixedParameters: 0 0 0

#Transform 159
Transform: AffineTransform_float_3_3
Parameters: 0.999953 0.00528633 -0.00815435 -0.00524567 0.999974 0.00508202 0.00818065 -0.00503899 0.999954 0.280538 0.182605 -0.537734
FixedParameters: 0 0 0

#Transform 160
Transform: AffineTransform_float_3_3
Parameters: 0.999952 0.00528553 -0.00833244 -0.00524548 0.999975 0.00487795 0.00835858 -0.00483406 0.999954 0.270399 0.262077 -0.622842
FixedParameters: 0 0 0

#Transform 161
Transform: AffineTransform_float_3_3
Parameters: 0.99995 0.0051649 -0.00856026 -0.0051221 0.999975 0.0050261 0.00858574 -0.0049819 0.99995 0.278883 0.208796 -0.591544
FixedParameters: 0 0 0

#Transform 162
Transform: AffineTransform_float_3_3
Parameters: 0.99994 0.00570324 -0.00943241 -0.00564876 0.999968 0.00576763 0.00946458 -0.00571337 0.999939 0.317731 0.213389 -0.609018
FixedParameters: 0 0 0

#Transform 163
Transform: AffineTransform_float_3_3
Parameters: 0.999949 0.00575267 -0.00831474 -0.00571632 0.999974 0.00442775 0.00834025 -0.00437924 0.999955 0.266902 0.243386 -0.528995
FixedParameters: 0 0 0

#Transform 164
Transform: AffineTransform_float_3_3
Parameters: 0.999968 0.00472701 -0.00634771 -0.00470098 0.99998 0.00410697 0.00636629 -0.00407703 0.999972 0.213241 0.0274266 -0.223081
FixedParameters: 0 0 0

#Transform 165
Transform: AffineTransform_float_3_3
Parameters: 0.99997 0.00412615 -0.00652341 -0.00409485 0.99998 0.00478086 0.0065436 -0.00475414 0.999968 0.227395 0.188878 -0.318413
FixedParameters: 0 0 0

#Transform 166
Transform: AffineTransform_float_3_3
Parameters: 0.999968 0.00421444 -0.00690006 -0.00416956 0.99997 0.00644198 0.00692695 -0.00641302 0.999956 0.246248 0.0789388 -0.391988
FixedParameters: 0 0 0

#Transform 167
Transform: AffineTransform_float_3_3
Parameters: 0.999967 0.00432611 -0.00696095 -0.00427889 0.999968 0.00676801 0.00699006 -0.00673799 0.999953 0.238561 0.0932523 -0.427727
FixedParameters: 0 0 0

#Transform 168
Transform: AffineTransform_float_3_3
Parameters: 0.999965 0.00442184 -0.00707571 -0.00437316 0.999966 0.00690318 0.00710629 -0.00687181 0.999951 0.246549 0.029885 -0.37944
FixedParameters: 0 0 0

#Transform 169
Transform: AffineTransform_float_3_3
Parameters: 0.999968 0.00411406 -0.00687624 -0.00406894 0.99997 0.00655419 0.00690376 -0.00652581 0.999955 0.244049 0.0634352 -0.405426
FixedParameters: 0 0 0

#Transform 170
Transform: AffineTransform_float_3_3
Parameters: 0.999967 0.00424795 -0.00702119 -0.00421006 0.999977 0.00540974 0.00704382 -0.00538026 0.99996 0.252105 0.0931282 -0.36122
FixedParameters: 0 0 0

#Transform 171
Transform: AffineTransform_float_3_3
Parameters: 0.999963 0.00471257 -0.00720977 -0.00466543 0.999968 0.00646288 0.00723922 -0.00642913 0.999953 0.256415 0.110482 -0.440502
FixedParameters: 0 0 0

#Transform 172
Transform: AffineTransform_float_3_3
Parameters: 0.999962 0.00460709 -0.00732736 -0.00455791 0.999967 0.00670165 0.00735863 -0.00666835 0.99995 0.256722 0.0366067 -0.425713
FixedParameters: 0 0 0

#Transform 173
Transform: AffineTransform_float_3_3
Parameters: 0.999964 0.00460802 -0.00709878 -0.00455799 0.999965 0.00704561 0.00713022 -0.00701339 0.99995 0.240292 0.115004 -0.462084
FixedParameters: 0 0 0

#Transform 174
Transform: AffineTransform_float_3_3
Parameters: 0.999963 0.00477385 -0.00715898 -0.00472715 0.999968 0.00654709 0.00719002 -0.00651292 0.999953 0.248351 0.12313 -0.436748
FixedParameters: 0 0 0

#Transform 175
Transform: AffineTransform_float_3_3
Parameters: 0.999965 0.00460801 -0.0070586 -0.00455799 0.999964 0.00708542 0.0070904 -0.00705257 0.99995 0.249602 0.105648 -0.451826
FixedParameters: 0 0 0

#Transform 176
Transform: AffineTransform_float_3_3
Parameters: 0.999959 0.00497049 -0.00765116 -0.00491852 0.999965 0.00686292 0.00768585 -0.00682509 0.999947 0.278003 0.125926 -0.491029
FixedParameters: 0 0 0

#Transform 177
Transform: AffineTransform_float_3_3
Parameters: 0.999956 0.00477269 -0.00810128 -0.00471529 0.999963 0.00712651 0.00813571 -0.00708748 0.999942 0.292965 0.0886406 -0.518696
FixedParameters: 0 0 0

#Transform 178
Transform: AffineTransform_float_3_3
Parameters: 0.999953 0.0051575 -0.00821542 -0.0051015 0.999964 0.00676223 0.00824958 -0.00671977 0.999944 0.278462 0.151004 -0.524013
FixedParameters: 0 0 0

#Transform 179
Transform: AffineTransform_float_3_3
Parameters: 0.999952 0.00514573 -0.00830908 -0.00508426 0.999959 0.0074346 0.00834692 -0.0073914 0.999938 0.280434 0.0976002 -0.535903
FixedParameters: 0 0 0

#Transform 180
Transform: AffineTransform_float_3_3
Parameters: 0.999954 0.00532915 -0.00795634 -0.00527385 0.999962 0.00693728 0.00799267 -0.00689472 0.999945 0.268052 0.152327 -0.521521
FixedParameters: 0 0 0

#Transform 181
Transform: AffineTransform_float_3_3
Parameters: 0.999948 0.00577185 -0.0084729 -0.00571715 0.999962 0.00648378 0.00851011 -0.00643522 0.999943 0.299287 0.164765 -0.527089
FixedParameters: 0 0 0

#Transform 182
Transform: AffineTransform_float_3_3
Parameters: 0.999949 0.00563368 -0.00846123 -0.00557533 0.999961 0.00694254 0.00849978 -0.00689447 0.99994 0.300021 0.128743 -0.511952
FixedParameters: 0 0 0

#Transform 183
Transform: AffineTransform_float_3_3
Parameters: 0.999942 0.00541179 -0.00924279 -0.00534621 0.999961 0.00712782 0.00928121 -0.00707818 0.999932 0.310861 0.142351 -0.554719
FixedParameters: 0 0 0

#Transform 184
Transform: AffineTransform_float_3_3
Parameters: 0.999951 0.00535586 -0.00831401 -0.00529813 0.999961 0.00696639 0.00835099 -0.00692161 0.999941 0.285724 0.147552 -0.539052
FixedParameters: 0 0 0

#Transform 185
Transform: AffineTransform_float_3_3
Parameters: 0.999945 0.00561203 -0.00887696 -0.00555298 0.999963 0.00665967 0.00891404 -0.00661034 0.999939 0.310236 0.158757 -0.532101
FixedParameters: 0 0 0

#Transform 186
Transform: AffineTransform_float_3_3
Parameters: 0.999942 0.00590427 -0.00893437 -0.00584974 0.999965 0.00608761 0.00896962 -0.00603539 0.999941 0.309219 0.221527 -0.537886
FixedParameters: 0 0 0

#Transform 187
Transform: AffineTransform_float_3_3
Parameters: 0.999945 0.00554416 -0.00883515 -0.00548484 0.999963 0.00670583 0.00887185 -0.00665718 0.999939 0.291256 0.128777 -0.541189
FixedParameters: 0 0 0

#Transform 188
Transform: AffineTransform_float_3_3
Parameters: 0.999946 0.00568436 -0.0087188 -0.00563064 0.999964 0.00624643 0.00875421 -0.00619757 0.999943 0.291834 0.201081 -0.530851
FixedParameters: 0 0 0

#Transform 189
Transform: AffineTransform_float_3_3
