# transform file /out/sourcedata/freesurfer/sub-v1s23x0050572_ses-1/mri/transforms/cc_up.lta
# created by oesteban on Mon Mar  9 20:53:18 2026

type      = 0 # LINEAR_VOX_TO_VOX
nxforms   = 1
mean      = 127.0000 135.0000 123.0000
sigma     = 10000.0000
1 4 4
9.986993074417114e-01 5.010381340980530e-02 9.440067224204540e-03 -5.136562347412109e+00 
-5.010157078504562e-02 9.987439513206482e-01 -4.735781694762409e-04 1.958457946777344e+01 
-9.451938793063164e-03 0.000000000000000e+00 9.999552369117737e-01 1.620992469787598e+01 
0.000000000000000e+00 0.000000000000000e+00 0.000000000000000e+00 1.000000000000000e+00 
src volume info
valid = 1  # volume info valid
filename = /out/sourcedata/freesurfer/sub-v1s23x0050572_ses-1/mri/norm.mgz
volume = 256 256 256
voxelsize = 1.000000000000000e+00 1.000000000000000e+00 1.000000000000000e+00
xras   = -1.000000000000000e+00 0.000000000000000e+00 0.000000000000000e+00
yras   = 0.000000000000000e+00 0.000000000000000e+00 -1.000000000000000e+00
zras   = 0.000000000000000e+00 1.000000000000000e+00 0.000000000000000e+00
cras   = 2.651832580566406e+01 -5.014244079589844e+01 1.748271179199219e+01
dst volume info
valid = 1  # volume info valid
filename = /out/sourcedata/freesurfer/sub-v1s23x0050572_ses-1/mri/norm.mgz
volume = 256 256 256
voxelsize = 1.000000000000000e+00 1.000000000000000e+00 1.000000000000000e+00
xras   = -1.000000000000000e+00 0.000000000000000e+00 0.000000000000000e+00
yras   = 0.000000000000000e+00 0.000000000000000e+00 -1.000000000000000e+00
zras   = 0.000000000000000e+00 1.000000000000000e+00 0.000000000000000e+00
cras   = 2.651832580566406e+01 -5.014244079589844e+01 1.748271179199219e+01
